B00, 100
B00, Trade, 84865.327, 109, B00, S12, 1
B00, Trade, 84889.731, 106, S04, B00, 1
B00, Trade, 84906.212, 112, S05, B00, 1
B00, Trade, 84934.962, 99, B00, S02, 1
B00, Trade, 84936.962, 108, P00, B00, 1
B00, Trade, 84950.846, 107, B00, S04, 1
B00, Trade, 84955.942, 106, B00, S18, 1
B00, Trade, 84970.404, 105, S05, B00, 1
B00, Trade, 84977.019, 109, S12, B00, 1
B00, Trade, 84987.115, 105, B00, S10, 1
B00, Trade, 84998.827, 109, B00, S09, 1
B00, Trade, 85006.731, 108, B00, S12, 1
B00, Trade, 85026.365, 107, S22, B00, 1
B00, Trade, 85038.019, 112, B00, S20, 1
B00, Trade, 85046.404, 113, B00, S23, 1
B00, Trade, 85057.096, 102, B00, S20, 1
B00, Trade, 85073.019, 113, S13, B00, 1
B00, Trade, 85099.712, 111, S08, B00, 1
B00, Trade, 85120.519, 110, B00, S15, 1
B00, Trade, 85127.423, 108, S11, B00, 1
B00, Trade, 85136.231, 106, B00, S07, 1
B00, Trade, 85154.269, 109, S18, B00, 1
B00, Trade, 85186.096, 104, B00, S20, 1
B00, Trade, 85188.769, 109, S11, B00, 1
B00, Trade, 85197.558, 106, B00, S07, 1
B00, Trade, 85212.558, 106, S18, B00, 1
B00, Trade, 85220.327, 108, B00, S00, 1
B00, Trade, 85239.192, 108, B00, S18, 1
B00, Trade, 85250.462, 103, S16, B00, 1
B00, Trade, 85271.788, 108, S13, B00, 1
B00, Trade, 85291.558, 101, B00, S10, 1
B00, Trade, 85313.712, 107, S08, B00, 1
B00, Trade, 85321.481, 108, S20, B00, 1
B00, Trade, 85334.885, 97, B00, S23, 1
B00, Trade, 85354.577, 109, B00, S00, 1
B00, Trade, 85372.327, 104, B00, S20, 1
B00, Trade, 85379.385, 102, B00, S15, 1
B00, Trade, 85384.712, 110, B00, S10, 1
B00, Trade, 85408.481, 113, S18, B00, 1
B00, Trade, 85447.231, 104, S07, B00, 1
B00, Trade, 85453.250, 103, S05, B00, 1
B00, Trade, 85469.769, 104, B00, S07, 1
B00, Trade, 85492.731, 103, B00, S15, 1
B00, Trade, 85512.058, 109, S02, B00, 1
B00, Trade, 85514.635, 102, S12, B00, 1
B00, Trade, 85541.731, 103, S16, B00, 1
B00, Trade, 85542.712, 102, S24, B00, 1
B00, Trade, 85561.808, 107, B00, S19, 1
B00, Trade, 85573.154, 100, B00, S06, 1
B00, Trade, 85582.692, 105, S21, B00, 1
B00, Trade, 85595.692, 105, B00, S20, 1
B00, Trade, 85618.404, 103, B00, S02, 1
B00, Trade, 85625.923, 93, B00, S05, 1
B00, Trade, 85640.904, 101, S23, B00, 1
B00, Trade, 85663.115, 96, B00, S00, 1
B00, Trade, 85669.981, 107, S15, B00, 1
B00, Trade, 85691.500, 107, S00, B00, 1
B00, Trade, 85706.115, 106, S01, B00, 1
B00, Trade, 85734.135, 98, B00, S03, 1
B00, Trade, 85739.058, 103, S10, B00, 1
B00, Trade, 85755.269, 100, S02, B00, 1
B00, Trade, 85781.096, 101, B00, S17, 1
B00, Trade, 85797.135, 99, B00, S16, 1
B00, Trade, 85809.096, 105, P00, B00, 1
B00, Trade, 85834.365, 106, S14, B00, 1
B00, Trade, 85842.192, 108, B00, S15, 1
B00, Trade, 85853.750, 106, B00, S16, 1
B00, Trade, 85856.942, 106, P00, B00, 1
B00, Trade, 85880.096, 111, S02, B00, 1
B00, Trade, 85891.269, 110, S02, B00, 1
B00, Trade, 85909.769, 108, B00, S08, 1
B00, Trade, 85937.173, 111, S03, B00, 1
B00, Trade, 85947.962, 109, S19, B00, 1
B00, Trade, 85961.712, 102, B00, S09, 1
B00, Trade, 85965.635, 107, S06, B00, 1
B00, Trade, 85985.212, 101, B00, S06, 1
B00, Trade, 85998.827, 103, S00, B00, 1
B00, Trade, 86022.365, 103, B00, S08, 1
B00, Trade, 86039.808, 104, B00, S06, 1
B00, Trade, 86062.423, 101, B00, S22, 1
B00, Trade, 86067.250, 102, B00, S10, 1
B00, Trade, 86075.365, 113, S03, B00, 1
B00, Trade, 86090.692, 108, B00, S04, 1
B00, Trade, 86106.692, 108, P00, B00, 1
B00, Trade, 86130.019, 110, S09, B00, 1
B00, Trade, 86162.019, 109, S18, B00, 1
B00, Trade, 86177.615, 103, B00, S05, 1
B00, Trade, 86178.808, 101, B00, S20, 1
B00, Trade, 86192.154, 109, S07, B00, 1
B00, Trade, 86205.077, 103, B00, S04, 1
B00, Trade, 86205.519, 116, S13, B00, 1
B00, Trade, 86247.212, 106, P00, B00, 1
B00, Trade, 86259.635, 100, B00, S18, 1
B00, Trade, 86272.212, 110, S01, B00, 1
B00, Trade, 86282.635, 109, P00, B00, 1
B00, Trade, 86304.923, 111, B00, S05, 1
B00, Trade, 86329.385, 104, B00, S19, 1
B00, Trade, 86333.788, 109, S10, B00, 1
B00, Trade, 86344.750, 105, B00, S19, 1
B00, Trade, 86384.154, 112, S07, B00, 1
B01, 100
B01, Trade, 85229.635, 103, B01, S02, 1
B01, Trade, 85233.500, 105, P00, B01, 1
B01, Trade, 85247.365, 103, B01, S10, 1
B01, Trade, 85259.231, 106, S12, B01, 1
B01, Trade, 85269.115, 106, S09, B01, 1
B01, Trade, 85280.981, 108, S12, B01, 1
B01, Trade, 85292.038, 105, S14, B01, 1
B01, Trade, 85305.923, 111, B01, S04, 1
B01, Trade, 85323.365, 109, S01, B01, 1
B01, Trade, 85353.769, 102, B01, S20, 1
B01, Trade, 85363.058, 106, B01, S12, 1
B01, Trade, 85367.615, 104, B01, S02, 1
B01, Trade, 85385.327, 109, S24, B01, 1
B01, Trade, 85407.942, 112, B01, S11, 1
B01, Trade, 85414.865, 106, S09, B01, 1
B01, Trade, 85433.808, 109, S11, B01, 1
B01, Trade, 85441.231, 109, S20, B01, 1
B01, Trade, 85444.250, 108, S13, B01, 1
B01, Trade, 85457.077, 107, S15, B01, 1
B01, Trade, 85465.481, 112, S06, B01, 1
B01, Trade, 85476.654, 105, S15, B01, 1
B01, Trade, 85485.942, 107, P00, B01, 1
B01, Trade, 85500.942, 108, S02, B01, 1
B01, Trade, 85526.962, 106, S20, B01, 1
B01, Trade, 85539.808, 102, S08, B01, 1
B01, Trade, 85553.038, 101, S08, B01, 1
B01, Trade, 85554.596, 104, S14, B01, 1
B01, Trade, 85568.000, 107, S02, B01, 1
B01, Trade, 85575.596, 106, S11, B01, 1
B01, Trade, 85591.654, 99, S01, B01, 1
B01, Trade, 85598.000, 104, B01, S16, 1
B01, Trade, 85619.000, 107, S10, B01, 1
B01, Trade, 85631.558, 98, S08, B01, 1
B01, Trade, 85654.038, 98, S00, B01, 1
B01, Trade, 85670.500, 104, B01, S08, 1
B01, Trade, 85678.673, 100, B01, S00, 1
B01, Trade, 85706.596, 107, S02, B01, 1
B01, Trade, 85715.173, 102, S22, B01, 1
B01, Trade, 85731.692, 101, S14, B01, 1
B01, Trade, 85754.346, 102, P00, B01, 1
B01, Trade, 85756.942, 105, S16, B01, 1
B01, Trade, 85771.788, 105, S11, B01, 1
B01, Trade, 85784.135, 99, B01, S22, 1
B01, Trade, 85793.231, 105, B01, S20, 1
B01, Trade, 85799.365, 103, S06, B01, 1
B01, Trade, 85811.577, 103, S24, B01, 1
B01, Trade, 85814.904, 108, S05, B01, 1
B01, Trade, 85824.769, 105, S24, B01, 1
B01, Trade, 85836.538, 106, S03, B01, 1
B01, Trade, 85853.269, 110, S02, B01, 1
B01, Trade, 85870.038, 99, P00, B01, 1
B01, Trade, 85875.904, 107, S24, B01, 1
B01, Trade, 85893.096, 107, B01, S18, 1
B01, Trade, 85901.846, 108, S20, B01, 1
B01, Trade, 85906.077, 112, S22, B01, 1
B01, Trade, 85918.981, 109, S01, B01, 1
B01, Trade, 85923.615, 116, S24, B01, 1
B01, Trade, 85948.596, 106, B01, S22, 1
B01, Trade, 85953.231, 105, B01, S18, 1
B01, Trade, 85958.692, 102, S08, B01, 1
B01, Trade, 85975.462, 108, S08, B01, 1
B01, Trade, 85991.500, 99, S09, B01, 1
B01, Trade, 86003.462, 107, S13, B01, 1
B01, Trade, 86014.942, 108, S01, B01, 1
B01, Trade, 86027.115, 106, S19, B01, 1
B01, Trade, 86036.673, 107, B01, S15, 1
B01, Trade, 86062.115, 105, S07, B01, 1
B01, Trade, 86068.923, 110, S06, B01, 1
B01, Trade, 86076.904, 106, B01, S02, 1
B01, Trade, 86094.962, 115, S12, B01, 1
B01, Trade, 86106.808, 100, B01, S16, 1
B01, Trade, 86111.538, 112, S24, B01, 1
B01, Trade, 86118.288, 109, P00, B01, 1
B01, Trade, 86135.500, 97, B01, S07, 1
B01, Trade, 86144.327, 110, S15, B01, 1
B01, Trade, 86148.308, 107, S11, B01, 1
B01, Trade, 86156.615, 111, S16, B01, 1
B01, Trade, 86171.327, 104, B01, S02, 1
B01, Trade, 86180.231, 114, S19, B01, 1
B01, Trade, 86185.096, 111, S24, B01, 1
B01, Trade, 86195.596, 107, S08, B01, 1
B01, Trade, 86204.558, 109, S24, B01, 1
B01, Trade, 86223.865, 104, B01, S13, 1
B01, Trade, 86232.615, 109, S20, B01, 1
B01, Trade, 86238.962, 107, S08, B01, 1
B01, Trade, 86246.212, 106, S06, B01, 1
B01, Trade, 86254.904, 113, S07, B01, 1
B01, Trade, 86269.558, 106, S05, B01, 1
B01, Trade, 86281.462, 103, B01, S03, 1
B01, Trade, 86293.769, 110, S13, B01, 1
B01, Trade, 86304.212, 111, B01, S07, 1
B01, Trade, 86310.462, 107, S01, B01, 1
B01, Trade, 86322.712, 105, B01, S09, 1
B01, Trade, 86332.923, 104, B01, S02, 1
B01, Trade, 86341.231, 106, B01, S20, 1
B01, Trade, 86348.096, 108, S02, B01, 1
B01, Trade, 86365.327, 109, S13, B01, 1
B01, Trade, 86373.019, 109, S09, B01, 1
B01, Trade, 86384.615, 110, B01, S20, 1
B01, Trade, 86392.385, 115, S08, B01, 1
B02, 100
B02, Trade, 85009.250, 106, B02, S10, 1
B02, Trade, 85015.212, 112, S19, B02, 1
B02, Trade, 85034.827, 110, B02, S03, 1
B02, Trade, 85042.327, 110, B02, S01, 1
B02, Trade, 85053.308, 102, B02, S08, 1
B02, Trade, 85081.365, 111, S09, B02, 1
B02, Trade, 85104.000, 105, B02, S14, 1
B02, Trade, 85124.096, 108, B02, S03, 1
B02, Trade, 85137.231, 108, S24, B02, 1
B02, Trade, 85155.192, 108, B02, S17, 1
B02, Trade, 85160.192, 114, B02, S10, 1
B02, Trade, 85170.827, 103, B02, S19, 1
B02, Trade, 85179.846, 104, B02, S02, 1
B02, Trade, 85187.673, 107, B02, S10, 1
B02, Trade, 85197.077, 106, B02, S13, 1
B02, Trade, 85219.654, 108, B02, S20, 1
B02, Trade, 85236.346, 108, S15, B02, 1
B02, Trade, 85245.154, 104, B02, S19, 1
B02, Trade, 85253.846, 101, B02, S03, 1
B02, Trade, 85274.115, 111, B02, S02, 1
B02, Trade, 85290.442, 101, B02, S12, 1
B02, Trade, 85291.385, 103, S22, B02, 1
B02, Trade, 85307.635, 109, B02, S00, 1
B02, Trade, 85317.346, 107, B02, S15, 1
B02, Trade, 85325.673, 100, B02, S10, 1
B02, Trade, 85350.731, 105, S01, B02, 1
B02, Trade, 85357.827, 111, B02, S07, 1
B02, Trade, 85381.269, 103, S02, B02, 1
B02, Trade, 85395.865, 104, S19, B02, 1
B02, Trade, 85406.500, 113, S10, B02, 1
B02, Trade, 85417.231, 107, S24, B02, 1
B02, Trade, 85429.808, 106, S20, B02, 1
B02, Trade, 85448.808, 101, B02, S02, 1
B02, Trade, 85461.846, 109, S02, B02, 1
B02, Trade, 85468.731, 103, S24, B02, 1
B02, Trade, 85505.423, 97, B02, S01, 1
B02, Trade, 85521.385, 102, S11, B02, 1
B02, Trade, 85540.519, 102, S05, B02, 1
B02, Trade, 85550.462, 103, S05, B02, 1
B02, Trade, 85561.173, 102, B02, S24, 1
B02, Trade, 85567.077, 108, S18, B02, 1
B02, Trade, 85580.212, 100, B02, S16, 1
B02, Trade, 85591.692, 94, B02, S10, 1
B02, Trade, 85607.096, 97, B02, S15, 1
B02, Trade, 85621.577, 108, S10, B02, 1
B02, Trade, 85626.231, 95, P00, B02, 1
B02, Trade, 85655.615, 98, B02, S14, 1
B02, Trade, 85667.846, 107, S16, B02, 1
B02, Trade, 85684.000, 99, B02, S13, 1
B02, Trade, 85690.635, 102, B02, S17, 1
B02, Trade, 85715.192, 104, S09, B02, 1
B02, Trade, 85735.904, 97, B02, S06, 1
B02, Trade, 85747.885, 107, S03, B02, 1
B02, Trade, 85763.865, 107, B02, S14, 1
B02, Trade, 85771.673, 104, S18, B02, 1
B02, Trade, 85783.846, 99, B02, S14, 1
B02, Trade, 85794.712, 106, P00, B02, 1
B02, Trade, 85814.635, 104, B02, S12, 1
B02, Trade, 85818.904, 99, S18, B02, 1
B02, Trade, 85838.788, 106, B02, S17, 1
B02, Trade, 85884.827, 106, B02, S21, 1
B02, Trade, 85903.154, 112, S03, B02, 1
B02, Trade, 85913.692, 100, B02, S13, 1
B02, Trade, 85926.788, 108, B02, S14, 1
B02, Trade, 85932.019, 108, B02, S06, 1
B02, Trade, 85941.135, 109, B02, S17, 1
B02, Trade, 85952.500, 109, S20, B02, 1
B02, Trade, 85964.058, 103, B02, S17, 1
B02, Trade, 85969.462, 109, B02, S16, 1
B02, Trade, 85979.154, 104, S20, B02, 1
B02, Trade, 85990.442, 95, B02, S16, 1
B02, Trade, 86010.769, 104, S11, B02, 1
B02, Trade, 86023.000, 102, B02, S16, 1
B02, Trade, 86043.000, 105, B02, S00, 1
B02, Trade, 86053.519, 107, S04, B02, 1
B02, Trade, 86065.192, 100, B02, S20, 1
B02, Trade, 86065.635, 104, S24, B02, 1
B02, Trade, 86084.058, 107, B02, S11, 1
B02, Trade, 86090.577, 110, B02, S09, 1
B02, Trade, 86099.212, 117, S07, B02, 1
B02, Trade, 86107.846, 98, B02, S04, 1
B02, Trade, 86122.577, 103, B02, S13, 1
B02, Trade, 86133.596, 107, S13, B02, 1
B02, Trade, 86150.865, 112, S24, B02, 1
B02, Trade, 86161.519, 107, B02, S20, 1
B02, Trade, 86173.365, 105, B02, S15, 1
B02, Trade, 86180.885, 110, B02, S09, 1
B02, Trade, 86199.577, 105, B02, S20, 1
B02, Trade, 86202.096, 108, B02, S24, 1
B02, Trade, 86211.442, 103, B02, S11, 1
B02, Trade, 86233.654, 102, B02, S19, 1
B02, Trade, 86243.788, 107, S13, B02, 1
B02, Trade, 86250.731, 108, B02, S15, 1
B02, Trade, 86257.808, 108, B02, S11, 1
B02, Trade, 86293.077, 103, S21, B02, 1
B02, Trade, 86306.558, 111, P00, B02, 1
B02, Trade, 86340.769, 106, B02, S04, 1
B02, Trade, 86347.558, 104, S11, B02, 1
B02, Trade, 86361.731, 107, S00, B02, 1
B02, Trade, 86366.885, 110, B02, S15, 1
B03, 100
B03, Trade, 85077.288, 112, B03, S00, 1
B03, Trade, 85087.654, 106, B03, S00, 1
B03, Trade, 85094.981, 115, S17, B03, 1
B03, Trade, 85128.423, 101, B03, S04, 1
B03, Trade, 85134.173, 108, B03, S05, 1
B03, Trade, 85144.865, 106, P00, B03, 1
B03, Trade, 85167.231, 101, B03, S05, 1
B03, Trade, 85179.019, 105, S12, B03, 1
B03, Trade, 85188.865, 107, B03, S04, 1
B03, Trade, 85192.808, 110, B03, S10, 1
B03, Trade, 85207.519, 99, B03, S20, 1
B03, Trade, 85224.712, 102, B03, S04, 1
B03, Trade, 85229.192, 104, B03, S05, 1
B03, Trade, 85238.038, 109, B03, S17, 1
B03, Trade, 85247.019, 103, B03, S01, 1
B03, Trade, 85265.577, 100, B03, S20, 1
B03, Trade, 85278.654, 111, S01, B03, 1
B03, Trade, 85298.673, 101, B03, S20, 1
B03, Trade, 85305.077, 113, S14, B03, 1
B03, Trade, 85321.154, 106, B03, S16, 1
B03, Trade, 85339.250, 96, B03, S01, 1
B03, Trade, 85347.481, 108, S08, B03, 1
B03, Trade, 85364.154, 106, S05, B03, 1
B03, Trade, 85405.346, 107, B03, S00, 1
B03, Trade, 85409.308, 113, S03, B03, 1
B03, Trade, 85426.519, 95, B03, S06, 1
B03, Trade, 85430.173, 107, P00, B03, 1
B03, Trade, 85445.000, 106, B03, S05, 1
B03, Trade, 85457.615, 100, B03, S00, 1
B03, Trade, 85467.385, 105, S11, B03, 1
B03, Trade, 85474.250, 104, P00, B03, 1
B03, Trade, 85488.077, 102, B03, S03, 1
B03, Trade, 85503.519, 100, B03, S05, 1
B03, Trade, 85508.250, 108, S18, B03, 1
B03, Trade, 85530.231, 99, B03, S20, 1
B03, Trade, 85534.442, 100, B03, S05, 1
B03, Trade, 85538.673, 105, B03, S04, 1
B03, Trade, 85548.115, 103, S13, B03, 1
B03, Trade, 85562.500, 109, S00, B03, 1
B03, Trade, 85567.308, 105, B03, S20, 1
B03, Trade, 85589.635, 99, S16, B03, 1
B03, Trade, 85612.500, 106, S06, B03, 1
B03, Trade, 85638.365, 101, S22, B03, 1
B03, Trade, 85653.192, 97, S09, B03, 1
B03, Trade, 85669.827, 105, B03, S17, 1
B03, Trade, 85686.096, 99, B03, S10, 1
B03, Trade, 85689.808, 105, S09, B03, 1
B03, Trade, 85707.385, 96, B03, S03, 1
B03, Trade, 85713.885, 100, S04, B03, 1
B03, Trade, 85736.346, 102, S20, B03, 1
B03, Trade, 85757.500, 97, B03, S06, 1
B03, Trade, 85768.288, 105, B03, S15, 1
B03, Trade, 85778.885, 108, S04, B03, 1
B03, Trade, 85806.250, 105, S14, B03, 1
B03, Trade, 85812.942, 105, B03, S14, 1
B03, Trade, 85819.481, 104, S07, B03, 1
B03, Trade, 85829.615, 107, B03, S17, 1
B03, Trade, 85848.654, 111, S06, B03, 1
B03, Trade, 85853.962, 112, S07, B03, 1
B03, Trade, 85868.250, 102, S04, B03, 1
B03, Trade, 85885.058, 105, B03, S04, 1
B03, Trade, 85891.923, 103, B03, S14, 1
B03, Trade, 85901.058, 98, B03, S10, 1
B03, Trade, 85905.519, 111, S18, B03, 1
B03, Trade, 85918.346, 100, B03, S19, 1
B03, Trade, 85936.269, 109, S11, B03, 1
B03, Trade, 85956.462, 107, B03, S20, 1
B03, Trade, 85981.538, 105, S16, B03, 1
B03, Trade, 85989.808, 96, B03, S14, 1
B03, Trade, 86007.250, 102, B03, S02, 1
B03, Trade, 86010.923, 109, S06, B03, 1
B03, Trade, 86014.750, 111, S16, B03, 1
B03, Trade, 86033.981, 104, B03, S09, 1
B03, Trade, 86050.481, 106, S06, B03, 1
B03, Trade, 86066.846, 105, B03, S07, 1
B03, Trade, 86091.231, 110, S16, B03, 1
B03, Trade, 86100.558, 111, B03, S17, 1
B03, Trade, 86117.115, 109, S05, B03, 1
B03, Trade, 86133.385, 106, B03, S04, 1
B03, Trade, 86138.038, 98, B03, S16, 1
B03, Trade, 86152.673, 111, B03, S22, 1
B03, Trade, 86156.981, 108, B03, S04, 1
B03, Trade, 86193.712, 107, S16, B03, 1
B03, Trade, 86201.288, 108, B03, S03, 1
B03, Trade, 86215.558, 99, S10, B03, 1
B03, Trade, 86228.442, 107, S06, B03, 1
B03, Trade, 86244.904, 102, B03, S02, 1
B03, Trade, 86250.865, 113, S08, B03, 1
B03, Trade, 86265.192, 99, B03, S15, 1
B03, Trade, 86272.288, 111, S13, B03, 1
B03, Trade, 86280.942, 105, B03, S09, 1
B03, Trade, 86289.942, 107, S08, B03, 1
B03, Trade, 86300.231, 106, B03, S00, 1
B03, Trade, 86330.731, 106, S24, B03, 1
B03, Trade, 86337.481, 107, B03, S02, 1
B03, Trade, 86354.731, 108, B03, S06, 1
B03, Trade, 86363.346, 108, S06, B03, 1
B03, Trade, 86368.442, 108, B03, S19, 1
B03, Trade, 86387.558, 111, B03, S00, 1
B03, Trade, 86397.288, 109, B03, S22, 1
B04, 100
B04, Trade, 85230.269, 102, B04, S17, 1
B04, Trade, 85235.981, 106, B04, S14, 1
B04, Trade, 85253.615, 103, S22, B04, 1
B04, Trade, 85267.462, 101, B04, S00, 1
B04, Trade, 85285.865, 102, B04, S01, 1
B04, Trade, 85294.827, 102, B04, S05, 1
B04, Trade, 85298.365, 100, B04, S01, 1
B04, Trade, 85312.058, 103, B04, S11, 1
B04, Trade, 85330.808, 99, B04, S07, 1
B04, Trade, 85337.519, 96, B04, S10, 1
B04, Trade, 85352.942, 104, B04, S05, 1
B04, Trade, 85354.462, 110, B04, S10, 1
B04, Trade, 85376.327, 98, B04, S18, 1
B04, Trade, 85382.288, 101, B04, S22, 1
B04, Trade, 85389.615, 108, B04, S07, 1
B04, Trade, 85399.865, 109, B04, S19, 1
B04, Trade, 85410.173, 103, B04, S17, 1
B04, Trade, 85424.135, 102, B04, S24, 1
B04, Trade, 85434.000, 109, B04, S24, 1
B04, Trade, 85436.981, 111, B04, S15, 1
B04, Trade, 85449.192, 101, B04, S13, 1
B04, Trade, 85454.250, 104, P00, B04, 1
B04, Trade, 85468.308, 103, B04, S08, 1
B04, Trade, 85485.481, 99, B04, S02, 1
B04, Trade, 85514.962, 100, B04, S18, 1
B04, Trade, 85520.712, 101, B04, S04, 1
B04, Trade, 85525.904, 103, B04, S06, 1
B04, Trade, 85535.596, 102, B04, S02, 1
B04, Trade, 85547.250, 98, B04, S17, 1
B04, Trade, 85554.712, 101, B04, S02, 1
B04, Trade, 85565.250, 110, S07, B04, 1
B04, Trade, 85576.096, 99, B04, S00, 1
B04, Trade, 85588.788, 99, B04, S07, 1
B04, Trade, 85600.923, 93, B04, S24, 1
B04, Trade, 85608.423, 99, B04, S01, 1
B04, Trade, 85616.692, 105, B04, S20, 1
B04, Trade, 85627.192, 91, B04, S18, 1
B04, Trade, 85646.000, 97, B04, S18, 1
B04, Trade, 85658.750, 100, S01, B04, 1
B04, Trade, 85675.462, 107, B04, S03, 1
B04, Trade, 85683.788, 100, B04, S19, 1
B04, Trade, 85697.269, 103, B04, S17, 1
B04, Trade, 85709.462, 101, S12, B04, 1
B04, Trade, 85722.231, 99, B04, S17, 1
B04, Trade, 85753.538, 99, B04, S24, 1
B04, Trade, 85764.327, 106, B04, S16, 1
B04, Trade, 85769.808, 102, B04, S01, 1
B04, Trade, 85790.827, 110, S11, B04, 1
B04, Trade, 85803.365, 104, B04, S06, 1
B04, Trade, 85805.692, 103, B04, S22, 1
B04, Trade, 85826.615, 105, B04, S10, 1
B04, Trade, 85837.288, 106, B04, S13, 1
B04, Trade, 85847.192, 108, B04, S09, 1
B04, Trade, 85859.077, 107, S10, B04, 1
B04, Trade, 85863.269, 111, S14, B04, 1
B04, Trade, 85883.558, 107, B04, S19, 1
B04, Trade, 85890.942, 104, B04, S07, 1
B04, Trade, 85898.173, 100, B04, S17, 1
B04, Trade, 85934.596, 110, B04, S10, 1
B04, Trade, 85954.192, 107, B04, S22, 1
B04, Trade, 85960.942, 102, B04, S15, 1
B04, Trade, 85974.173, 104, B04, S10, 1
B04, Trade, 85982.308, 104, B04, S04, 1
B04, Trade, 85989.481, 97, S07, B04, 1
B04, Trade, 86011.596, 102, B04, S15, 1
B04, Trade, 86017.115, 102, B04, S13, 1
B04, Trade, 86044.365, 102, B04, S01, 1
B04, Trade, 86052.712, 105, B04, S14, 1
B04, Trade, 86054.250, 103, B04, S01, 1
B04, Trade, 86074.135, 109, B04, S00, 1
B04, Trade, 86089.346, 111, B04, S10, 1
B04, Trade, 86099.096, 108, B04, S22, 1
B04, Trade, 86108.462, 99, B04, S10, 1
B04, Trade, 86115.808, 106, B04, S03, 1
B04, Trade, 86132.750, 107, B04, S15, 1
B04, Trade, 86141.692, 112, B04, S17, 1
B04, Trade, 86154.538, 110, S09, B04, 1
B04, Trade, 86155.923, 110, S13, B04, 1
B04, Trade, 86167.731, 107, B04, S17, 1
B04, Trade, 86181.942, 113, S12, B04, 1
B04, Trade, 86191.385, 103, B04, S04, 1
B04, Trade, 86199.192, 106, B04, S10, 1
B04, Trade, 86212.827, 102, B04, S00, 1
B04, Trade, 86219.788, 98, P00, B04, 1
B04, Trade, 86228.115, 104, B04, S14, 1
B04, Trade, 86240.077, 107, B04, P00, 1
B04, Trade, 86249.365, 108, S19, B04, 1
B04, Trade, 86260.019, 102, S10, B04, 1
B04, Trade, 86272.115, 107, S11, B04, 1
B04, Trade, 86278.288, 105, S12, B04, 1
B04, Trade, 86291.269, 106, B04, S03, 1
B04, Trade, 86297.231, 102, S17, B04, 1
B04, Trade, 86313.808, 105, S03, B04, 1
B04, Trade, 86316.423, 106, B04, S05, 1
B04, Trade, 86337.365, 109, B04, S22, 1
B04, Trade, 86346.173, 103, B04, S13, 1
B04, Trade, 86360.481, 107, B04, S11, 1
B04, Trade, 86373.558, 104, B04, S10, 1
B04, Trade, 86377.788, 113, B04, S10, 1
B04, Trade, 86387.750, 105, B04, S15, 1
B05, 100
B05, Trade, 85276.154, 109, B05, S00, 1
B05, Trade, 85283.577, 103, B05, S20, 1
B05, Trade, 85296.327, 101, B05, S17, 1
B05, Trade, 85308.519, 107, B05, S10, 1
B05, Trade, 85326.942, 100, B05, S05, 1
B05, Trade, 85334.135, 99, B05, S16, 1
B05, Trade, 85346.942, 105, S07, B05, 1
B05, Trade, 85362.423, 107, S08, B05, 1
B05, Trade, 85367.308, 104, B05, S11, 1
B05, Trade, 85386.981, 108, B05, S01, 1
B05, Trade, 85396.327, 102, B05, S20, 1
B05, Trade, 85417.577, 106, B05, S09, 1
B05, Trade, 85433.058, 107, B05, S22, 1
B05, Trade, 85436.788, 112, S03, B05, 1
B05, Trade, 85448.288, 102, B05, S17, 1
B05, Trade, 85461.250, 98, B05, S17, 1
B05, Trade, 85471.827, 100, B05, S02, 1
B05, Trade, 85479.269, 98, B05, S06, 1
B05, Trade, 85502.173, 103, B05, S11, 1
B05, Trade, 85506.442, 98, B05, S06, 1
B05, Trade, 85514.423, 101, B05, S24, 1
B05, Trade, 85532.519, 101, S18, B05, 1
B05, Trade, 85546.038, 98, B05, S01, 1
B05, Trade, 85570.981, 105, S22, B05, 1
B05, Trade, 85579.808, 103, B05, S03, 1
B05, Trade, 85593.712, 94, B05, S14, 1
B05, Trade, 85595.981, 105, B05, S03, 1
B05, Trade, 85612.519, 98, B05, S07, 1
B05, Trade, 85615.250, 103, B05, S22, 1
B05, Trade, 85631.423, 95, B05, S09, 1
B05, Trade, 85638.154, 97, B05, S01, 1
B05, Trade, 85647.865, 97, B05, S20, 1
B05, Trade, 85658.135, 100, S09, B05, 1
B05, Trade, 85677.865, 107, S08, B05, 1
B05, Trade, 85690.904, 103, S20, B05, 1
B05, Trade, 85702.750, 99, B05, S19, 1
B05, Trade, 85710.923, 101, B05, S00, 1
B05, Trade, 85717.192, 100, B05, S15, 1
B05, Trade, 85732.000, 100, B05, S16, 1
B05, Trade, 85745.000, 103, S05, B05, 1
B05, Trade, 85750.788, 102, B05, S14, 1
B05, Trade, 85755.981, 98, S18, B05, 1
B05, Trade, 85773.423, 101, B05, S06, 1
B05, Trade, 85783.423, 100, B05, S16, 1
B05, Trade, 85792.115, 108, B05, S17, 1
B05, Trade, 85801.308, 102, B05, S24, 1
B05, Trade, 85816.308, 104, S08, B05, 1
B05, Trade, 85832.058, 106, B05, S18, 1
B05, Trade, 85833.462, 107, B05, S00, 1
B05, Trade, 85850.058, 109, B05, S01, 1
B05, Trade, 85866.712, 104, B05, S17, 1
B05, Trade, 85872.135, 99, S19, B05, 1
B05, Trade, 85878.038, 107, B05, S06, 1
B05, Trade, 85887.385, 109, B05, S15, 1
B05, Trade, 85902.462, 112, S13, B05, 1
B05, Trade, 85907.058, 110, S11, B05, 1
B05, Trade, 85915.327, 102, B05, S06, 1
B05, Trade, 85928.577, 109, B05, S23, 1
B05, Trade, 85943.635, 107, B05, S15, 1
B05, Trade, 85952.538, 107, B05, S04, 1
B05, Trade, 85960.577, 103, S12, B05, 1
B05, Trade, 85963.538, 103, B05, S03, 1
B05, Trade, 85984.038, 103, B05, S17, 1
B05, Trade, 85987.577, 96, B05, S04, 1
B05, Trade, 86002.904, 105, S16, B05, 1
B05, Trade, 86007.019, 103, S08, B05, 1
B05, Trade, 86021.038, 104, B05, S07, 1
B05, Trade, 86032.712, 105, B05, S02, 1
B05, Trade, 86035.635, 108, S10, B05, 1
B05, Trade, 86044.904, 104, B05, S19, 1
B05, Trade, 86058.673, 103, B05, S17, 1
B05, Trade, 86073.077, 111, B05, S14, 1
B05, Trade, 86083.538, 107, B05, S06, 1
B05, Trade, 86087.615, 109, S03, B05, 1
B05, Trade, 86102.942, 102, B05, S16, 1
B05, Trade, 86109.019, 101, B05, S00, 1
B05, Trade, 86119.654, 110, B05, S18, 1
B05, Trade, 86131.000, 107, B05, S05, 1
B05, Trade, 86137.423, 99, B05, S02, 1
B05, Trade, 86151.769, 109, B05, S18, 1
B05, Trade, 86155.596, 111, S24, B05, 1
B05, Trade, 86171.365, 101, B05, S04, 1
B05, Trade, 86176.673, 104, B05, S11, 1
B05, Trade, 86201.135, 109, B05, S17, 1
B05, Trade, 86206.885, 103, B05, S19, 1
B05, Trade, 86230.731, 104, B05, S24, 1
B05, Trade, 86238.538, 107, S18, B05, 1
B05, Trade, 86247.904, 101, B05, S13, 1
B05, Trade, 86271.904, 107, B05, S08, 1
B05, Trade, 86277.154, 106, S16, B05, 1
B05, Trade, 86285.308, 109, S24, B05, 1
B05, Trade, 86294.173, 106, B05, S01, 1
B05, Trade, 86316.442, 104, B05, S15, 1
B05, Trade, 86322.308, 106, B05, S17, 1
B05, Trade, 86325.519, 108, S11, B05, 1
B05, Trade, 86346.404, 102, B05, S18, 1
B05, Trade, 86349.404, 97, B05, S15, 1
B05, Trade, 86365.731, 108, B05, S22, 1
B05, Trade, 86378.981, 106, B05, S17, 1
B05, Trade, 86394.673, 110, B05, S17, 1
B06, 100
B06, Trade, 85199.500, 100, B06, S09, 1
B06, Trade, 85212.423, 106, B06, S19, 1
B06, Trade, 85220.635, 105, B06, S10, 1
B06, Trade, 85233.846, 102, B06, S16, 1
B06, Trade, 85246.769, 104, B06, S02, 1
B06, Trade, 85260.538, 106, B06, P00, 1
B06, Trade, 85267.442, 104, S10, B06, 1
B06, Trade, 85279.346, 104, B06, S16, 1
B06, Trade, 85285.077, 104, P00, B06, 1
B06, Trade, 85299.596, 101, B06, S10, 1
B06, Trade, 85315.385, 107, B06, S12, 1
B06, Trade, 85323.654, 105, B06, S06, 1
B06, Trade, 85342.558, 97, B06, S03, 1
B06, Trade, 85347.712, 105, B06, S22, 1
B06, Trade, 85360.269, 110, B06, S01, 1
B06, Trade, 85366.269, 105, B06, S17, 1
B06, Trade, 85376.135, 99, B06, S17, 1
B06, Trade, 85399.308, 109, B06, S09, 1
B06, Trade, 85413.327, 104, B06, S24, 1
B06, Trade, 85429.904, 103, B06, S04, 1
B06, Trade, 85437.442, 110, B06, S14, 1
B06, Trade, 85446.288, 105, S12, B06, 1
B06, Trade, 85457.019, 102, B06, S01, 1
B06, Trade, 85470.519, 105, S22, B06, 1
B06, Trade, 85481.327, 99, B06, S09, 1
B06, Trade, 85489.577, 104, B06, S11, 1
B06, Trade, 85493.269, 105, S09, B06, 1
B06, Trade, 85503.615, 99, B06, S15, 1
B06, Trade, 85519.346, 104, B06, S01, 1
B06, Trade, 85526.731, 104, S12, B06, 1
B06, Trade, 85549.712, 101, B06, S16, 1
B06, Trade, 85564.000, 102, B06, S00, 1
B06, Trade, 85583.019, 99, B06, S18, 1
B06, Trade, 85589.673, 98, B06, S05, 1
B06, Trade, 85595.596, 107, B06, S18, 1
B06, Trade, 85613.827, 101, B06, S14, 1
B06, Trade, 85632.308, 95, B06, S03, 1
B06, Trade, 85649.019, 97, S08, B06, 1
B06, Trade, 85656.365, 100, B06, S07, 1
B06, Trade, 85666.596, 106, B06, S10, 1
B06, Trade, 85677.981, 106, B06, S18, 1
B06, Trade, 85685.173, 99, B06, S15, 1
B06, Trade, 85699.096, 102, B06, S14, 1
B06, Trade, 85721.135, 99, B06, S05, 1
B06, Trade, 85726.269, 102, B06, S01, 1
B06, Trade, 85748.808, 101, B06, S09, 1
B06, Trade, 85760.577, 105, B06, S15, 1
B06, Trade, 85776.346, 105, S22, B06, 1
B06, Trade, 85786.904, 103, B06, S15, 1
B06, Trade, 85794.365, 101, B06, S09, 1
B06, Trade, 85808.135, 103, B06, S04, 1
B06, Trade, 85822.519, 101, B06, S00, 1
B06, Trade, 85829.462, 107, B06, S12, 1
B06, Trade, 85840.904, 107, B06, S04, 1
B06, Trade, 85855.981, 106, B06, S12, 1
B06, Trade, 85859.538, 105, B06, S18, 1
B06, Trade, 85865.788, 106, B06, S22, 1
B06, Trade, 85880.481, 109, B06, S17, 1
B06, Trade, 85896.154, 102, B06, S15, 1
B06, Trade, 85905.692, 109, B06, S07, 1
B06, Trade, 85913.019, 99, B06, S20, 1
B06, Trade, 85918.000, 105, B06, S05, 1
B06, Trade, 85926.827, 108, B06, S17, 1
B06, Trade, 85942.596, 108, S05, B06, 1
B06, Trade, 85952.385, 108, S10, B06, 1
B06, Trade, 85966.635, 103, B06, S02, 1
B06, Trade, 85985.712, 96, B06, S15, 1
B06, Trade, 85993.923, 99, B06, S10, 1
B06, Trade, 86002.308, 101, B06, S04, 1
B06, Trade, 86010.327, 104, S07, B06, 1
B06, Trade, 86020.731, 105, S04, B06, 1
B06, Trade, 86032.327, 105, B06, S03, 1
B06, Trade, 86051.269, 104, B06, S18, 1
B06, Trade, 86060.923, 104, B06, S06, 1
B06, Trade, 86071.731, 111, B06, S15, 1
B06, Trade, 86090.462, 110, S11, B06, 1
B06, Trade, 86099.692, 113, B06, S05, 1
B06, Trade, 86110.808, 108, S03, B06, 1
B06, Trade, 86125.788, 111, B06, S03, 1
B06, Trade, 86132.423, 107, B06, S07, 1
B06, Trade, 86142.558, 109, B06, S05, 1
B06, Trade, 86159.923, 108, B06, S01, 1
B06, Trade, 86167.577, 108, S24, B06, 1
B06, Trade, 86196.769, 103, B06, S19, 1
B06, Trade, 86201.923, 108, B06, S11, 1
B06, Trade, 86207.500, 103, B06, S15, 1
B06, Trade, 86216.212, 99, B06, S13, 1
B06, Trade, 86232.096, 105, P00, B06, 1
B06, Trade, 86244.827, 104, B06, S10, 1
B06, Trade, 86254.231, 111, B06, S17, 1
B06, Trade, 86263.442, 102, B06, S03, 1
B06, Trade, 86266.558, 104, B06, S00, 1
B06, Trade, 86277.346, 106, S09, B06, 1
B06, Trade, 86290.750, 107, S12, B06, 1
B06, Trade, 86305.923, 110, B06, S10, 1
B06, Trade, 86325.750, 108, B06, S07, 1
B06, Trade, 86336.788, 110, S12, B06, 1
B06, Trade, 86353.250, 102, B06, S16, 1
B06, Trade, 86355.827, 104, S07, B06, 1
B06, Trade, 86377.231, 114, B06, S14, 1
B07, 100
B07, Trade, 84053.212, 109, S09, B07, 1
B07, Trade, 84080.769, 109, P00, B07, 1
B07, Trade, 84096.635, 107, S06, B07, 1
B07, Trade, 84111.077, 110, S09, B07, 1
B07, Trade, 84168.308, 107, S05, B07, 1
B07, Trade, 84184.923, 109, S06, B07, 1
B07, Trade, 84218.481, 108, S05, B07, 1
B07, Trade, 84268.038, 105, B07, S19, 1
B07, Trade, 84282.596, 114, S03, B07, 1
B07, Trade, 84298.923, 111, S22, B07, 1
B07, Trade, 84309.173, 106, S00, B07, 1
B07, Trade, 84313.865, 99, B07, S17, 1
B07, Trade, 84324.346, 108, S24, B07, 1
B07, Trade, 84339.942, 109, S02, B07, 1
B07, Trade, 84345.904, 106, S16, B07, 1
B07, Trade, 84365.577, 106, S16, B07, 1
B07, Trade, 84372.404, 110, S09, B07, 1
B07, Trade, 84435.058, 115, S24, B07, 1
B07, Trade, 84440.212, 107, B07, S04, 1
B07, Trade, 84450.519, 107, S03, B07, 1
B07, Trade, 84455.962, 101, S05, B07, 1
B07, Trade, 84466.212, 111, S20, B07, 1
B07, Trade, 84515.500, 102, S19, B07, 1
B07, Trade, 84529.423, 100, S15, B07, 1
B07, Trade, 84569.827, 109, S24, B07, 1
B07, Trade, 84578.096, 103, S09, B07, 1
B07, Trade, 84655.423, 110, S24, B07, 1
B07, Trade, 84686.000, 105, S08, B07, 1
B07, Trade, 84694.788, 113, S13, B07, 1
B07, Trade, 84745.154, 112, B07, S06, 1
B07, Trade, 84790.519, 103, S06, B07, 1
B07, Trade, 84823.462, 112, B07, S01, 1
B07, Trade, 84827.673, 107, S20, B07, 1
B07, Trade, 84862.231, 111, S01, B07, 1
B07, Trade, 84871.962, 108, S19, B07, 1
B07, Trade, 84879.096, 104, B07, S15, 1
B07, Trade, 84892.750, 99, B07, S20, 1
B07, Trade, 84900.058, 106, P00, B07, 1
B07, Trade, 84930.808, 107, B07, S03, 1
B07, Trade, 84933.288, 109, S05, B07, 1
B07, Trade, 84946.519, 114, S00, B07, 1
B07, Trade, 84965.327, 110, S11, B07, 1
B07, Trade, 85053.904, 104, S06, B07, 1
B07, Trade, 85063.154, 108, S19, B07, 1
B07, Trade, 85069.962, 106, P00, B07, 1
B07, Trade, 85084.423, 111, S12, B07, 1
B07, Trade, 85096.615, 113, S02, B07, 1
B07, Trade, 85111.000, 111, S08, B07, 1
B07, Trade, 85127.712, 104, B07, S21, 1
B07, Trade, 85204.077, 103, S11, B07, 1
B07, Trade, 85228.538, 106, S11, B07, 1
B07, Trade, 85251.250, 103, S08, B07, 1
B07, Trade, 85259.135, 105, B07, S22, 1
B07, Trade, 85293.077, 103, S24, B07, 1
B07, Trade, 85304.712, 112, S22, B07, 1
B07, Trade, 85337.654, 100, P00, B07, 1
B07, Trade, 85345.750, 104, S15, B07, 1
B07, Trade, 85385.846, 110, B07, S14, 1
B07, Trade, 85413.827, 105, S12, B07, 1
B07, Trade, 85424.481, 103, S07, B07, 1
B07, Trade, 85459.865, 106, P00, B07, 1
B07, Trade, 85481.808, 106, S12, B07, 1
B07, Trade, 85492.058, 105, S13, B07, 1
B07, Trade, 85496.481, 108, P00, B07, 1
B07, Trade, 85534.750, 101, S14, B07, 1
B07, Trade, 85553.365, 103, P00, B07, 1
B07, Trade, 85565.769, 109, B07, S04, 1
B07, Trade, 85587.442, 107, S08, B07, 1
B07, Trade, 85601.019, 94, S06, B07, 1
B07, Trade, 85620.769, 104, S14, B07, 1
B07, Trade, 85629.750, 104, S11, B07, 1
B07, Trade, 85663.654, 107, S22, B07, 1
B07, Trade, 85677.269, 107, S20, B07, 1
B07, Trade, 85719.192, 105, S20, B07, 1
B07, Trade, 85729.519, 106, S07, B07, 1
B07, Trade, 85762.385, 108, S20, B07, 1
B07, Trade, 85770.212, 106, S09, B07, 1
B07, Trade, 85778.788, 107, S05, B07, 1
B07, Trade, 85785.038, 102, B07, S00, 1
B07, Trade, 85820.173, 103, B07, S05, 1
B07, Trade, 85832.346, 107, P00, B07, 1
B07, Trade, 85849.885, 111, P00, B07, 1
B07, Trade, 85867.654, 108, S13, B07, 1
B07, Trade, 85901.404, 104, S24, B07, 1
B07, Trade, 85914.942, 108, S12, B07, 1
B07, Trade, 85972.288, 108, S05, B07, 1
B07, Trade, 86005.885, 108, S22, B07, 1
B07, Trade, 86023.942, 102, P00, B07, 1
B07, Trade, 86052.154, 106, P00, B07, 1
B07, Trade, 86088.808, 111, S15, B07, 1
B07, Trade, 86107.981, 107, S14, B07, 1
B07, Trade, 86132.154, 108, S08, B07, 1
B07, Trade, 86145.865, 110, P00, B07, 1
B07, Trade, 86164.327, 102, B07, S22, 1
B07, Trade, 86213.365, 106, S06, B07, 1
B07, Trade, 86231.596, 105, S22, B07, 1
B07, Trade, 86319.846, 110, S11, B07, 1
B07, Trade, 86330.923, 104, B07, S17, 1
B07, Trade, 86347.423, 99, B07, S10, 1
B07, Trade, 86378.442, 109, B07, S13, 1
B08, 100
B08, Trade, 85232.115, 103, B08, S22, 1
B08, Trade, 85244.462, 101, B08, S04, 1
B08, Trade, 85288.135, 103, S19, B08, 1
B08, Trade, 85312.231, 105, S24, B08, 1
B08, Trade, 85318.442, 105, B08, S03, 1
B08, Trade, 85334.981, 99, S05, B08, 1
B08, Trade, 85340.077, 103, S17, B08, 1
B08, Trade, 85350.077, 106, S17, B08, 1
B08, Trade, 85353.942, 105, S13, B08, 1
B08, Trade, 85378.308, 109, S15, B08, 1
B08, Trade, 85383.846, 101, S04, B08, 1
B08, Trade, 85392.577, 107, B08, S15, 1
B08, Trade, 85403.942, 111, S01, B08, 1
B08, Trade, 85420.269, 109, S02, B08, 1
B08, Trade, 85431.385, 111, S05, B08, 1
B08, Trade, 85434.288, 110, S06, B08, 1
B08, Trade, 85458.442, 102, B08, S14, 1
B08, Trade, 85476.077, 98, B08, S13, 1
B08, Trade, 85480.808, 103, S15, B08, 1
B08, Trade, 85485.077, 105, B08, S12, 1
B08, Trade, 85493.519, 108, S18, B08, 1
B08, Trade, 85507.058, 105, B08, S15, 1
B08, Trade, 85521.231, 102, S03, B08, 1
B08, Trade, 85531.346, 104, S04, B08, 1
B08, Trade, 85540.058, 105, S13, B08, 1
B08, Trade, 85568.962, 107, S19, B08, 1
B08, Trade, 85581.192, 106, S02, B08, 1
B08, Trade, 85585.750, 106, S06, B08, 1
B08, Trade, 85602.981, 94, P00, B08, 1
B08, Trade, 85610.212, 101, S24, B08, 1
B08, Trade, 85621.885, 103, B08, S04, 1
B08, Trade, 85634.865, 99, S04, B08, 1
B08, Trade, 85638.288, 101, S12, B08, 1
B08, Trade, 85662.385, 103, B08, S15, 1
B08, Trade, 85672.231, 108, S18, B08, 1
B08, Trade, 85682.596, 101, S13, B08, 1
B08, Trade, 85692.904, 104, S19, B08, 1
B08, Trade, 85711.173, 102, S08, B08, 1
B08, Trade, 85717.077, 106, S06, B08, 1
B08, Trade, 85723.365, 102, S18, B08, 1
B08, Trade, 85735.673, 101, S07, B08, 1
B08, Trade, 85746.615, 103, S08, B08, 1
B08, Trade, 85762.981, 108, S04, B08, 1
B08, Trade, 85782.192, 107, P00, B08, 1
B08, Trade, 85788.577, 106, S08, B08, 1
B08, Trade, 85803.423, 106, P00, B08, 1
B08, Trade, 85812.481, 107, S09, B08, 1
B08, Trade, 85814.038, 106, S20, B08, 1
B08, Trade, 85827.058, 107, S24, B08, 1
B08, Trade, 85846.154, 108, B08, S21, 1
B08, Trade, 85870.192, 96, B08, S18, 1
B08, Trade, 85873.442, 106, S09, B08, 1
B08, Trade, 85879.231, 115, S07, B08, 1
B08, Trade, 85900.481, 98, B08, S00, 1
B08, Trade, 85902.769, 111, B08, S07, 1
B08, Trade, 85907.519, 110, S06, B08, 1
B08, Trade, 85918.635, 109, S15, B08, 1
B08, Trade, 85928.212, 109, S05, B08, 1
B08, Trade, 85950.577, 107, S12, B08, 1
B08, Trade, 85960.788, 107, S19, B08, 1
B08, Trade, 85965.058, 107, S02, B08, 1
B08, Trade, 85974.096, 107, S03, B08, 1
B08, Trade, 85990.385, 96, S19, B08, 1
B08, Trade, 86002.192, 104, P00, B08, 1
B08, Trade, 86007.519, 103, S20, B08, 1
B08, Trade, 86018.000, 101, B08, S02, 1
B08, Trade, 86031.750, 105, S11, B08, 1
B08, Trade, 86042.750, 109, S20, B08, 1
B08, Trade, 86051.635, 106, S19, B08, 1
B08, Trade, 86062.615, 110, S16, B08, 1
B08, Trade, 86072.788, 115, S18, B08, 1
B08, Trade, 86082.019, 107, S20, B08, 1
B08, Trade, 86093.885, 102, P00, B08, 1
B08, Trade, 86095.923, 116, S13, B08, 1
B08, Trade, 86108.096, 111, S19, B08, 1
B08, Trade, 86123.365, 109, S11, B08, 1
B08, Trade, 86135.750, 103, S24, B08, 1
B08, Trade, 86148.404, 112, S12, B08, 1
B08, Trade, 86162.077, 110, P00, B08, 1
B08, Trade, 86172.827, 106, B08, S01, 1
B08, Trade, 86183.115, 113, S13, B08, 1
B08, Trade, 86204.038, 104, B08, S00, 1
B08, Trade, 86213.077, 105, P00, B08, 1
B08, Trade, 86223.885, 105, S24, B08, 1
B08, Trade, 86235.058, 102, B08, S03, 1
B08, Trade, 86238.212, 106, B08, S00, 1
B08, Trade, 86246.000, 102, B08, S09, 1
B08, Trade, 86255.808, 111, P00, B08, 1
B08, Trade, 86274.000, 105, B08, S04, 1
B08, Trade, 86293.442, 108, P00, B08, 1
B08, Trade, 86296.423, 110, S09, B08, 1
B08, Trade, 86310.192, 106, S11, B08, 1
B08, Trade, 86328.346, 105, B08, S12, 1
B08, Trade, 86335.827, 110, S09, B08, 1
B08, Trade, 86350.058, 97, S07, B08, 1
B08, Trade, 86358.404, 109, S08, B08, 1
B08, Trade, 86371.712, 107, S02, B08, 1
B08, Trade, 86374.692, 114, B08, S06, 1
B08, Trade, 86387.885, 115, S12, B08, 1
B08, Trade, 86396.673, 112, P00, B08, 1
B09, 100
B09, Trade, 85245.327, 105, S24, B09, 1
B09, Trade, 85263.288, 105, S12, B09, 1
B09, Trade, 85266.462, 104, P00, B09, 1
B09, Trade, 85297.423, 98, B09, S09, 1
B09, Trade, 85300.308, 103, S19, B09, 1
B09, Trade, 85302.846, 108, S07, B09, 1
B09, Trade, 85316.827, 108, S07, B09, 1
B09, Trade, 85330.827, 103, P00, B09, 1
B09, Trade, 85335.404, 99, S02, B09, 1
B09, Trade, 85343.327, 101, S06, B09, 1
B09, Trade, 85367.423, 105, S16, B09, 1
B09, Trade, 85375.827, 102, S12, B09, 1
B09, Trade, 85387.115, 111, P00, B09, 1
B09, Trade, 85396.000, 108, S00, B09, 1
B09, Trade, 85406.346, 113, S08, B09, 1
B09, Trade, 85417.942, 107, S22, B09, 1
B09, Trade, 85429.827, 107, S08, B09, 1
B09, Trade, 85439.827, 106, S12, B09, 1
B09, Trade, 85450.654, 103, S11, B09, 1
B09, Trade, 85456.462, 104, S14, B09, 1
B09, Trade, 85462.750, 109, S13, B09, 1
B09, Trade, 85491.096, 105, B09, S17, 1
B09, Trade, 85505.365, 99, S08, B09, 1
B09, Trade, 85522.981, 102, S16, B09, 1
B09, Trade, 85538.096, 105, S11, B09, 1
B09, Trade, 85543.423, 109, S12, B09, 1
B09, Trade, 85560.096, 106, S08, B09, 1
B09, Trade, 85567.712, 108, S01, B09, 1
B09, Trade, 85578.846, 100, B09, S19, 1
B09, Trade, 85586.135, 109, S12, B09, 1
B09, Trade, 85600.481, 94, S12, B09, 1
B09, Trade, 85605.135, 93, S05, B09, 1
B09, Trade, 85626.154, 93, B09, S07, 1
B09, Trade, 85634.423, 98, P00, B09, 1
B09, Trade, 85645.635, 97, S16, B09, 1
B09, Trade, 85660.115, 103, S06, B09, 1
B09, Trade, 85662.962, 106, S12, B09, 1
B09, Trade, 85676.981, 107, P00, B09, 1
B09, Trade, 85692.000, 104, S24, B09, 1
B09, Trade, 85702.846, 100, S24, B09, 1
B09, Trade, 85703.865, 102, S02, B09, 1
B09, Trade, 85712.942, 101, S05, B09, 1
B09, Trade, 85737.500, 102, S11, B09, 1
B09, Trade, 85753.923, 100, S07, B09, 1
B09, Trade, 85756.673, 103, S21, B09, 1
B09, Trade, 85768.404, 106, P00, B09, 1
B09, Trade, 85776.865, 105, P00, B09, 1
B09, Trade, 85806.288, 105, S13, B09, 1
B09, Trade, 85821.038, 104, P00, B09, 1
B09, Trade, 85827.808, 108, S20, B09, 1
B09, Trade, 85852.577, 108, S11, B09, 1
B09, Trade, 85858.500, 106, S07, B09, 1
B09, Trade, 85870.769, 96, B09, S11, 1
B09, Trade, 85883.577, 109, S11, B09, 1
B09, Trade, 85886.404, 110, P00, B09, 1
B09, Trade, 85902.923, 110, S02, B09, 1
B09, Trade, 85909.827, 109, S09, B09, 1
B09, Trade, 85914.462, 105, S22, B09, 1
B09, Trade, 85930.923, 109, S24, B09, 1
B09, Trade, 85943.808, 110, S12, B09, 1
B09, Trade, 85946.462, 109, B09, S14, 1
B09, Trade, 85957.308, 106, P00, B09, 1
B09, Trade, 85977.308, 109, S24, B09, 1
B09, Trade, 85987.731, 96, B09, S18, 1
B09, Trade, 86002.481, 104, S11, B09, 1
B09, Trade, 86009.769, 103, P00, B09, 1
B09, Trade, 86017.635, 106, S09, B09, 1
B09, Trade, 86026.288, 103, S05, B09, 1
B09, Trade, 86042.942, 107, S08, B09, 1
B09, Trade, 86048.115, 106, B09, S07, 1
B09, Trade, 86066.981, 110, S15, B09, 1
B09, Trade, 86091.288, 108, B09, S20, 1
B09, Trade, 86099.173, 112, S24, B09, 1
B09, Trade, 86104.308, 107, S06, B09, 1
B09, Trade, 86129.288, 109, B09, S01, 1
B09, Trade, 86137.115, 107, S18, B09, 1
B09, Trade, 86153.038, 114, S05, B09, 1
B09, Trade, 86157.442, 110, S22, B09, 1
B09, Trade, 86165.788, 110, S08, B09, 1
B09, Trade, 86183.712, 113, S24, B09, 1
B09, Trade, 86190.962, 106, P00, B09, 1
B09, Trade, 86203.115, 109, S09, B09, 1
B09, Trade, 86212.885, 102, B09, S09, 1
B09, Trade, 86218.423, 99, S04, B09, 1
B09, Trade, 86226.019, 105, P00, B09, 1
B09, Trade, 86240.481, 106, P01, B09, 1
B09, Trade, 86249.519, 112, S14, B09, 1
B09, Trade, 86259.154, 107, B09, S14, 1
B09, Trade, 86265.385, 106, S24, B09, 1
B09, Trade, 86281.115, 109, S03, B09, 1
B09, Trade, 86292.288, 107, S14, B09, 1
B09, Trade, 86303.250, 112, B09, S24, 1
B09, Trade, 86309.462, 104, S00, B09, 1
B09, Trade, 86323.231, 108, B09, S12, 1
B09, Trade, 86331.808, 100, B09, S20, 1
B09, Trade, 86337.308, 110, S05, B09, 1
B09, Trade, 86353.981, 102, S09, B09, 1
B09, Trade, 86377.385, 116, S11, B09, 1
B09, Trade, 86386.577, 114, S04, B09, 1
B09, Trade, 86396.173, 112, S01, B09, 1
B10, 100
B10, Trade, 84960.942, 104, B10, S02, 1
B10, Trade, 84971.404, 103, B10, S17, 1
B10, Trade, 84972.308, 108, S18, B10, 1
B10, Trade, 84994.865, 108, B10, S02, 1
B10, Trade, 85017.404, 108, B10, S07, 1
B10, Trade, 85024.135, 105, B10, S12, 1
B10, Trade, 85027.962, 107, S09, B10, 1
B10, Trade, 85034.442, 112, S18, B10, 1
B10, Trade, 85057.442, 100, S14, B10, 1
B10, Trade, 85069.288, 104, B10, S06, 1
B10, Trade, 85078.942, 109, B10, S16, 1
B10, Trade, 85092.019, 103, B10, S02, 1
B10, Trade, 85101.077, 107, B10, S14, 1
B10, Trade, 85104.596, 110, S01, B10, 1
B10, Trade, 85118.750, 111, B10, S19, 1
B10, Trade, 85127.212, 106, B10, S05, 1
B10, Trade, 85136.038, 107, B10, S22, 1
B10, Trade, 85151.442, 109, P00, B10, 1
B10, Trade, 85158.269, 106, S22, B10, 1
B10, Trade, 85176.750, 106, S09, B10, 1
B10, Trade, 85184.154, 108, S18, B10, 1
B10, Trade, 85205.558, 99, B10, S17, 1
B10, Trade, 85221.385, 103, B10, S04, 1
B10, Trade, 85240.077, 112, S11, B10, 1
B10, Trade, 85253.635, 103, P00, B10, 1
B10, Trade, 85267.615, 99, B10, S19, 1
B10, Trade, 85278.750, 105, B10, S15, 1
B10, Trade, 85282.058, 105, S24, B10, 1
B10, Trade, 85310.288, 105, B10, S22, 1
B10, Trade, 85327.481, 99, B10, S17, 1
B10, Trade, 85335.750, 100, S19, B10, 1
B10, Trade, 85355.212, 109, B10, S02, 1
B10, Trade, 85376.885, 103, S22, B10, 1
B10, Trade, 85396.577, 101, B10, S14, 1
B10, Trade, 85399.038, 110, S06, B10, 1
B10, Trade, 85408.846, 105, B10, S02, 1
B10, Trade, 85419.654, 114, S12, B10, 1
B10, Trade, 85436.096, 109, B10, S01, 1
B10, Trade, 85452.654, 103, B10, S08, 1
B10, Trade, 85459.577, 98, B10, S04, 1
B10, Trade, 85468.750, 97, B10, S03, 1
B10, Trade, 85480.327, 100, S24, B10, 1
B10, Trade, 85486.462, 112, S23, B10, 1
B10, Trade, 85504.288, 100, S11, B10, 1
B10, Trade, 85528.769, 103, B10, S07, 1
B10, Trade, 85539.519, 103, S06, B10, 1
B10, Trade, 85552.885, 101, S07, B10, 1
B10, Trade, 85560.423, 105, B10, S15, 1
B10, Trade, 85575.750, 100, B10, S06, 1
B10, Trade, 85594.385, 95, B10, S02, 1
B10, Trade, 85605.692, 95, S08, B10, 1
B10, Trade, 85623.385, 103, B10, S04, 1
B10, Trade, 85637.173, 101, S08, B10, 1
B10, Trade, 85655.981, 98, B10, S02, 1
B10, Trade, 85659.923, 103, S03, B10, 1
B10, Trade, 85681.154, 98, B10, S23, 1
B10, Trade, 85689.000, 104, B10, S12, 1
B10, Trade, 85698.288, 104, S13, B10, 1
B10, Trade, 85714.481, 101, S11, B10, 1
B10, Trade, 85748.462, 98, B10, S13, 1
B10, Trade, 85760.077, 103, B10, S00, 1
B10, Trade, 85773.904, 106, P00, B10, 1
B10, Trade, 85794.462, 100, B10, S15, 1
B10, Trade, 85803.808, 107, S04, B10, 1
B10, Trade, 85835.192, 105, B10, S10, 1
B10, Trade, 85841.019, 111, S12, B10, 1
B10, Trade, 85866.577, 108, S03, B10, 1
B10, Trade, 85892.788, 109, S22, B10, 1
B10, Trade, 85929.385, 106, B10, S02, 1
B10, Trade, 85932.269, 110, P00, B10, 1
B10, Trade, 85948.673, 106, B10, S13, 1
B10, Trade, 85954.250, 111, S19, B10, 1
B10, Trade, 85974.308, 106, S20, B10, 1
B10, Trade, 86001.462, 102, B10, S01, 1
B10, Trade, 86014.596, 107, B10, S23, 1
B10, Trade, 86034.212, 108, S08, B10, 1
B10, Trade, 86058.788, 102, B10, S04, 1
B10, Trade, 86060.865, 105, S22, B10, 1
B10, Trade, 86073.231, 110, B10, S04, 1
B10, Trade, 86088.462, 109, S24, B10, 1
B10, Trade, 86100.865, 112, S12, B10, 1
B10, Trade, 86124.346, 109, B10, S19, 1
B10, Trade, 86146.423, 107, B10, S15, 1
B10, Trade, 86156.269, 111, S12, B10, 1
B10, Trade, 86174.942, 104, B10, S14, 1
B10, Trade, 86178.423, 104, S03, B10, 1
B10, Trade, 86202.673, 105, B10, S02, 1
B10, Trade, 86208.712, 107, S22, B10, 1
B10, Trade, 86224.500, 100, B10, S17, 1
B10, Trade, 86258.750, 103, B10, S23, 1
B10, Trade, 86263.885, 103, S12, B10, 1
B10, Trade, 86267.750, 109, P00, B10, 1
B10, Trade, 86286.846, 107, B10, S00, 1
B10, Trade, 86289.654, 103, B10, S04, 1
B10, Trade, 86300.577, 114, S22, B10, 1
B10, Trade, 86316.846, 107, B10, S01, 1
B10, Trade, 86331.615, 103, S05, B10, 1
B10, Trade, 86349.596, 96, B10, S12, 1
B10, Trade, 86377.712, 117, S09, B10, 1
B10, Trade, 86399.558, 106, B10, S11, 1
B11, 100
B11, Trade, 84986.827, 106, S11, B11, 1
B11, Trade, 84993.615, 107, B11, S16, 1
B11, Trade, 85022.558, 112, P00, B11, 1
B11, Trade, 85050.942, 108, B11, S03, 1
B11, Trade, 85059.250, 109, B11, S03, 1
B11, Trade, 85065.904, 106, B11, S08, 1
B11, Trade, 85078.192, 114, S07, B11, 1
B11, Trade, 85090.558, 104, B11, S16, 1
B11, Trade, 85104.058, 109, S05, B11, 1
B11, Trade, 85128.077, 104, B11, S13, 1
B11, Trade, 85135.423, 112, S19, B11, 1
B11, Trade, 85152.385, 104, B11, S20, 1
B11, Trade, 85164.154, 100, B11, S06, 1
B11, Trade, 85169.173, 106, S13, B11, 1
B11, Trade, 85178.038, 104, B11, S07, 1
B11, Trade, 85183.462, 107, S05, B11, 1
B11, Trade, 85201.385, 99, B11, S18, 1
B11, Trade, 85203.173, 104, S06, B11, 1
B11, Trade, 85212.577, 110, S13, B11, 1
B11, Trade, 85228.385, 105, B11, S22, 1
B11, Trade, 85241.404, 108, B11, S13, 1
B11, Trade, 85246.577, 105, S11, B11, 1
B11, Trade, 85260.731, 104, B11, S14, 1
B11, Trade, 85280.000, 103, B11, S10, 1
B11, Trade, 85297.308, 99, B11, S21, 1
B11, Trade, 85299.962, 103, S16, B11, 1
B11, Trade, 85307.058, 110, B11, S17, 1
B11, Trade, 85324.904, 109, S16, B11, 1
B11, Trade, 85344.058, 102, S11, B11, 1
B11, Trade, 85360.500, 108, B11, S15, 1
B11, Trade, 85365.904, 106, S23, B11, 1
B11, Trade, 85383.308, 100, B11, S09, 1
B11, Trade, 85387.442, 112, S20, B11, 1
B11, Trade, 85404.788, 108, B11, S07, 1
B11, Trade, 85413.558, 104, B11, S05, 1
B11, Trade, 85420.981, 102, B11, S15, 1
B11, Trade, 85430.692, 109, S22, B11, 1
B11, Trade, 85437.423, 110, B11, S03, 1
B11, Trade, 85459.769, 106, S08, B11, 1
B11, Trade, 85474.962, 98, B11, S21, 1
B11, Trade, 85481.308, 104, S03, B11, 1
B11, Trade, 85494.212, 108, S19, B11, 1
B11, Trade, 85511.615, 102, B11, S19, 1
B11, Trade, 85520.596, 101, B11, S13, 1
B11, Trade, 85523.750, 104, S07, B11, 1
B11, Trade, 85542.942, 102, B11, S00, 1
B11, Trade, 85550.000, 100, B11, S19, 1
B11, Trade, 85572.096, 105, S05, B11, 1
B11, Trade, 85573.712, 96, B11, S13, 1
B11, Trade, 85587.712, 99, S20, B11, 1
B11, Trade, 85593.654, 100, P00, B11, 1
B11, Trade, 85615.904, 105, S02, B11, 1
B11, Trade, 85641.135, 97, B11, S14, 1
B11, Trade, 85642.077, 101, S07, B11, 1
B11, Trade, 85673.712, 110, S04, B11, 1
B11, Trade, 85703.981, 102, S06, B11, 1
B11, Trade, 85723.346, 101, S24, B11, 1
B11, Trade, 85745.288, 104, S24, B11, 1
B11, Trade, 85778.288, 106, S02, B11, 1
B11, Trade, 85800.346, 100, B11, S10, 1
B11, Trade, 85818.538, 102, B11, S19, 1
B11, Trade, 85860.577, 105, P00, B11, 1
B11, Trade, 85866.269, 105, S00, B11, 1
B11, Trade, 85898.692, 105, P00, B11, 1
B11, Trade, 85908.769, 107, B11, S02, 1
B11, Trade, 85945.865, 107, S08, B11, 1
B11, Trade, 85968.712, 112, S14, B11, 1
B11, Trade, 85973.865, 105, P00, B11, 1
B11, Trade, 85995.731, 108, S13, B11, 1
B11, Trade, 86014.808, 101, B11, S06, 1
B11, Trade, 86033.846, 106, P00, B11, 1
B11, Trade, 86043.058, 108, P00, B11, 1
B11, Trade, 86053.423, 104, B11, S13, 1
B11, Trade, 86061.019, 103, B11, S00, 1
B11, Trade, 86068.192, 103, B11, S16, 1
B11, Trade, 86078.481, 107, S24, B11, 1
B11, Trade, 86094.192, 97, B11, S23, 1
B11, Trade, 86104.038, 103, B11, S01, 1
B11, Trade, 86107.462, 108, S12, B11, 1
B11, Trade, 86114.365, 109, S02, B11, 1
B11, Trade, 86134.846, 101, B11, S00, 1
B11, Trade, 86136.635, 105, P00, B11, 1
B11, Trade, 86159.077, 110, S03, B11, 1
B11, Trade, 86175.596, 106, B11, S12, 1
B11, Trade, 86184.365, 111, S17, B11, 1
B11, Trade, 86213.731, 101, B11, S13, 1
B11, Trade, 86223.135, 105, S08, B11, 1
B11, Trade, 86234.942, 104, S11, B11, 1
B11, Trade, 86255.192, 104, B11, S04, 1
B11, Trade, 86270.481, 105, S19, B11, 1
B11, Trade, 86285.077, 109, S07, B11, 1
B11, Trade, 86296.865, 104, B11, S13, 1
B11, Trade, 86301.558, 105, B11, S16, 1
B11, Trade, 86315.212, 109, S04, B11, 1
B11, Trade, 86327.154, 106, B11, S00, 1
B11, Trade, 86347.442, 98, B11, S01, 1
B11, Trade, 86351.481, 103, P00, B11, 1
B11, Trade, 86364.019, 105, B11, S20, 1
B11, Trade, 86380.269, 105, B11, S02, 1
B11, Trade, 86385.346, 108, P00, B11, 1
B12, 100
B12, Trade, 85163.192, 97, B12, S04, 1
B12, Trade, 85181.288, 108, S24, B12, 1
B12, Trade, 85191.962, 112, S07, B12, 1
B12, Trade, 85195.692, 106, B12, S15, 1
B12, Trade, 85204.692, 104, P00, B12, 1
B12, Trade, 85218.654, 106, S15, B12, 1
B12, Trade, 85239.038, 115, S01, B12, 1
B12, Trade, 85255.000, 106, S08, B12, 1
B12, Trade, 85265.904, 103, S14, B12, 1
B12, Trade, 85282.750, 103, B12, S05, 1
B12, Trade, 85290.038, 102, S08, B12, 1
B12, Trade, 85307.231, 112, S12, B12, 1
B12, Trade, 85325.654, 101, B12, S02, 1
B12, Trade, 85340.096, 104, S07, B12, 1
B12, Trade, 85343.000, 102, S09, B12, 1
B12, Trade, 85353.365, 105, S18, B12, 1
B12, Trade, 85369.673, 106, P00, B12, 1
B12, Trade, 85376.500, 102, P00, B12, 1
B12, Trade, 85385.519, 111, S07, B12, 1
B12, Trade, 85394.346, 105, S11, B12, 1
B12, Trade, 85434.423, 110, B12, S10, 1
B12, Trade, 85451.288, 103, S19, B12, 1
B12, Trade, 85459.115, 105, S11, B12, 1
B12, Trade, 85468.981, 105, S12, B12, 1
B12, Trade, 85478.827, 103, B12, S10, 1
B12, Trade, 85493.077, 105, S06, B12, 1
B12, Trade, 85519.538, 103, B12, S05, 1
B12, Trade, 85545.981, 106, S09, B12, 1
B12, Trade, 85553.865, 100, B12, S01, 1
B12, Trade, 85571.096, 105, S08, B12, 1
B12, Trade, 85575.981, 107, S18, B12, 1
B12, Trade, 85584.404, 107, S22, B12, 1
B12, Trade, 85597.154, 106, S05, B12, 1
B12, Trade, 85612.731, 102, B12, S17, 1
B12, Trade, 85614.096, 106, P00, B12, 1
B12, Trade, 85628.942, 98, S15, B12, 1
B12, Trade, 85639.288, 102, S20, B12, 1
B12, Trade, 85649.135, 98, P00, B12, 1
B12, Trade, 85661.519, 106, S11, B12, 1
B12, Trade, 85669.731, 107, S20, B12, 1
B12, Trade, 85681.365, 103, S24, B12, 1
B12, Trade, 85699.827, 100, B12, S22, 1
B12, Trade, 85703.288, 101, P00, B12, 1
B12, Trade, 85704.500, 106, S16, B12, 1
B12, Trade, 85725.865, 103, S08, B12, 1
B12, Trade, 85733.750, 99, S12, B12, 1
B12, Trade, 85751.615, 103, S06, B12, 1
B12, Trade, 85762.615, 97, B12, S22, 1
B12, Trade, 85779.442, 110, S24, B12, 1
B12, Trade, 85790.019, 110, S11, B12, 1
B12, Trade, 85802.596, 103, S03, B12, 1
B12, Trade, 85814.385, 107, S06, B12, 1
B12, Trade, 85825.981, 107, S04, B12, 1
B12, Trade, 85836.135, 106, S11, B12, 1
B12, Trade, 85851.404, 108, B12, S14, 1
B12, Trade, 85863.385, 112, S04, B12, 1
B12, Trade, 85872.654, 99, S24, B12, 1
B12, Trade, 85878.808, 111, S14, B12, 1
B12, Trade, 85895.365, 104, S05, B12, 1
B12, Trade, 85906.000, 111, S14, B12, 1
B12, Trade, 85914.154, 104, S16, B12, 1
B12, Trade, 85915.058, 109, S03, B12, 1
B12, Trade, 85937.038, 110, S24, B12, 1
B12, Trade, 85949.154, 105, S11, B12, 1
B12, Trade, 85959.731, 103, S16, B12, 1
B12, Trade, 85970.269, 112, P00, B12, 1
B12, Trade, 85981.558, 105, S05, B12, 1
B12, Trade, 85991.269, 97, P00, B12, 1
B12, Trade, 86000.000, 104, S03, B12, 1
B12, Trade, 86015.154, 100, B12, S10, 1
B12, Trade, 86019.308, 104, S24, B12, 1
B12, Trade, 86025.000, 102, S03, B12, 1
B12, Trade, 86055.981, 105, P00, B12, 1
B12, Trade, 86068.673, 110, S19, B12, 1
B12, Trade, 86082.635, 108, S22, B12, 1
B12, Trade, 86088.635, 110, S13, B12, 1
B12, Trade, 86111.096, 111, S01, B12, 1
B12, Trade, 86134.231, 104, B12, S10, 1
B12, Trade, 86137.173, 109, S16, B12, 1
B12, Trade, 86146.904, 108, B12, S04, 1
B12, Trade, 86172.865, 109, S08, B12, 1
B12, Trade, 86186.577, 108, B12, S18, 1
B12, Trade, 86201.538, 109, S05, B12, 1
B12, Trade, 86211.865, 104, S12, B12, 1
B12, Trade, 86214.769, 105, S07, B12, 1
B12, Trade, 86229.481, 106, S08, B12, 1
B12, Trade, 86242.481, 103, B12, S04, 1
B12, Trade, 86244.538, 105, S05, B12, 1
B12, Trade, 86257.673, 115, S03, B12, 1
B12, Trade, 86277.923, 105, P00, B12, 1
B12, Trade, 86296.731, 105, B12, S07, 1
B12, Trade, 86297.692, 113, S12, B12, 1
B12, Trade, 86308.404, 101, B12, S09, 1
B12, Trade, 86318.192, 106, B12, S14, 1
B12, Trade, 86331.731, 101, B12, S15, 1
B12, Trade, 86344.038, 109, S03, B12, 1
B12, Trade, 86350.827, 103, S04, B12, 1
B12, Trade, 86374.212, 113, B12, S16, 1
B12, Trade, 86377.673, 113, B12, S00, 1
B12, Trade, 86385.942, 112, S05, B12, 1
B13, 100
B13, Trade, 84929.000, 109, S17, B13, 1
B13, Trade, 84955.192, 109, S08, B13, 1
B13, Trade, 84966.308, 103, B13, S10, 1
B13, Trade, 84994.769, 114, B13, S03, 1
B13, Trade, 85009.865, 102, B13, S14, 1
B13, Trade, 85025.615, 107, S06, B13, 1
B13, Trade, 85046.558, 112, B13, S10, 1
B13, Trade, 85062.192, 106, B13, S00, 1
B13, Trade, 85067.538, 105, P00, B13, 1
B13, Trade, 85083.500, 110, B13, S10, 1
B13, Trade, 85086.058, 108, S03, B13, 1
B13, Trade, 85100.942, 108, B13, S20, 1
B13, Trade, 85117.385, 111, S16, B13, 1
B13, Trade, 85148.462, 109, S15, B13, 1
B13, Trade, 85161.769, 104, S09, B13, 1
B13, Trade, 85184.904, 111, S22, B13, 1
B13, Trade, 85208.096, 105, S05, B13, 1
B13, Trade, 85216.115, 106, B13, S14, 1
B13, Trade, 85238.865, 113, S13, B13, 1
B13, Trade, 85248.058, 103, S17, B13, 1
B13, Trade, 85258.288, 101, B13, S04, 1
B13, Trade, 85277.654, 109, B13, S18, 1
B13, Trade, 85297.115, 102, B13, S08, 1
B13, Trade, 85327.038, 101, S08, B13, 1
B13, Trade, 85333.000, 101, S06, B13, 1
B13, Trade, 85350.404, 106, P00, B13, 1
B13, Trade, 85383.154, 100, B13, S06, 1
B13, Trade, 85390.885, 110, S02, B13, 1
B13, Trade, 85406.712, 107, B13, S14, 1
B13, Trade, 85411.885, 103, B13, S04, 1
B13, Trade, 85441.462, 113, P00, B13, 1
B13, Trade, 85454.846, 97, B13, S09, 1
B13, Trade, 85461.962, 110, S16, B13, 1
B13, Trade, 85473.904, 100, B13, S07, 1
B13, Trade, 85475.615, 101, S11, B13, 1
B13, Trade, 85497.654, 104, B13, S14, 1
B13, Trade, 85501.750, 103, B13, S18, 1
B13, Trade, 85505.250, 98, B13, S24, 1
B13, Trade, 85521.365, 102, S22, B13, 1
B13, Trade, 85531.173, 103, S08, B13, 1
B13, Trade, 85540.365, 101, B13, S22, 1
B13, Trade, 85562.904, 100, B13, S04, 1
B13, Trade, 85569.154, 107, S09, B13, 1
B13, Trade, 85584.365, 107, P00, B13, 1
B13, Trade, 85608.519, 97, B13, S00, 1
B13, Trade, 85614.000, 105, S12, B13, 1
B13, Trade, 85624.885, 94, B13, S24, 1
B13, Trade, 85632.288, 104, S14, B13, 1
B13, Trade, 85647.135, 97, B13, S11, 1
B13, Trade, 85663.096, 97, B13, S23, 1
B13, Trade, 85674.904, 108, S17, B13, 1
B13, Trade, 85692.019, 98, B13, S22, 1
B13, Trade, 85709.692, 103, S17, B13, 1
B13, Trade, 85712.635, 102, S07, B13, 1
B13, Trade, 85728.115, 104, P00, B13, 1
B13, Trade, 85748.212, 101, B13, S00, 1
B13, Trade, 85766.250, 105, B13, S08, 1
B13, Trade, 85780.365, 102, B13, S07, 1
B13, Trade, 85791.442, 109, S01, B13, 1
B13, Trade, 85804.115, 105, S07, B13, 1
B13, Trade, 85811.731, 103, S03, B13, 1
B13, Trade, 85828.000, 109, S13, B13, 1
B13, Trade, 85847.346, 107, B13, S17, 1
B13, Trade, 85862.577, 110, S24, B13, 1
B13, Trade, 85894.865, 104, B13, S12, 1
B13, Trade, 85913.385, 101, S04, B13, 1
B13, Trade, 85922.250, 111, S11, B13, 1
B13, Trade, 85942.288, 107, B13, S00, 1
B13, Trade, 85957.635, 106, S17, B13, 1
B13, Trade, 85971.192, 107, B13, S06, 1
B13, Trade, 85974.231, 103, B13, S13, 1
B13, Trade, 85994.308, 102, S02, B13, 1
B13, Trade, 86025.423, 103, S06, B13, 1
B13, Trade, 86042.654, 107, S14, B13, 1
B13, Trade, 86055.923, 103, B13, S03, 1
B13, Trade, 86082.981, 108, S08, B13, 1
B13, Trade, 86085.154, 108, B13, S08, 1
B13, Trade, 86105.981, 101, B13, S07, 1
B13, Trade, 86112.135, 109, B13, S17, 1
B13, Trade, 86119.692, 106, B13, S10, 1
B13, Trade, 86133.519, 105, B13, S20, 1
B13, Trade, 86141.750, 109, B13, S18, 1
B13, Trade, 86153.481, 110, B13, S03, 1
B13, Trade, 86168.596, 108, S03, B13, 1
B13, Trade, 86185.846, 108, B13, S14, 1
B13, Trade, 86198.654, 111, S02, B13, 1
B13, Trade, 86220.654, 97, B13, S00, 1
B13, Trade, 86224.654, 104, S02, B13, 1
B13, Trade, 86246.058, 99, B13, S23, 1
B13, Trade, 86247.962, 105, S18, B13, 1
B13, Trade, 86261.481, 102, S00, B13, 1
B13, Trade, 86282.558, 108, S11, B13, 1
B13, Trade, 86289.192, 103, B13, S18, 1
B13, Trade, 86299.846, 114, S14, B13, 1
B13, Trade, 86317.000, 105, B13, S18, 1
B13, Trade, 86326.846, 110, S13, B13, 1
B13, Trade, 86349.077, 97, B13, S00, 1
B13, Trade, 86356.404, 111, S04, B13, 1
B13, Trade, 86372.692, 109, S00, B13, 1
B13, Trade, 86393.173, 113, S05, B13, 1
B14, 100
B14, Trade, 85064.673, 105, B14, S15, 1
B14, Trade, 85084.308, 108, B14, S09, 1
B14, Trade, 85092.269, 111, S14, B14, 1
B14, Trade, 85118.846, 110, B14, S11, 1
B14, Trade, 85121.500, 111, B14, S15, 1
B14, Trade, 85130.808, 104, B14, S06, 1
B14, Trade, 85138.346, 101, B14, S19, 1
B14, Trade, 85151.423, 106, B14, S10, 1
B14, Trade, 85156.212, 108, B14, S15, 1
B14, Trade, 85178.288, 104, B14, S08, 1
B14, Trade, 85194.385, 107, S08, B14, 1
B14, Trade, 85212.385, 107, S16, B14, 1
B14, Trade, 85213.827, 108, S24, B14, 1
B14, Trade, 85233.404, 104, S08, B14, 1
B14, Trade, 85250.615, 102, B14, S15, 1
B14, Trade, 85257.981, 102, B14, S10, 1
B14, Trade, 85275.615, 108, B14, S06, 1
B14, Trade, 85280.615, 103, B14, S03, 1
B14, Trade, 85295.173, 100, B14, S15, 1
B14, Trade, 85309.058, 110, P00, B14, 1
B14, Trade, 85322.885, 110, S13, B14, 1
B14, Trade, 85343.673, 96, B14, S00, 1
B14, Trade, 85357.115, 110, S24, B14, 1
B14, Trade, 85372.423, 104, B14, S04, 1
B14, Trade, 85391.077, 107, B14, S17, 1
B14, Trade, 85392.135, 108, S08, B14, 1
B14, Trade, 85412.750, 105, B14, S06, 1
B14, Trade, 85419.308, 112, B14, S11, 1
B14, Trade, 85439.038, 103, B14, S02, 1
B14, Trade, 85443.000, 113, S08, B14, 1
B14, Trade, 85451.635, 99, B14, S09, 1
B14, Trade, 85465.231, 110, S01, B14, 1
B14, Trade, 85490.500, 106, S21, B14, 1
B14, Trade, 85505.654, 97, B14, S03, 1
B14, Trade, 85512.654, 112, S05, B14, 1
B14, Trade, 85536.654, 104, P00, B14, 1
B14, Trade, 85553.000, 100, B14, S12, 1
B14, Trade, 85564.115, 100, B14, S10, 1
B14, Trade, 85585.904, 107, S09, B14, 1
B14, Trade, 85606.692, 97, S09, B14, 1
B14, Trade, 85621.904, 103, B14, S01, 1
B14, Trade, 85629.865, 93, B14, S13, 1
B14, Trade, 85637.192, 102, S02, B14, 1
B14, Trade, 85654.808, 98, P00, B14, 1
B14, Trade, 85670.673, 104, B14, S23, 1
B14, Trade, 85678.423, 104, B14, S05, 1
B14, Trade, 85687.000, 106, S18, B14, 1
B14, Trade, 85701.423, 99, B14, S15, 1
B14, Trade, 85711.423, 103, P00, B14, 1
B14, Trade, 85734.788, 100, S08, B14, 1
B14, Trade, 85751.596, 101, B14, S10, 1
B14, Trade, 85759.923, 105, S05, B14, 1
B14, Trade, 85789.865, 109, S05, B14, 1
B14, Trade, 85805.058, 103, B14, S19, 1
B14, Trade, 85812.865, 107, P00, B14, 1
B14, Trade, 85822.846, 106, S15, B14, 1
B14, Trade, 85831.019, 106, B14, S09, 1
B14, Trade, 85837.615, 109, S16, B14, 1
B14, Trade, 85857.038, 104, B14, S15, 1
B14, Trade, 85862.115, 110, S16, B14, 1
B14, Trade, 85887.231, 110, S13, B14, 1
B14, Trade, 85911.885, 107, P00, B14, 1
B14, Trade, 85919.923, 103, S16, B14, 1
B14, Trade, 85936.712, 108, B14, S16, 1
B14, Trade, 85943.327, 109, B14, S06, 1
B14, Trade, 85948.038, 107, B14, S07, 1
B14, Trade, 85957.615, 105, S24, B14, 1
B14, Trade, 85975.615, 109, S00, B14, 1
B14, Trade, 85987.038, 96, B14, S22, 1
B14, Trade, 85999.538, 103, B14, S07, 1
B14, Trade, 86012.308, 107, S14, B14, 1
B14, Trade, 86026.077, 101, B14, S18, 1
B14, Trade, 86038.865, 106, B14, S05, 1
B14, Trade, 86050.288, 104, S05, B14, 1
B14, Trade, 86062.231, 102, B14, S20, 1
B14, Trade, 86073.154, 111, B14, P01, 1
B14, Trade, 86079.673, 101, B14, S03, 1
B14, Trade, 86088.885, 113, S17, B14, 1
B14, Trade, 86105.596, 101, B14, S09, 1
B14, Trade, 86113.462, 109, B14, S15, 1
B14, Trade, 86134.442, 101, B14, S09, 1
B14, Trade, 86137.077, 100, S01, B14, 1
B14, Trade, 86157.154, 110, S20, B14, 1
B14, Trade, 86180.308, 115, S16, B14, 1
B14, Trade, 86197.942, 109, S14, B14, 1
B14, Trade, 86207.135, 103, B14, S02, 1
B14, Trade, 86232.192, 104, B14, S09, 1
B14, Trade, 86241.538, 107, S12, B14, 1
B14, Trade, 86254.519, 110, B14, S22, 1
B14, Trade, 86260.462, 104, S06, B14, 1
B14, Trade, 86268.385, 103, B14, S22, 1
B14, Trade, 86287.135, 106, B14, S02, 1
B14, Trade, 86296.442, 111, S02, B14, 1
B14, Trade, 86304.635, 111, S20, B14, 1
B14, Trade, 86314.577, 105, S13, B14, 1
B14, Trade, 86335.192, 104, B14, S10, 1
B14, Trade, 86348.865, 106, S20, B14, 1
B14, Trade, 86357.673, 108, S12, B14, 1
B14, Trade, 86373.288, 110, S24, B14, 1
B14, Trade, 86395.731, 110, B14, S18, 1
B15, 100
B15, Trade, 85238.615, 109, B15, S00, 1
B15, Trade, 85247.327, 104, B15, S00, 1
B15, Trade, 85260.481, 107, S09, B15, 1
B15, Trade, 85269.615, 105, B15, S01, 1
B15, Trade, 85289.385, 102, S05, B15, 1
B15, Trade, 85301.115, 104, S18, B15, 1
B15, Trade, 85312.577, 103, B15, S02, 1
B15, Trade, 85319.481, 107, S08, B15, 1
B15, Trade, 85332.942, 100, S24, B15, 1
B15, Trade, 85342.135, 97, B15, S04, 1
B15, Trade, 85352.077, 105, S16, B15, 1
B15, Trade, 85358.250, 110, B15, S22, 1
B15, Trade, 85371.673, 105, B15, S06, 1
B15, Trade, 85380.692, 103, B15, S11, 1
B15, Trade, 85387.981, 109, B15, S16, 1
B15, Trade, 85403.135, 109, B15, S04, 1
B15, Trade, 85420.058, 102, B15, S01, 1
B15, Trade, 85426.173, 96, B15, S13, 1
B15, Trade, 85442.269, 107, S00, B15, 1
B15, Trade, 85455.731, 102, B15, S16, 1
B15, Trade, 85472.423, 101, B15, S17, 1
B15, Trade, 85483.923, 97, B15, S10, 1
B15, Trade, 85491.462, 105, S08, B15, 1
B15, Trade, 85503.923, 98, B15, S09, 1
B15, Trade, 85507.615, 98, B15, S17, 1
B15, Trade, 85516.288, 104, S08, B15, 1
B15, Trade, 85528.615, 105, B15, S16, 1
B15, Trade, 85536.808, 102, B15, S03, 1
B15, Trade, 85556.500, 107, S22, B15, 1
B15, Trade, 85573.212, 99, B15, S15, 1
B15, Trade, 85583.423, 98, B15, S13, 1
B15, Trade, 85587.135, 103, S15, B15, 1
B15, Trade, 85600.346, 94, B15, S22, 1
B15, Trade, 85609.923, 98, S08, B15, 1
B15, Trade, 85621.615, 103, B15, S15, 1
B15, Trade, 85628.846, 93, B15, S20, 1
B15, Trade, 85635.096, 95, B15, S16, 1
B15, Trade, 85651.058, 97, S06, B15, 1
B15, Trade, 85657.885, 99, B15, S10, 1
B15, Trade, 85667.346, 106, B15, S06, 1
B15, Trade, 85678.481, 103, B15, S04, 1
B15, Trade, 85694.731, 102, B15, S07, 1
B15, Trade, 85705.212, 99, B15, S04, 1
B15, Trade, 85707.942, 97, B15, S06, 1
B15, Trade, 85720.808, 99, B15, S12, 1
B15, Trade, 85731.750, 100, B15, S00, 1
B15, Trade, 85743.250, 102, S16, B15, 1
B15, Trade, 85755.731, 98, B15, S09, 1
B15, Trade, 85765.558, 106, B15, S05, 1
B15, Trade, 85777.288, 105, B15, S09, 1
B15, Trade, 85793.942, 104, B15, S18, 1
B15, Trade, 85801.577, 101, B15, S01, 1
B15, Trade, 85811.442, 103, B15, S16, 1
B15, Trade, 85821.788, 100, B15, S03, 1
B15, Trade, 85835.481, 106, B15, S19, 1
B15, Trade, 85844.750, 107, B15, S13, 1
B15, Trade, 85862.000, 105, S22, B15, 1
B15, Trade, 85872.808, 98, B15, S14, 1
B15, Trade, 85888.173, 108, B15, S03, 1
B15, Trade, 85902.558, 112, S11, B15, 1
B15, Trade, 85912.288, 103, B15, S01, 1
B15, Trade, 85931.154, 108, B15, S08, 1
B15, Trade, 85949.212, 103, B15, S17, 1
B15, Trade, 85966.115, 103, B15, S04, 1
B15, Trade, 85981.654, 106, S03, B15, 1
B15, Trade, 85992.308, 98, B15, S09, 1
B15, Trade, 86003.673, 104, B15, S00, 1
B15, Trade, 86009.115, 103, S24, B15, 1
B15, Trade, 86017.904, 102, B15, S00, 1
B15, Trade, 86030.865, 105, B15, S00, 1
B15, Trade, 86035.808, 108, B15, S16, 1
B15, Trade, 86046.385, 105, S18, B15, 1
B15, Trade, 86069.808, 109, S08, B15, 1
B15, Trade, 86075.519, 113, S12, B15, 1
B15, Trade, 86100.519, 112, B15, S15, 1
B15, Trade, 86110.269, 108, S08, B15, 1
B15, Trade, 86119.731, 102, B15, S17, 1
B15, Trade, 86131.500, 107, B15, S22, 1
B15, Trade, 86142.365, 110, B15, S04, 1
B15, Trade, 86147.019, 105, B15, S17, 1
B15, Trade, 86168.423, 107, S23, B15, 1
B15, Trade, 86183.365, 112, B15, S19, 1
B15, Trade, 86186.904, 106, B15, S01, 1
B15, Trade, 86197.019, 104, B15, S15, 1
B15, Trade, 86219.058, 97, B15, S11, 1
B15, Trade, 86225.769, 104, S12, B15, 1
B15, Trade, 86252.712, 113, B15, S06, 1
B15, Trade, 86262.462, 102, S09, B15, 1
B15, Trade, 86273.750, 107, B15, S17, 1
B15, Trade, 86291.173, 107, S07, B15, 1
B15, Trade, 86299.173, 101, B15, S15, 1
B15, Trade, 86314.269, 103, B15, S02, 1
B15, Trade, 86325.288, 108, S20, B15, 1
B15, Trade, 86332.538, 105, S16, B15, 1
B15, Trade, 86337.077, 111, P01, B15, 1
B15, Trade, 86350.596, 99, B15, S18, 1
B15, Trade, 86360.827, 107, B15, S18, 1
B15, Trade, 86374.173, 114, S18, B15, 1
B15, Trade, 86383.442, 106, B15, S19, 1
B15, Trade, 86393.596, 112, B15, S10, 1
B16, 100
B16, Trade, 85045.019, 111, P00, B16, 1
B16, Trade, 85064.231, 106, B16, S07, 1
B16, Trade, 85085.558, 106, S01, B16, 1
B16, Trade, 85101.212, 105, B16, S17, 1
B16, Trade, 85108.442, 108, S13, B16, 1
B16, Trade, 85123.654, 112, P00, B16, 1
B16, Trade, 85138.096, 102, B16, S00, 1
B16, Trade, 85144.462, 103, B16, S20, 1
B16, Trade, 85162.923, 100, S15, B16, 1
B16, Trade, 85169.404, 105, S18, B16, 1
B16, Trade, 85180.192, 105, S22, B16, 1
B16, Trade, 85191.365, 101, B16, S03, 1
B16, Trade, 85209.423, 106, S06, B16, 1
B16, Trade, 85217.885, 111, S12, B16, 1
B16, Trade, 85232.135, 102, B16, S06, 1
B16, Trade, 85237.019, 109, S20, B16, 1
B16, Trade, 85264.519, 101, B16, S15, 1
B16, Trade, 85277.712, 113, P00, B16, 1
B16, Trade, 85284.846, 104, S09, B16, 1
B16, Trade, 85302.135, 104, B16, S15, 1
B16, Trade, 85313.346, 101, B16, S09, 1
B16, Trade, 85320.269, 108, S05, B16, 1
B16, Trade, 85334.942, 96, B16, S22, 1
B16, Trade, 85342.596, 101, S12, B16, 1
B16, Trade, 85378.192, 96, B16, S13, 1
B16, Trade, 85381.750, 104, S00, B16, 1
B16, Trade, 85394.250, 103, B16, S24, 1
B16, Trade, 85402.231, 111, P00, B16, 1
B16, Trade, 85414.788, 102, B16, S06, 1
B16, Trade, 85425.019, 105, S17, B16, 1
B16, Trade, 85444.096, 106, B16, S16, 1
B16, Trade, 85451.865, 102, B16, S20, 1
B16, Trade, 85468.692, 99, B16, S18, 1
B16, Trade, 85476.000, 103, S09, B16, 1
B16, Trade, 85492.692, 103, B16, S07, 1
B16, Trade, 85503.596, 100, B16, S04, 1
B16, Trade, 85506.192, 104, S19, B16, 1
B16, Trade, 85523.231, 100, B16, S09, 1
B16, Trade, 85529.596, 102, B16, S03, 1
B16, Trade, 85547.500, 102, S10, B16, 1
B16, Trade, 85558.750, 106, S05, B16, 1
B16, Trade, 85567.346, 103, B16, S21, 1
B16, Trade, 85574.462, 106, S08, B16, 1
B16, Trade, 85586.846, 110, S05, B16, 1
B16, Trade, 85611.500, 105, S16, B16, 1
B16, Trade, 85620.673, 103, B16, S05, 1
B16, Trade, 85638.000, 98, B16, S15, 1
B16, Trade, 85658.231, 100, S08, B16, 1
B16, Trade, 85666.558, 107, P00, B16, 1
B16, Trade, 85686.615, 105, S02, B16, 1
B16, Trade, 85706.731, 110, S24, B16, 1
B16, Trade, 85733.288, 98, B16, S16, 1
B16, Trade, 85734.154, 101, P00, B16, 1
B16, Trade, 85746.904, 104, S14, B16, 1
B16, Trade, 85768.192, 104, B16, S10, 1
B16, Trade, 85783.596, 107, S13, B16, 1
B16, Trade, 85809.077, 102, B16, S02, 1
B16, Trade, 85812.212, 105, B16, S15, 1
B16, Trade, 85839.750, 109, P00, B16, 1
B16, Trade, 85852.865, 107, B16, S10, 1
B16, Trade, 85866.519, 107, S05, B16, 1
B16, Trade, 85882.769, 108, B16, S01, 1
B16, Trade, 85890.404, 109, B16, S00, 1
B16, Trade, 85914.346, 105, S08, B16, 1
B16, Trade, 85940.365, 107, B16, S03, 1
B16, Trade, 85957.365, 104, B16, S13, 1
B16, Trade, 85961.769, 106, S00, B16, 1
B16, Trade, 85973.038, 105, S21, B16, 1
B16, Trade, 85983.788, 103, B16, S00, 1
B16, Trade, 85997.173, 108, P00, B16, 1
B16, Trade, 86012.058, 101, B16, S04, 1
B16, Trade, 86029.865, 107, S01, B16, 1
B16, Trade, 86034.942, 107, S12, B16, 1
B16, Trade, 86061.212, 106, S05, B16, 1
B16, Trade, 86075.712, 107, B16, S00, 1
B16, Trade, 86092.538, 106, S02, B16, 1
B16, Trade, 86102.385, 105, B16, S04, 1
B16, Trade, 86111.577, 104, B16, S19, 1
B16, Trade, 86121.019, 112, S06, B16, 1
B16, Trade, 86133.096, 106, B16, S00, 1
B16, Trade, 86147.615, 107, S08, B16, 1
B16, Trade, 86159.462, 109, S21, B16, 1
B16, Trade, 86169.923, 107, S14, B16, 1
B16, Trade, 86192.346, 109, S06, B16, 1
B16, Trade, 86194.231, 108, S20, B16, 1
B16, Trade, 86208.788, 103, B16, S01, 1
B16, Trade, 86224.135, 100, B16, S00, 1
B16, Trade, 86234.538, 102, B16, S20, 1
B16, Trade, 86247.058, 105, S05, B16, 1
B16, Trade, 86253.558, 111, B16, S00, 1
B16, Trade, 86264.173, 105, S01, B16, 1
B16, Trade, 86276.538, 104, B16, S04, 1
B16, Trade, 86283.865, 109, B16, S22, 1
B16, Trade, 86292.462, 102, B16, S20, 1
B16, Trade, 86306.750, 114, B16, S08, 1
B16, Trade, 86325.596, 109, P00, B16, 1
B16, Trade, 86344.462, 106, B16, S14, 1
B16, Trade, 86358.750, 105, B16, S02, 1
B16, Trade, 86367.712, 108, B16, S03, 1
B16, Trade, 86386.077, 113, S17, B16, 1
B17, 100
B17, Trade, 84926.808, 110, P00, B17, 1
B17, Trade, 84945.346, 112, S05, B17, 1
B17, Trade, 84958.712, 106, S07, B17, 1
B17, Trade, 84980.481, 110, S05, B17, 1
B17, Trade, 85029.654, 104, B17, S04, 1
B17, Trade, 85033.212, 114, S08, B17, 1
B17, Trade, 85041.077, 111, B17, S22, 1
B17, Trade, 85044.942, 105, B17, S13, 1
B17, Trade, 85060.846, 106, B17, S12, 1
B17, Trade, 85072.558, 109, S18, B17, 1
B17, Trade, 85090.500, 106, S08, B17, 1
B17, Trade, 85108.058, 108, S24, B17, 1
B17, Trade, 85122.385, 113, B17, S04, 1
B17, Trade, 85129.077, 102, B17, S23, 1
B17, Trade, 85147.904, 109, S24, B17, 1
B17, Trade, 85154.615, 112, S09, B17, 1
B17, Trade, 85175.885, 103, B17, S13, 1
B17, Trade, 85190.538, 106, B17, S16, 1
B17, Trade, 85192.962, 108, P01, B17, 1
B17, Trade, 85202.308, 103, S12, B17, 1
B17, Trade, 85217.808, 105, B17, S02, 1
B17, Trade, 85225.365, 105, S24, B17, 1
B17, Trade, 85241.231, 109, S10, B17, 1
B17, Trade, 85246.404, 107, S24, B17, 1
B17, Trade, 85264.058, 104, S05, B17, 1
B17, Trade, 85282.346, 105, S14, B17, 1
B17, Trade, 85286.077, 104, S02, B17, 1
B17, Trade, 85307.269, 109, B17, S07, 1
B17, Trade, 85324.712, 107, B17, S19, 1
B17, Trade, 85356.288, 100, B17, S13, 1
B17, Trade, 85359.731, 112, S17, B17, 1
B17, Trade, 85401.673, 111, S10, B17, 1
B17, Trade, 85413.942, 102, B17, S19, 1
B17, Trade, 85415.846, 107, S04, B17, 1
B17, Trade, 85435.212, 111, S18, B17, 1
B17, Trade, 85446.519, 103, B17, S24, 1
B17, Trade, 85465.154, 107, S19, B17, 1
B17, Trade, 85476.192, 99, S00, B17, 1
B17, Trade, 85502.308, 102, B17, S20, 1
B17, Trade, 85503.827, 101, S08, B17, 1
B17, Trade, 85530.327, 99, B17, S01, 1
B17, Trade, 85544.154, 106, S18, B17, 1
B17, Trade, 85560.712, 107, S03, B17, 1
B17, Trade, 85572.962, 103, B17, S21, 1
B17, Trade, 85577.442, 103, S04, B17, 1
B17, Trade, 85594.692, 106, S04, B17, 1
B17, Trade, 85624.135, 94, B17, S19, 1
B17, Trade, 85633.192, 98, S22, B17, 1
B17, Trade, 85642.808, 97, B17, S07, 1
B17, Trade, 85655.231, 95, B17, S13, 1
B17, Trade, 85694.942, 110, S11, B17, 1
B17, Trade, 85717.000, 100, B17, S00, 1
B17, Trade, 85729.019, 100, B17, S17, 1
B17, Trade, 85731.077, 101, S07, B17, 1
B17, Trade, 85751.212, 101, B17, S15, 1
B17, Trade, 85761.923, 107, B17, S11, 1
B17, Trade, 85777.942, 103, B17, S15, 1
B17, Trade, 85791.250, 109, S07, B17, 1
B17, Trade, 85804.692, 103, B17, S00, 1
B17, Trade, 85821.346, 106, S13, B17, 1
B17, Trade, 85832.000, 107, S01, B17, 1
B17, Trade, 85851.058, 109, S03, B17, 1
B17, Trade, 85856.808, 105, B17, S02, 1
B17, Trade, 85873.423, 97, B17, S22, 1
B17, Trade, 85882.654, 108, B17, S00, 1
B17, Trade, 85884.538, 110, S20, B17, 1
B17, Trade, 85901.327, 96, B17, S06, 1
B17, Trade, 85912.596, 100, B17, S10, 1
B17, Trade, 85918.462, 106, S20, B17, 1
B17, Trade, 85950.731, 108, P00, B17, 1
B17, Trade, 85970.212, 108, B17, S10, 1
B17, Trade, 85986.346, 101, S08, B17, 1
B17, Trade, 85998.462, 102, B17, S05, 1
B17, Trade, 86007.750, 103, S12, B17, 1
B17, Trade, 86039.115, 105, B17, S17, 1
B17, Trade, 86043.904, 105, S10, B17, 1
B17, Trade, 86055.827, 105, S14, B17, 1
B17, Trade, 86078.846, 108, S14, B17, 1
B17, Trade, 86084.385, 108, P00, B17, 1
B17, Trade, 86096.904, 105, B17, S10, 1
B17, Trade, 86114.885, 107, B17, S01, 1
B17, Trade, 86131.385, 108, S12, B17, 1
B17, Trade, 86145.115, 110, S14, B17, 1
B17, Trade, 86163.962, 108, S05, B17, 1
B17, Trade, 86180.558, 111, B17, S00, 1
B17, Trade, 86194.942, 109, S19, B17, 1
B17, Trade, 86206.385, 103, S01, B17, 1
B17, Trade, 86219.673, 97, B17, S22, 1
B17, Trade, 86247.250, 99, B17, S20, 1
B17, Trade, 86259.212, 98, B17, S07, 1
B17, Trade, 86278.673, 104, B17, S10, 1
B17, Trade, 86283.635, 105, B17, S17, 1
B17, Trade, 86288.731, 110, S11, B17, 1
B17, Trade, 86306.365, 109, B17, S22, 1
B17, Trade, 86309.654, 98, B17, S19, 1
B17, Trade, 86336.077, 112, S18, B17, 1
B17, Trade, 86361.596, 106, B17, S09, 1
B17, Trade, 86367.481, 109, B17, S04, 1
B17, Trade, 86370.288, 105, B17, S05, 1
B17, Trade, 86388.462, 116, B17, S24, 1
B18, 100
B18, Trade, 84248.308, 108, S17, B18, 1
B18, Trade, 84254.173, 111, S19, B18, 1
B18, Trade, 84307.269, 103, B18, S08, 1
B18, Trade, 84317.442, 106, S20, B18, 1
B18, Trade, 84328.423, 108, B18, S10, 1
B18, Trade, 84372.596, 105, B18, S07, 1
B18, Trade, 84380.250, 103, B18, S22, 1
B18, Trade, 84399.731, 105, S01, B18, 1
B18, Trade, 84455.212, 102, S11, B18, 1
B18, Trade, 84461.673, 112, S00, B18, 1
B18, Trade, 84477.538, 110, S19, B18, 1
B18, Trade, 84491.923, 109, S03, B18, 1
B18, Trade, 84573.442, 106, S12, B18, 1
B18, Trade, 84573.558, 109, P00, B18, 1
B18, Trade, 84612.173, 110, S12, B18, 1
B18, Trade, 84624.173, 107, B18, S16, 1
B18, Trade, 84657.192, 106, S05, B18, 1
B18, Trade, 84663.423, 109, S13, B18, 1
B18, Trade, 84711.288, 102, B18, S00, 1
B18, Trade, 84729.712, 113, S18, B18, 1
B18, Trade, 84737.423, 113, S09, B18, 1
B18, Trade, 84759.923, 107, S11, B18, 1
B18, Trade, 84766.173, 110, B18, S06, 1
B18, Trade, 84776.058, 114, S14, B18, 1
B18, Trade, 84802.885, 108, B18, S10, 1
B18, Trade, 84810.635, 107, S02, B18, 1
B18, Trade, 84817.346, 104, S16, B18, 1
B18, Trade, 84843.654, 108, S14, B18, 1
B18, Trade, 84874.000, 106, B18, S21, 1
B18, Trade, 84880.673, 103, B18, S19, 1
B18, Trade, 84890.115, 107, S12, B18, 1
B18, Trade, 84896.500, 105, S24, B18, 1
B18, Trade, 84931.212, 108, S08, B18, 1
B18, Trade, 84937.904, 107, S03, B18, 1
B18, Trade, 84954.635, 108, B18, S04, 1
B18, Trade, 85001.731, 107, S12, B18, 1
B18, Trade, 85021.000, 111, S08, B18, 1
B18, Trade, 85031.327, 112, S05, B18, 1
B18, Trade, 85045.712, 115, S06, B18, 1
B18, Trade, 85057.865, 110, S24, B18, 1
B18, Trade, 85103.404, 109, P00, B18, 1
B18, Trade, 85105.769, 110, P00, B18, 1
B18, Trade, 85130.558, 108, B18, S22, 1
B18, Trade, 85164.058, 104, B18, S22, 1
B18, Trade, 85168.692, 107, S20, B18, 1
B18, Trade, 85204.385, 104, S03, B18, 1
B18, Trade, 85229.673, 105, S08, B18, 1
B18, Trade, 85251.058, 103, P00, B18, 1
B18, Trade, 85258.058, 106, S02, B18, 1
B18, Trade, 85263.846, 104, S24, B18, 1
B18, Trade, 85303.519, 108, S00, B18, 1
B18, Trade, 85310.654, 108, S20, B18, 1
B18, Trade, 85323.712, 109, P00, B18, 1
B18, Trade, 85373.846, 105, S01, B18, 1
B18, Trade, 85387.173, 111, S00, B18, 1
B18, Trade, 85415.404, 105, P00, B18, 1
B18, Trade, 85428.673, 106, B18, S07, 1
B18, Trade, 85460.788, 105, S18, B18, 1
B18, Trade, 85488.750, 105, B18, S05, 1
B18, Trade, 85498.058, 109, S04, B18, 1
B18, Trade, 85527.365, 106, S00, B18, 1
B18, Trade, 85562.365, 108, S11, B18, 1
B18, Trade, 85574.827, 106, S01, B18, 1
B18, Trade, 85606.288, 96, S03, B18, 1
B18, Trade, 85610.750, 102, S20, B18, 1
B18, Trade, 85651.577, 97, S04, B18, 1
B18, Trade, 85661.596, 107, S17, B18, 1
B18, Trade, 85747.096, 106, S17, B18, 1
B18, Trade, 85756.519, 102, S08, B18, 1
B18, Trade, 85765.942, 105, B18, S12, 1
B18, Trade, 85787.154, 101, B18, S03, 1
B18, Trade, 85792.808, 109, S16, B18, 1
B18, Trade, 85838.558, 109, S09, B18, 1
B18, Trade, 85845.731, 114, S03, B18, 1
B18, Trade, 85873.615, 98, S18, B18, 1
B18, Trade, 85925.154, 109, S12, B18, 1
B18, Trade, 85945.077, 106, B18, S11, 1
B18, Trade, 85959.346, 103, S05, B18, 1
B18, Trade, 85970.019, 109, B18, S09, 1
B18, Trade, 86023.058, 103, S05, B18, 1
B18, Trade, 86066.327, 106, P00, B18, 1
B18, Trade, 86074.577, 113, S12, B18, 1
B18, Trade, 86085.308, 110, S01, B18, 1
B18, Trade, 86123.731, 109, B18, S07, 1
B18, Trade, 86138.788, 104, S03, B18, 1
B18, Trade, 86172.942, 109, P00, B18, 1
B18, Trade, 86179.000, 106, S09, B18, 1
B18, Trade, 86197.885, 103, B18, S16, 1
B18, Trade, 86214.442, 103, S17, B18, 1
B18, Trade, 86251.519, 114, S12, B18, 1
B18, Trade, 86258.673, 109, S16, B18, 1
B18, Trade, 86274.769, 109, S07, B18, 1
B18, Trade, 86281.519, 109, S20, B18, 1
B18, Trade, 86293.673, 106, B18, S17, 1
B18, Trade, 86298.250, 114, S01, B18, 1
B18, Trade, 86320.231, 105, B18, S03, 1
B18, Trade, 86336.173, 113, B18, S11, 1
B18, Trade, 86356.000, 105, P01, B18, 1
B18, Trade, 86366.058, 110, B18, S14, 1
B18, Trade, 86391.096, 116, B18, S03, 1
B19, 100
B19, Trade, 85090.308, 105, S11, B19, 1
B19, Trade, 85096.846, 113, S12, B19, 1
B19, Trade, 85103.327, 108, B19, S11, 1
B19, Trade, 85137.308, 109, P00, B19, 1
B19, Trade, 85145.192, 102, B19, S02, 1
B19, Trade, 85158.058, 106, S24, B19, 1
B19, Trade, 85184.577, 104, B19, S14, 1
B19, Trade, 85192.731, 111, B19, S22, 1
B19, Trade, 85200.442, 104, P00, B19, 1
B19, Trade, 85205.212, 99, B19, S10, 1
B19, Trade, 85220.288, 108, B19, S16, 1
B19, Trade, 85234.019, 105, S07, B19, 1
B19, Trade, 85258.442, 106, S00, B19, 1
B19, Trade, 85269.673, 104, B19, S17, 1
B19, Trade, 85273.212, 112, S16, B19, 1
B19, Trade, 85295.827, 103, S11, B19, 1
B19, Trade, 85312.346, 105, P00, B19, 1
B19, Trade, 85328.865, 99, B19, S04, 1
B19, Trade, 85331.481, 105, S03, B19, 1
B19, Trade, 85337.808, 96, B19, S18, 1
B19, Trade, 85348.404, 104, B19, S19, 1
B19, Trade, 85355.981, 103, B19, S09, 1
B19, Trade, 85371.538, 106, S04, B19, 1
B19, Trade, 85381.038, 102, B19, S08, 1
B19, Trade, 85392.827, 108, S11, B19, 1
B19, Trade, 85420.481, 100, B19, S10, 1
B19, Trade, 85427.423, 107, B19, S16, 1
B19, Trade, 85441.096, 107, S18, B19, 1
B19, Trade, 85449.231, 100, B19, S18, 1
B19, Trade, 85460.365, 97, B19, S10, 1
B19, Trade, 85465.442, 111, S03, B19, 1
B19, Trade, 85477.231, 98, B19, S14, 1
B19, Trade, 85485.096, 99, B19, S14, 1
B19, Trade, 85506.231, 106, P00, B19, 1
B19, Trade, 85521.308, 101, B19, S17, 1
B19, Trade, 85537.577, 104, S20, B19, 1
B19, Trade, 85560.904, 104, B19, S10, 1
B19, Trade, 85566.269, 110, S16, B19, 1
B19, Trade, 85582.231, 102, B19, S23, 1
B19, Trade, 85591.615, 95, B19, S09, 1
B19, Trade, 85594.654, 99, S23, B19, 1
B19, Trade, 85613.462, 101, B19, S16, 1
B19, Trade, 85620.962, 106, S03, B19, 1
B19, Trade, 85634.769, 95, B19, S19, 1
B19, Trade, 85642.519, 97, B19, S06, 1
B19, Trade, 85646.885, 97, B19, S12, 1
B19, Trade, 85664.596, 106, S24, B19, 1
B19, Trade, 85675.769, 106, B19, S10, 1
B19, Trade, 85681.115, 101, B19, S09, 1
B19, Trade, 85691.712, 101, B19, S01, 1
B19, Trade, 85701.615, 101, S05, B19, 1
B19, Trade, 85726.788, 103, S12, B19, 1
B19, Trade, 85743.904, 101, B19, S12, 1
B19, Trade, 85747.173, 107, S09, B19, 1
B19, Trade, 85762.538, 104, B19, S21, 1
B19, Trade, 85773.808, 100, B19, S20, 1
B19, Trade, 85787.577, 104, S04, B19, 1
B19, Trade, 85801.942, 100, B19, S17, 1
B19, Trade, 85816.808, 103, B19, S09, 1
B19, Trade, 85839.615, 108, S08, B19, 1
B19, Trade, 85851.192, 108, B19, S04, 1
B19, Trade, 85858.923, 107, S20, B19, 1
B19, Trade, 85872.250, 97, S20, B19, 1
B19, Trade, 85893.923, 107, S19, B19, 1
B19, Trade, 85907.673, 108, B19, S17, 1
B19, Trade, 85917.558, 105, B19, S04, 1
B19, Trade, 85923.385, 110, B19, S14, 1
B19, Trade, 85935.846, 109, B19, S02, 1
B19, Trade, 85946.327, 108, S18, B19, 1
B19, Trade, 85966.596, 110, S01, B19, 1
B19, Trade, 85981.942, 105, S12, B19, 1
B19, Trade, 86003.981, 103, B19, S09, 1
B19, Trade, 86014.346, 102, S03, B19, 1
B19, Trade, 86029.673, 105, B19, S21, 1
B19, Trade, 86043.192, 104, B19, S22, 1
B19, Trade, 86047.000, 107, S09, B19, 1
B19, Trade, 86066.596, 109, S09, B19, 1
B19, Trade, 86074.058, 114, P00, B19, 1
B19, Trade, 86091.596, 99, B19, S15, 1
B19, Trade, 86101.981, 108, B19, S18, 1
B19, Trade, 86110.942, 107, B19, S18, 1
B19, Trade, 86116.654, 109, S14, B19, 1
B19, Trade, 86128.558, 109, B19, S06, 1
B19, Trade, 86135.865, 104, S11, B19, 1
B19, Trade, 86153.000, 110, B19, S00, 1
B19, Trade, 86160.519, 109, B19, S09, 1
B19, Trade, 86176.346, 105, B19, S08, 1
B19, Trade, 86191.615, 106, S15, B19, 1
B19, Trade, 86216.846, 98, B19, S07, 1
B19, Trade, 86221.596, 104, S18, B19, 1
B19, Trade, 86255.962, 109, B19, S15, 1
B19, Trade, 86283.654, 110, S06, B19, 1
B19, Trade, 86304.654, 112, S08, B19, 1
B19, Trade, 86316.115, 105, B19, S06, 1
B19, Trade, 86325.500, 107, B19, S08, 1
B19, Trade, 86331.519, 103, P00, B19, 1
B19, Trade, 86334.712, 111, B19, S00, 1
B19, Trade, 86365.000, 109, P00, B19, 1
B19, Trade, 86368.558, 107, B19, S21, 1
B19, Trade, 86388.635, 104, B19, S07, 1
B20, 100
B20, Trade, 85157.865, 106, S07, B20, 1
B20, Trade, 85167.808, 102, S12, B20, 1
B20, Trade, 85192.827, 113, S01, B20, 1
B20, Trade, 85198.558, 99, B20, S04, 1
B20, Trade, 85221.404, 109, P00, B20, 1
B20, Trade, 85233.558, 106, S16, B20, 1
B20, Trade, 85236.481, 111, S12, B20, 1
B20, Trade, 85244.404, 104, S06, B20, 1
B20, Trade, 85261.865, 107, S06, B20, 1
B20, Trade, 85273.981, 113, S18, B20, 1
B20, Trade, 85291.885, 103, P00, B20, 1
B20, Trade, 85298.192, 103, P00, B20, 1
B20, Trade, 85318.000, 105, B20, S17, 1
B20, Trade, 85327.385, 102, S11, B20, 1
B20, Trade, 85342.519, 99, S08, B20, 1
B20, Trade, 85344.135, 102, P00, B20, 1
B20, Trade, 85362.865, 108, S03, B20, 1
B20, Trade, 85366.212, 106, S06, B20, 1
B20, Trade, 85394.154, 104, S05, B20, 1
B20, Trade, 85395.923, 104, S12, B20, 1
B20, Trade, 85412.404, 107, S05, B20, 1
B20, Trade, 85420.192, 109, S14, B20, 1
B20, Trade, 85425.385, 110, S10, B20, 1
B20, Trade, 85432.788, 112, S19, B20, 1
B20, Trade, 85443.865, 110, S04, B20, 1
B20, Trade, 85455.481, 102, S24, B20, 1
B20, Trade, 85463.904, 105, S20, B20, 1
B20, Trade, 85475.904, 101, S08, B20, 1
B20, Trade, 85483.269, 107, S22, B20, 1
B20, Trade, 85494.712, 108, S12, B20, 1
B20, Trade, 85506.981, 109, S12, B20, 1
B20, Trade, 85519.712, 105, P00, B20, 1
B20, Trade, 85532.308, 102, S24, B20, 1
B20, Trade, 85540.404, 101, B20, S07, 1
B20, Trade, 85544.346, 108, S11, B20, 1
B20, Trade, 85562.192, 101, B20, S17, 1
B20, Trade, 85565.500, 110, P00, B20, 1
B20, Trade, 85573.673, 108, S07, B20, 1
B20, Trade, 85592.288, 95, B20, S00, 1
B20, Trade, 85596.750, 104, B20, S23, 1
B20, Trade, 85621.077, 105, B20, S13, 1
B20, Trade, 85630.962, 97, S07, B20, 1
B20, Trade, 85650.346, 97, S03, B20, 1
B20, Trade, 85673.423, 106, B20, S07, 1
B20, Trade, 85684.135, 106, S01, B20, 1
B20, Trade, 85696.712, 105, S01, B20, 1
B20, Trade, 85714.154, 99, B20, S20, 1
B20, Trade, 85722.827, 100, S02, B20, 1
B20, Trade, 85729.000, 103, S18, B20, 1
B20, Trade, 85746.538, 102, S11, B20, 1
B20, Trade, 85763.250, 109, S10, B20, 1
B20, Trade, 85767.058, 107, S13, B20, 1
B20, Trade, 85776.904, 105, S03, B20, 1
B20, Trade, 85788.788, 108, S19, B20, 1
B20, Trade, 85793.423, 105, B20, S11, 1
B20, Trade, 85810.865, 102, B20, S07, 1
B20, Trade, 85821.019, 103, S14, B20, 1
B20, Trade, 85829.750, 107, S11, B20, 1
B20, Trade, 85841.731, 113, S02, B20, 1
B20, Trade, 85854.269, 106, B20, S17, 1
B20, Trade, 85864.308, 110, B20, S03, 1
B20, Trade, 85882.712, 110, S08, B20, 1
B20, Trade, 85890.981, 110, S18, B20, 1
B20, Trade, 85896.692, 102, B20, S04, 1
B20, Trade, 85914.481, 110, S05, B20, 1
B20, Trade, 85919.942, 110, S18, B20, 1
B20, Trade, 85942.346, 106, B20, S15, 1
B20, Trade, 85954.154, 108, S02, B20, 1
B20, Trade, 85964.750, 105, S11, B20, 1
B20, Trade, 85987.250, 99, S11, B20, 1
B20, Trade, 85994.577, 108, S05, B20, 1
B20, Trade, 86029.981, 105, B20, S04, 1
B20, Trade, 86042.288, 107, S11, B20, 1
B20, Trade, 86057.769, 105, S12, B20, 1
B20, Trade, 86064.192, 104, S01, B20, 1
B20, Trade, 86085.731, 110, B20, S19, 1
B20, Trade, 86098.827, 109, P01, B20, 1
B20, Trade, 86105.096, 105, S11, B20, 1
B20, Trade, 86118.808, 111, S22, B20, 1
B20, Trade, 86130.288, 108, B20, S17, 1
B20, Trade, 86141.923, 109, B20, S13, 1
B20, Trade, 86160.288, 109, B20, S10, 1
B20, Trade, 86168.615, 109, S20, B20, 1
B20, Trade, 86179.385, 106, P00, B20, 1
B20, Trade, 86198.923, 111, S00, B20, 1
B20, Trade, 86214.712, 99, B20, S20, 1
B20, Trade, 86219.308, 98, S09, B20, 1
B20, Trade, 86232.327, 103, B20, S01, 1
B20, Trade, 86248.212, 106, S16, B20, 1
B20, Trade, 86264.385, 101, B20, S10, 1
B20, Trade, 86267.673, 105, S02, B20, 1
B20, Trade, 86278.558, 106, S18, B20, 1
B20, Trade, 86286.923, 113, S19, B20, 1
B20, Trade, 86303.808, 114, S09, B20, 1
B20, Trade, 86311.712, 105, S20, B20, 1
B20, Trade, 86348.154, 109, S15, B20, 1
B20, Trade, 86358.500, 106, B20, S15, 1
B20, Trade, 86367.308, 112, S01, B20, 1
B20, Trade, 86380.173, 112, S08, B20, 1
B20, Trade, 86399.019, 107, B20, S24, 1
B21, 100
B21, Trade, 85187.558, 108, B21, S19, 1
B21, Trade, 85200.500, 101, B21, S01, 1
B21, Trade, 85209.385, 101, B21, S00, 1
B21, Trade, 85222.231, 104, B21, S00, 1
B21, Trade, 85224.577, 103, B21, S10, 1
B21, Trade, 85238.000, 110, S09, B21, 1
B21, Trade, 85253.058, 102, B21, S15, 1
B21, Trade, 85261.654, 107, S01, B21, 1
B21, Trade, 85271.865, 107, B21, S03, 1
B21, Trade, 85305.058, 112, B21, S23, 1
B21, Trade, 85322.385, 108, B21, S20, 1
B21, Trade, 85330.154, 100, B21, S09, 1
B21, Trade, 85338.250, 96, B21, S20, 1
B21, Trade, 85345.500, 100, B21, S04, 1
B21, Trade, 85370.538, 105, B21, S07, 1
B21, Trade, 85390.269, 109, B21, S18, 1
B21, Trade, 85397.500, 108, B21, S08, 1
B21, Trade, 85408.692, 108, B21, S13, 1
B21, Trade, 85417.115, 107, B21, S08, 1
B21, Trade, 85439.750, 104, B21, S19, 1
B21, Trade, 85454.135, 104, S06, B21, 1
B21, Trade, 85464.423, 105, S16, B21, 1
B21, Trade, 85477.442, 98, B21, S20, 1
B21, Trade, 85501.288, 105, B21, S22, 1
B21, Trade, 85521.519, 101, B21, S09, 1
B21, Trade, 85551.558, 101, B21, S15, 1
B21, Trade, 85557.365, 108, B21, S12, 1
B21, Trade, 85566.962, 106, B21, S14, 1
B21, Trade, 85582.000, 107, B21, S13, 1
B21, Trade, 85586.365, 102, B21, S17, 1
B21, Trade, 85602.365, 93, B21, S11, 1
B21, Trade, 85609.115, 98, B21, S13, 1
B21, Trade, 85615.481, 104, B21, S08, 1
B21, Trade, 85633.538, 96, B21, S00, 1
B21, Trade, 85636.500, 102, B21, S13, 1
B21, Trade, 85652.519, 96, B21, S04, 1
B21, Trade, 85662.481, 98, B21, S17, 1
B21, Trade, 85667.885, 106, B21, S11, 1
B21, Trade, 85672.635, 104, B21, S01, 1
B21, Trade, 85691.481, 103, P00, B21, 1
B21, Trade, 85701.327, 101, B21, S12, 1
B21, Trade, 85706.923, 98, B21, S10, 1
B21, Trade, 85719.365, 100, B21, S03, 1
B21, Trade, 85725.462, 103, S11, B21, 1
B21, Trade, 85738.865, 100, S15, B21, 1
B21, Trade, 85745.154, 103, P00, B21, 1
B21, Trade, 85754.981, 102, B21, S03, 1
B21, Trade, 85765.096, 107, S24, B21, 1
B21, Trade, 85786.096, 102, S12, B21, 1
B21, Trade, 85806.327, 104, S11, B21, 1
B21, Trade, 85824.212, 103, B21, S22, 1
B21, Trade, 85828.692, 107, B21, S16, 1
B21, Trade, 85838.462, 107, S05, B21, 1
B21, Trade, 85849.423, 109, B21, S08, 1
B21, Trade, 85868.385, 100, B21, S15, 1
B21, Trade, 85880.808, 109, B21, S04, 1
B21, Trade, 85893.635, 102, B21, S17, 1
B21, Trade, 85894.673, 104, B21, S09, 1
B21, Trade, 85913.538, 101, B21, S00, 1
B21, Trade, 85925.731, 111, B21, S13, 1
B21, Trade, 85934.250, 110, S01, B21, 1
B21, Trade, 85941.615, 107, B21, S01, 1
B21, Trade, 85957.481, 99, B21, S10, 1
B21, Trade, 85965.000, 104, B21, S15, 1
B21, Trade, 85977.365, 105, B21, S07, 1
B21, Trade, 85993.481, 98, B21, S03, 1
B21, Trade, 85998.577, 102, B21, S18, 1
B21, Trade, 86005.827, 103, B21, S17, 1
B21, Trade, 86027.519, 106, S17, B21, 1
B21, Trade, 86049.077, 103, B21, S00, 1
B21, Trade, 86058.462, 104, B21, S02, 1
B21, Trade, 86072.731, 113, S05, B21, 1
B21, Trade, 86084.308, 105, B21, S00, 1
B21, Trade, 86092.923, 98, B21, S17, 1
B21, Trade, 86098.731, 108, B21, S08, 1
B21, Trade, 86111.942, 102, B21, S13, 1
B21, Trade, 86122.500, 105, B21, S04, 1
B21, Trade, 86134.096, 105, S10, B21, 1
B21, Trade, 86140.192, 112, B21, S14, 1
B21, Trade, 86162.654, 108, B21, S17, 1
B21, Trade, 86178.231, 101, B21, S18, 1
B21, Trade, 86188.000, 105, B21, S11, 1
B21, Trade, 86189.346, 106, S22, B21, 1
B21, Trade, 86203.365, 105, B21, S06, 1
B21, Trade, 86210.885, 104, B21, S08, 1
B21, Trade, 86220.212, 98, B21, S17, 1
B21, Trade, 86228.154, 103, B21, S03, 1
B21, Trade, 86240.904, 107, B21, S07, 1
B21, Trade, 86253.673, 112, B21, S17, 1
B21, Trade, 86263.692, 102, B21, S08, 1
B21, Trade, 86267.442, 104, B21, S16, 1
B21, Trade, 86275.981, 106, S15, B21, 1
B21, Trade, 86298.923, 102, B21, S03, 1
B21, Trade, 86314.712, 105, P00, B21, 1
B21, Trade, 86318.788, 102, B21, S10, 1
B21, Trade, 86343.365, 106, B21, S06, 1
B21, Trade, 86353.673, 101, B21, S17, 1
B21, Trade, 86360.000, 107, S05, B21, 1
B21, Trade, 86371.481, 106, P00, B21, 1
B21, Trade, 86382.019, 104, B21, S15, 1
B22, 100
B22, Trade, 85063.404, 107, B22, S10, 1
B22, Trade, 85084.846, 107, B22, S15, 1
B22, Trade, 85091.173, 110, S22, B22, 1
B22, Trade, 85096.385, 113, B22, S06, 1
B22, Trade, 85111.288, 109, B22, S03, 1
B22, Trade, 85120.712, 107, B22, S07, 1
B22, Trade, 85131.885, 103, S21, B22, 1
B22, Trade, 85151.462, 103, B22, S01, 1
B22, Trade, 85153.288, 104, B22, S13, 1
B22, Trade, 85175.423, 105, S00, B22, 1
B22, Trade, 85191.558, 100, B22, S15, 1
B22, Trade, 85198.538, 106, S16, B22, 1
B22, Trade, 85216.769, 111, S02, B22, 1
B22, Trade, 85231.769, 104, B22, S15, 1
B22, Trade, 85239.981, 109, B22, S19, 1
B22, Trade, 85251.442, 101, B22, S18, 1
B22, Trade, 85264.365, 102, B22, S11, 1
B22, Trade, 85274.712, 113, S04, B22, 1
B22, Trade, 85291.692, 101, B22, S13, 1
B22, Trade, 85322.192, 109, B22, S02, 1
B22, Trade, 85330.500, 103, S22, B22, 1
B22, Trade, 85342.923, 102, S13, B22, 1
B22, Trade, 85365.365, 105, B22, S08, 1
B22, Trade, 85376.635, 102, B22, S19, 1
B22, Trade, 85388.981, 112, S12, B22, 1
B22, Trade, 85401.712, 109, B22, S17, 1
B22, Trade, 85415.885, 104, B22, S20, 1
B22, Trade, 85425.712, 98, B22, S01, 1
B22, Trade, 85432.327, 107, S09, B22, 1
B22, Trade, 85465.673, 113, S07, B22, 1
B22, Trade, 85474.115, 102, S05, B22, 1
B22, Trade, 85485.635, 101, S20, B22, 1
B22, Trade, 85502.500, 101, B22, S16, 1
B22, Trade, 85510.904, 103, B22, S22, 1
B22, Trade, 85526.865, 103, B22, S17, 1
B22, Trade, 85537.058, 101, B22, S10, 1
B22, Trade, 85542.135, 102, S09, B22, 1
B22, Trade, 85562.558, 110, S16, B22, 1
B22, Trade, 85574.000, 105, P00, B22, 1
B22, Trade, 85585.154, 106, S14, B22, 1
B22, Trade, 85609.365, 97, B22, S21, 1
B22, Trade, 85617.250, 105, S06, B22, 1
B22, Trade, 85623.442, 97, B22, S17, 1
B22, Trade, 85627.788, 93, S01, B22, 1
B22, Trade, 85659.442, 102, S24, B22, 1
B22, Trade, 85669.115, 106, S12, B22, 1
B22, Trade, 85680.750, 102, B22, S15, 1
B22, Trade, 85690.192, 104, S08, B22, 1
B22, Trade, 85695.462, 102, B22, S20, 1
B22, Trade, 85712.808, 99, B22, S15, 1
B22, Trade, 85727.750, 101, B22, S24, 1
B22, Trade, 85729.115, 104, S03, B22, 1
B22, Trade, 85740.827, 99, B22, S19, 1
B22, Trade, 85751.904, 100, B22, S20, 1
B22, Trade, 85756.923, 103, S01, B22, 1
B22, Trade, 85767.346, 104, B22, S00, 1
B22, Trade, 85786.385, 105, S24, B22, 1
B22, Trade, 85813.596, 104, B22, S01, 1
B22, Trade, 85825.827, 105, B22, S06, 1
B22, Trade, 85852.173, 109, S18, B22, 1
B22, Trade, 85856.308, 106, B22, S05, 1
B22, Trade, 85866.038, 106, B22, S10, 1
B22, Trade, 85889.115, 104, B22, S10, 1
B22, Trade, 85893.423, 104, S14, B22, 1
B22, Trade, 85896.231, 105, S01, B22, 1
B22, Trade, 85911.827, 105, B22, S22, 1
B22, Trade, 85927.750, 108, B22, S04, 1
B22, Trade, 85953.442, 107, S08, B22, 1
B22, Trade, 85966.288, 107, P00, B22, 1
B22, Trade, 85993.904, 100, S12, B22, 1
B22, Trade, 85997.327, 102, B22, S17, 1
B22, Trade, 86013.096, 110, S10, B22, 1
B22, Trade, 86024.115, 101, B22, S24, 1
B22, Trade, 86038.250, 106, B22, S12, 1
B22, Trade, 86042.692, 108, S04, B22, 1
B22, Trade, 86057.481, 105, S08, B22, 1
B22, Trade, 86076.308, 108, B22, S09, 1
B22, Trade, 86102.423, 103, B22, S00, 1
B22, Trade, 86103.692, 108, S02, B22, 1
B22, Trade, 86119.327, 112, B22, S00, 1
B22, Trade, 86128.365, 110, S12, B22, 1
B22, Trade, 86148.500, 113, S19, B22, 1
B22, Trade, 86164.115, 106, B22, S13, 1
B22, Trade, 86197.692, 108, S23, B22, 1
B22, Trade, 86211.615, 103, B22, S10, 1
B22, Trade, 86226.058, 102, B22, S15, 1
B22, Trade, 86233.462, 103, B22, S06, 1
B22, Trade, 86239.654, 107, S24, B22, 1
B22, Trade, 86246.692, 105, S11, B22, 1
B22, Trade, 86272.769, 110, S12, B22, 1
B22, Trade, 86286.654, 107, B22, S05, 1
B22, Trade, 86291.442, 103, B22, S15, 1
B22, Trade, 86305.327, 110, B22, S10, 1
B22, Trade, 86307.962, 112, S24, B22, 1
B22, Trade, 86326.615, 107, B22, S04, 1
B22, Trade, 86333.250, 102, B22, S16, 1
B22, Trade, 86345.135, 106, P00, B22, 1
B22, Trade, 86365.750, 107, B22, S17, 1
B22, Trade, 86383.731, 103, B22, S18, 1
B22, Trade, 86383.769, 108, S03, B22, 1
B23, 100
B23, Trade, 84995.192, 107, B23, S15, 1
B23, Trade, 84997.846, 111, S24, B23, 1
B23, Trade, 85007.000, 109, S05, B23, 1
B23, Trade, 85030.096, 102, B23, S21, 1
B23, Trade, 85031.038, 112, S22, B23, 1
B23, Trade, 85038.077, 112, B23, S10, 1
B23, Trade, 85050.192, 105, B23, S09, 1
B23, Trade, 85062.615, 107, B23, S09, 1
B23, Trade, 85067.808, 105, S05, B23, 1
B23, Trade, 85083.538, 114, S20, B23, 1
B23, Trade, 85108.865, 109, S16, B23, 1
B23, Trade, 85119.731, 111, P00, B23, 1
B23, Trade, 85131.692, 107, B23, S02, 1
B23, Trade, 85142.308, 106, B23, S16, 1
B23, Trade, 85157.173, 104, B23, S04, 1
B23, Trade, 85173.327, 102, B23, S15, 1
B23, Trade, 85181.250, 107, S05, B23, 1
B23, Trade, 85190.365, 111, S09, B23, 1
B23, Trade, 85230.154, 106, S18, B23, 1
B23, Trade, 85251.500, 104, S20, B23, 1
B23, Trade, 85261.423, 104, B23, S19, 1
B23, Trade, 85272.308, 109, S02, B23, 1
B23, Trade, 85282.481, 103, B23, S17, 1
B23, Trade, 85296.615, 100, B23, S06, 1
B23, Trade, 85308.769, 102, B23, S14, 1
B23, Trade, 85311.750, 104, S01, B23, 1
B23, Trade, 85320.173, 109, S11, B23, 1
B23, Trade, 85331.712, 98, B23, S00, 1
B23, Trade, 85339.673, 103, S14, B23, 1
B23, Trade, 85374.077, 101, B23, S14, 1
B23, Trade, 85379.788, 103, S24, B23, 1
B23, Trade, 85391.596, 107, B23, S22, 1
B23, Trade, 85423.096, 105, S03, B23, 1
B23, Trade, 85446.462, 103, B23, S00, 1
B23, Trade, 85452.462, 103, B23, S12, 1
B23, Trade, 85468.885, 104, S14, B23, 1
B23, Trade, 85482.615, 97, B23, S19, 1
B23, Trade, 85488.904, 106, P00, B23, 1
B23, Trade, 85498.250, 103, B23, S10, 1
B23, Trade, 85510.423, 104, B23, S10, 1
B23, Trade, 85519.615, 101, B23, S14, 1
B23, Trade, 85525.077, 104, B23, S19, 1
B23, Trade, 85543.077, 103, S17, B23, 1
B23, Trade, 85555.615, 105, S18, B23, 1
B23, Trade, 85572.423, 104, B23, S11, 1
B23, Trade, 85591.038, 96, B23, S19, 1
B23, Trade, 85593.500, 99, S12, B23, 1
B23, Trade, 85606.942, 101, S19, B23, 1
B23, Trade, 85621.135, 109, S09, B23, 1
B23, Trade, 85627.712, 91, S24, B23, 1
B23, Trade, 85638.038, 99, S11, B23, 1
B23, Trade, 85645.019, 98, S24, B23, 1
B23, Trade, 85670.923, 108, S13, B23, 1
B23, Trade, 85678.000, 105, B23, S14, 1
B23, Trade, 85682.981, 104, P00, B23, 1
B23, Trade, 85711.596, 100, B23, S22, 1
B23, Trade, 85724.115, 103, B23, S06, 1
B23, Trade, 85727.808, 102, S08, B23, 1
B23, Trade, 85739.423, 100, B23, S00, 1
B23, Trade, 85749.327, 102, S07, B23, 1
B23, Trade, 85792.365, 107, B23, S13, 1
B23, Trade, 85798.462, 102, S12, B23, 1
B23, Trade, 85810.769, 102, B23, S18, 1
B23, Trade, 85822.269, 106, S20, B23, 1
B23, Trade, 85843.308, 106, B23, S02, 1
B23, Trade, 85865.423, 108, B23, S12, 1
B23, Trade, 85874.288, 97, B23, S09, 1
B23, Trade, 85888.788, 109, S05, B23, 1
B23, Trade, 85909.000, 109, S12, B23, 1
B23, Trade, 85924.423, 108, B23, S09, 1
B23, Trade, 85943.096, 109, S22, B23, 1
B23, Trade, 85965.269, 103, B23, S19, 1
B23, Trade, 85976.135, 103, B23, S02, 1
B23, Trade, 85984.115, 104, S12, B23, 1
B23, Trade, 85989.135, 97, B23, S24, 1
B23, Trade, 85999.038, 102, B23, S19, 1
B23, Trade, 86015.673, 108, S12, B23, 1
B23, Trade, 86064.077, 100, B23, S21, 1
B23, Trade, 86080.885, 100, B23, S18, 1
B23, Trade, 86081.058, 108, S07, B23, 1
B23, Trade, 86092.865, 101, S05, B23, 1
B23, Trade, 86099.019, 110, S18, B23, 1
B23, Trade, 86119.615, 111, B23, S23, 1
B23, Trade, 86123.692, 111, S22, B23, 1
B23, Trade, 86143.269, 109, B23, S24, 1
B23, Trade, 86154.019, 109, B23, S00, 1
B23, Trade, 86163.288, 105, B23, S19, 1
B23, Trade, 86165.288, 108, S05, B23, 1
B23, Trade, 86190.654, 105, B23, S17, 1
B23, Trade, 86208.596, 106, B23, S05, 1
B23, Trade, 86232.596, 108, S05, B23, 1
B23, Trade, 86241.115, 107, B23, S19, 1
B23, Trade, 86273.558, 110, S13, B23, 1
B23, Trade, 86284.942, 108, B23, S06, 1
B23, Trade, 86299.981, 116, S18, B23, 1
B23, Trade, 86324.673, 107, B23, S03, 1
B23, Trade, 86337.865, 110, S16, B23, 1
B23, Trade, 86364.904, 107, B23, S12, 1
B23, Trade, 86373.000, 108, S11, B23, 1
B23, Trade, 86374.769, 115, S08, B23, 1
B24, 100
B24, Trade, 84940.327, 107, S09, B24, 1
B24, Trade, 84945.750, 111, B24, S19, 1
B24, Trade, 84953.750, 110, S14, B24, 1
B24, Trade, 84996.731, 107, B24, S00, 1
B24, Trade, 85008.135, 108, S08, B24, 1
B24, Trade, 85044.250, 110, S12, B24, 1
B24, Trade, 85058.500, 110, P00, B24, 1
B24, Trade, 85078.308, 110, B24, S04, 1
B24, Trade, 85080.577, 111, S06, B24, 1
B24, Trade, 85090.673, 102, B24, S20, 1
B24, Trade, 85101.346, 107, S15, B24, 1
B24, Trade, 85103.788, 109, S09, B24, 1
B24, Trade, 85118.327, 111, B24, S20, 1
B24, Trade, 85131.288, 111, B24, S00, 1
B24, Trade, 85159.308, 107, S12, B24, 1
B24, Trade, 85173.538, 107, S16, B24, 1
B24, Trade, 85210.769, 107, S24, B24, 1
B24, Trade, 85222.558, 104, B24, S09, 1
B24, Trade, 85235.596, 107, S24, B24, 1
B24, Trade, 85246.673, 106, S07, B24, 1
B24, Trade, 85261.462, 104, B24, S09, 1
B24, Trade, 85278.154, 105, B24, S22, 1
B24, Trade, 85294.865, 100, B24, S13, 1
B24, Trade, 85301.154, 106, S04, B24, 1
B24, Trade, 85312.173, 101, B24, S04, 1
B24, Trade, 85312.981, 105, S19, B24, 1
B24, Trade, 85326.808, 100, B24, S13, 1
B24, Trade, 85350.423, 103, B24, S10, 1
B24, Trade, 85362.135, 107, B24, S16, 1
B24, Trade, 85373.788, 102, B24, S18, 1
B24, Trade, 85382.846, 110, S01, B24, 1
B24, Trade, 85403.327, 108, B24, S22, 1
B24, Trade, 85413.712, 104, B24, S16, 1
B24, Trade, 85431.058, 110, S12, B24, 1
B24, Trade, 85463.135, 104, S04, B24, 1
B24, Trade, 85469.173, 92, B24, S01, 1
B24, Trade, 85480.519, 100, S18, B24, 1
B24, Trade, 85492.038, 104, B24, S22, 1
B24, Trade, 85507.231, 99, B24, S16, 1
B24, Trade, 85518.192, 105, S07, B24, 1
B24, Trade, 85528.577, 107, B24, S10, 1
B24, Trade, 85546.904, 103, B24, S06, 1
B24, Trade, 85558.365, 106, B24, S09, 1
B24, Trade, 85572.981, 102, B24, S17, 1
B24, Trade, 85583.827, 106, S24, B24, 1
B24, Trade, 85601.385, 94, S09, B24, 1
B24, Trade, 85617.731, 104, B24, S11, 1
B24, Trade, 85627.846, 94, S02, B24, 1
B24, Trade, 85660.288, 98, B24, S20, 1
B24, Trade, 85662.231, 106, S16, B24, 1
B24, Trade, 85676.231, 106, B24, S12, 1
B24, Trade, 85691.346, 103, S07, B24, 1
B24, Trade, 85702.077, 99, B24, S16, 1
B24, Trade, 85703.596, 101, S08, B24, 1
B24, Trade, 85722.538, 99, B24, S14, 1
B24, Trade, 85732.769, 101, S05, B24, 1
B24, Trade, 85751.731, 103, S05, B24, 1
B24, Trade, 85774.250, 105, S07, B24, 1
B24, Trade, 85820.212, 98, B24, S17, 1
B24, Trade, 85822.115, 105, S11, B24, 1
B24, Trade, 85832.635, 105, B24, S15, 1
B24, Trade, 85843.019, 104, B24, S20, 1
B24, Trade, 85843.615, 113, S24, B24, 1
B24, Trade, 85857.173, 104, B24, S19, 1
B24, Trade, 85873.154, 100, S08, B24, 1
B24, Trade, 85878.308, 110, S13, B24, 1
B24, Trade, 85898.462, 99, B24, S16, 1
B24, Trade, 85909.904, 107, B24, S03, 1
B24, Trade, 85922.846, 112, S02, B24, 1
B24, Trade, 85928.654, 107, B24, S18, 1
B24, Trade, 85934.231, 110, S19, B24, 1
B24, Trade, 85966.135, 102, B24, S22, 1
B24, Trade, 85973.942, 105, S14, B24, 1
B24, Trade, 85990.596, 97, S00, B24, 1
B24, Trade, 86002.404, 100, B24, S20, 1
B24, Trade, 86015.327, 108, S17, B24, 1
B24, Trade, 86031.365, 104, B24, S14, 1
B24, Trade, 86045.308, 104, B24, S02, 1
B24, Trade, 86056.673, 106, S16, B24, 1
B24, Trade, 86075.635, 110, B24, S04, 1
B24, Trade, 86086.769, 106, B24, S22, 1
B24, Trade, 86099.885, 112, B24, S03, 1
B24, Trade, 86115.577, 106, B24, S20, 1
B24, Trade, 86119.000, 122, S02, B24, 1
B24, Trade, 86126.846, 110, B24, S14, 1
B24, Trade, 86162.327, 109, S11, B24, 1
B24, Trade, 86177.731, 103, B24, S22, 1
B24, Trade, 86179.500, 108, S06, B24, 1
B24, Trade, 86202.288, 109, P00, B24, 1
B24, Trade, 86243.115, 106, S11, B24, 1
B24, Trade, 86254.692, 110, B24, S24, 1
B24, Trade, 86261.365, 101, S05, B24, 1
B24, Trade, 86283.038, 102, B24, S00, 1
B24, Trade, 86288.712, 105, B24, S19, 1
B24, Trade, 86306.269, 111, S22, B24, 1
B24, Trade, 86341.750, 108, B24, S17, 1
B24, Trade, 86348.038, 102, S07, B24, 1
B24, Trade, 86363.846, 105, B24, S17, 1
B24, Trade, 86382.308, 108, S24, B24, 1
B24, Trade, 86384.808, 109, B24, S22, 1
S00, 100
S00, Trade, 85238.615, 109, B15, S00, 1
S00, Trade, 85247.327, 104, B15, S00, 1
S00, Trade, 85258.442, 106, S00, B19, 1
S00, Trade, 85267.462, 101, B04, S00, 1
S00, Trade, 85276.154, 109, B05, S00, 1
S00, Trade, 85288.981, 102, P00, S00, 1
S00, Trade, 85303.519, 108, S00, B18, 1
S00, Trade, 85307.635, 109, B02, S00, 1
S00, Trade, 85331.712, 98, B23, S00, 1
S00, Trade, 85341.385, 96, P00, S00, 1
S00, Trade, 85343.673, 96, B14, S00, 1
S00, Trade, 85354.577, 109, B00, S00, 1
S00, Trade, 85381.750, 104, S00, B16, 1
S00, Trade, 85387.173, 111, S00, B18, 1
S00, Trade, 85396.000, 108, S00, B09, 1
S00, Trade, 85405.346, 107, B03, S00, 1
S00, Trade, 85442.269, 107, S00, B15, 1
S00, Trade, 85446.462, 103, B23, S00, 1
S00, Trade, 85457.615, 100, B03, S00, 1
S00, Trade, 85464.827, 103, P00, S00, 1
S00, Trade, 85476.192, 99, S00, B17, 1
S00, Trade, 85487.635, 102, P00, S00, 1
S00, Trade, 85497.692, 104, P00, S00, 1
S00, Trade, 85512.385, 98, P00, S00, 1
S00, Trade, 85527.365, 106, S00, B18, 1
S00, Trade, 85542.942, 102, B11, S00, 1
S00, Trade, 85562.500, 109, S00, B03, 1
S00, Trade, 85564.000, 102, B06, S00, 1
S00, Trade, 85576.096, 99, B04, S00, 1
S00, Trade, 85592.288, 95, B20, S00, 1
S00, Trade, 85608.519, 97, B13, S00, 1
S00, Trade, 85621.423, 103, P00, S00, 1
S00, Trade, 85633.538, 96, B21, S00, 1
S00, Trade, 85654.038, 98, S00, B01, 1
S00, Trade, 85659.462, 99, P00, S00, 1
S00, Trade, 85663.115, 96, B00, S00, 1
S00, Trade, 85678.673, 100, B01, S00, 1
S00, Trade, 85691.500, 107, S00, B00, 1
S00, Trade, 85710.923, 101, B05, S00, 1
S00, Trade, 85717.000, 100, B17, S00, 1
S00, Trade, 85731.750, 100, B15, S00, 1
S00, Trade, 85739.423, 100, B23, S00, 1
S00, Trade, 85748.212, 101, B13, S00, 1
S00, Trade, 85760.077, 103, B10, S00, 1
S00, Trade, 85767.346, 104, B22, S00, 1
S00, Trade, 85779.096, 103, P00, S00, 1
S00, Trade, 85785.038, 102, B07, S00, 1
S00, Trade, 85804.692, 103, B17, S00, 1
S00, Trade, 85822.519, 101, B06, S00, 1
S00, Trade, 85833.462, 107, B05, S00, 1
S00, Trade, 85853.192, 107, P00, S00, 1
S00, Trade, 85866.269, 105, S00, B11, 1
S00, Trade, 85882.654, 108, B17, S00, 1
S00, Trade, 85890.404, 109, B16, S00, 1
S00, Trade, 85900.481, 98, B08, S00, 1
S00, Trade, 85913.538, 101, B21, S00, 1
S00, Trade, 85942.288, 107, B13, S00, 1
S00, Trade, 85953.808, 107, P00, S00, 1
S00, Trade, 85961.769, 106, S00, B16, 1
S00, Trade, 85975.615, 109, S00, B14, 1
S00, Trade, 85983.788, 103, B16, S00, 1
S00, Trade, 85990.596, 97, S00, B24, 1
S00, Trade, 85998.827, 103, S00, B00, 1
S00, Trade, 86003.673, 104, B15, S00, 1
S00, Trade, 86017.904, 102, B15, S00, 1
S00, Trade, 86030.865, 105, B15, S00, 1
S00, Trade, 86043.000, 105, B02, S00, 1
S00, Trade, 86049.077, 103, B21, S00, 1
S00, Trade, 86061.019, 103, B11, S00, 1
S00, Trade, 86074.135, 109, B04, S00, 1
S00, Trade, 86075.712, 107, B16, S00, 1
S00, Trade, 86084.308, 105, B21, S00, 1
S00, Trade, 86102.423, 103, B22, S00, 1
S00, Trade, 86109.019, 101, B05, S00, 1
S00, Trade, 86119.327, 112, B22, S00, 1
S00, Trade, 86133.096, 106, B16, S00, 1
S00, Trade, 86134.846, 101, B11, S00, 1
S00, Trade, 86153.000, 110, B19, S00, 1
S00, Trade, 86154.019, 109, B23, S00, 1
S00, Trade, 86180.558, 111, B17, S00, 1
S00, Trade, 86198.923, 111, S00, B20, 1
S00, Trade, 86204.038, 104, B08, S00, 1
S00, Trade, 86212.827, 102, B04, S00, 1
S00, Trade, 86220.654, 97, B13, S00, 1
S00, Trade, 86224.135, 100, B16, S00, 1
S00, Trade, 86238.212, 106, B08, S00, 1
S00, Trade, 86253.558, 111, B16, S00, 1
S00, Trade, 86261.481, 102, S00, B13, 1
S00, Trade, 86266.558, 104, B06, S00, 1
S00, Trade, 86283.038, 102, B24, S00, 1
S00, Trade, 86286.846, 107, B10, S00, 1
S00, Trade, 86300.231, 106, B03, S00, 1
S00, Trade, 86309.462, 104, S00, B09, 1
S00, Trade, 86327.154, 106, B11, S00, 1
S00, Trade, 86334.712, 111, B19, S00, 1
S00, Trade, 86349.077, 97, B13, S00, 1
S00, Trade, 86361.731, 107, S00, B02, 1
S00, Trade, 86372.692, 109, S00, B13, 1
S00, Trade, 86377.673, 113, B12, S00, 1
S00, Trade, 86387.558, 111, B03, S00, 1
S01, 100
S01, Trade, 85063.365, 107, B05, S01, 1
S01, Trade, 85085.558, 106, S01, B16, 1
S01, Trade, 85104.596, 110, S01, B10, 1
S01, Trade, 85120.673, 112, S01, B20, 1
S01, Trade, 85133.962, 108, P00, S01, 1
S01, Trade, 85151.462, 103, B22, S01, 1
S01, Trade, 85166.500, 102, S01, B06, 1
S01, Trade, 85176.173, 104, S01, B01, 1
S01, Trade, 85192.827, 113, S01, B20, 1
S01, Trade, 85200.500, 101, B21, S01, 1
S01, Trade, 85202.346, 98, P00, S01, 1
S01, Trade, 85223.712, 104, P00, S01, 1
S01, Trade, 85239.038, 115, S01, B12, 1
S01, Trade, 85247.019, 103, B03, S01, 1
S01, Trade, 85261.654, 107, S01, B21, 1
S01, Trade, 85269.615, 105, B15, S01, 1
S01, Trade, 85278.654, 111, S01, B03, 1
S01, Trade, 85285.865, 102, B04, S01, 1
S01, Trade, 85298.365, 100, B04, S01, 1
S01, Trade, 85311.750, 104, S01, B23, 1
S01, Trade, 85323.365, 109, S01, B01, 1
S01, Trade, 85339.250, 96, B03, S01, 1
S01, Trade, 85350.731, 105, S01, B02, 1
S01, Trade, 85360.269, 110, B06, S01, 1
S01, Trade, 85373.846, 105, S01, B18, 1
S01, Trade, 85382.846, 110, S01, B24, 1
S01, Trade, 85386.981, 108, B05, S01, 1
S01, Trade, 85403.942, 111, S01, B08, 1
S01, Trade, 85420.058, 102, B15, S01, 1
S01, Trade, 85425.712, 98, B22, S01, 1
S01, Trade, 85436.096, 109, B10, S01, 1
S01, Trade, 85457.019, 102, B06, S01, 1
S01, Trade, 85465.231, 110, S01, B14, 1
S01, Trade, 85469.173, 92, B24, S01, 1
S01, Trade, 85505.423, 97, B02, S01, 1
S01, Trade, 85519.346, 104, B06, S01, 1
S01, Trade, 85530.327, 99, B17, S01, 1
S01, Trade, 85546.038, 98, B05, S01, 1
S01, Trade, 85553.865, 100, B12, S01, 1
S01, Trade, 85567.712, 108, S01, B09, 1
S01, Trade, 85574.827, 106, S01, B18, 1
S01, Trade, 85591.654, 99, S01, B01, 1
S01, Trade, 85608.423, 99, B04, S01, 1
S01, Trade, 85621.904, 103, B14, S01, 1
S01, Trade, 85627.788, 93, S01, B22, 1
S01, Trade, 85638.154, 97, B05, S01, 1
S01, Trade, 85658.750, 100, S01, B04, 1
S01, Trade, 85672.635, 104, B21, S01, 1
S01, Trade, 85684.135, 106, S01, B20, 1
S01, Trade, 85691.712, 101, B19, S01, 1
S01, Trade, 85696.712, 105, S01, B20, 1
S01, Trade, 85706.115, 106, S01, B00, 1
S01, Trade, 85726.269, 102, B06, S01, 1
S01, Trade, 85756.923, 103, S01, B22, 1
S01, Trade, 85769.808, 102, B04, S01, 1
S01, Trade, 85791.442, 109, S01, B13, 1
S01, Trade, 85801.577, 101, B15, S01, 1
S01, Trade, 85813.596, 104, B22, S01, 1
S01, Trade, 85832.000, 107, S01, B17, 1
S01, Trade, 85850.058, 109, B05, S01, 1
S01, Trade, 85859.096, 106, P00, S01, 1
S01, Trade, 85882.769, 108, B16, S01, 1
S01, Trade, 85896.231, 105, S01, B22, 1
S01, Trade, 85912.288, 103, B15, S01, 1
S01, Trade, 85918.981, 109, S01, B01, 1
S01, Trade, 85934.250, 110, S01, B21, 1
S01, Trade, 85941.615, 107, B21, S01, 1
S01, Trade, 85966.596, 110, S01, B19, 1
S01, Trade, 86001.462, 102, B10, S01, 1
S01, Trade, 86014.942, 108, S01, B01, 1
S01, Trade, 86029.865, 107, S01, B16, 1
S01, Trade, 86044.365, 102, B04, S01, 1
S01, Trade, 86054.250, 103, B04, S01, 1
S01, Trade, 86064.192, 104, S01, B20, 1
S01, Trade, 86085.308, 110, S01, B18, 1
S01, Trade, 86091.923, 102, S01, P01, 1
S01, Trade, 86104.038, 103, B11, S01, 1
S01, Trade, 86111.096, 111, S01, B12, 1
S01, Trade, 86114.885, 107, B17, S01, 1
S01, Trade, 86129.288, 109, B09, S01, 1
S01, Trade, 86137.077, 100, S01, B14, 1
S01, Trade, 86159.923, 108, B06, S01, 1
S01, Trade, 86172.827, 106, B08, S01, 1
S01, Trade, 86186.904, 106, B15, S01, 1
S01, Trade, 86206.385, 103, S01, B17, 1
S01, Trade, 86208.788, 103, B16, S01, 1
S01, Trade, 86218.058, 99, S01, P00, 1
S01, Trade, 86232.327, 103, B20, S01, 1
S01, Trade, 86249.827, 106, P00, S01, 1
S01, Trade, 86264.173, 105, S01, B16, 1
S01, Trade, 86272.212, 110, S01, B00, 1
S01, Trade, 86294.173, 106, B05, S01, 1
S01, Trade, 86298.250, 114, S01, B18, 1
S01, Trade, 86310.462, 107, S01, B01, 1
S01, Trade, 86316.846, 107, B10, S01, 1
S01, Trade, 86335.173, 111, P00, S01, 1
S01, Trade, 86347.442, 98, B11, S01, 1
S01, Trade, 86367.308, 112, S01, B20, 1
S01, Trade, 86376.519, 113, P00, S01, 1
S01, Trade, 86396.173, 112, S01, B09, 1
S02, 100
S02, Trade, 84994.865, 108, B10, S02, 1
S02, Trade, 85029.481, 105, B15, S02, 1
S02, Trade, 85061.385, 107, S02, P00, 1
S02, Trade, 85068.577, 105, B05, S02, 1
S02, Trade, 85081.212, 111, S02, B04, 1
S02, Trade, 85092.019, 103, B10, S02, 1
S02, Trade, 85096.615, 113, S02, B07, 1
S02, Trade, 85112.942, 111, S02, B08, 1
S02, Trade, 85131.692, 107, B23, S02, 1
S02, Trade, 85145.192, 102, B19, S02, 1
S02, Trade, 85163.462, 105, S02, B01, 1
S02, Trade, 85179.846, 104, B02, S02, 1
S02, Trade, 85188.135, 109, S02, B08, 1
S02, Trade, 85216.769, 111, S02, B22, 1
S02, Trade, 85217.808, 105, B17, S02, 1
S02, Trade, 85229.635, 103, B01, S02, 1
S02, Trade, 85246.769, 104, B06, S02, 1
S02, Trade, 85258.058, 106, S02, B18, 1
S02, Trade, 85272.308, 109, S02, B23, 1
S02, Trade, 85274.115, 111, B02, S02, 1
S02, Trade, 85286.077, 104, S02, B17, 1
S02, Trade, 85312.577, 103, B15, S02, 1
S02, Trade, 85322.192, 109, B22, S02, 1
S02, Trade, 85325.654, 101, B12, S02, 1
S02, Trade, 85335.404, 99, S02, B09, 1
S02, Trade, 85355.212, 109, B10, S02, 1
S02, Trade, 85367.615, 104, B01, S02, 1
S02, Trade, 85381.269, 103, S02, B02, 1
S02, Trade, 85390.885, 110, S02, B13, 1
S02, Trade, 85408.846, 105, B10, S02, 1
S02, Trade, 85420.269, 109, S02, B08, 1
S02, Trade, 85439.038, 103, B14, S02, 1
S02, Trade, 85448.808, 101, B02, S02, 1
S02, Trade, 85461.846, 109, S02, B02, 1
S02, Trade, 85471.827, 100, B05, S02, 1
S02, Trade, 85485.481, 99, B04, S02, 1
S02, Trade, 85500.942, 108, S02, B01, 1
S02, Trade, 85512.058, 109, S02, B00, 1
S02, Trade, 85535.596, 102, B04, S02, 1
S02, Trade, 85554.712, 101, B04, S02, 1
S02, Trade, 85568.000, 107, S02, B01, 1
S02, Trade, 85581.192, 106, S02, B08, 1
S02, Trade, 85594.385, 95, B10, S02, 1
S02, Trade, 85615.904, 105, S02, B11, 1
S02, Trade, 85618.404, 103, B00, S02, 1
S02, Trade, 85627.846, 94, S02, B24, 1
S02, Trade, 85637.192, 102, S02, B14, 1
S02, Trade, 85652.923, 96, P00, S02, 1
S02, Trade, 85655.981, 98, B10, S02, 1
S02, Trade, 85678.808, 104, S02, P00, 1
S02, Trade, 85686.615, 105, S02, B16, 1
S02, Trade, 85703.865, 102, S02, B09, 1
S02, Trade, 85706.596, 107, S02, B01, 1
S02, Trade, 85722.827, 100, S02, B20, 1
S02, Trade, 85755.269, 100, S02, B00, 1
S02, Trade, 85778.288, 106, S02, B11, 1
S02, Trade, 85809.077, 102, B16, S02, 1
S02, Trade, 85841.731, 113, S02, B20, 1
S02, Trade, 85843.308, 106, B23, S02, 1
S02, Trade, 85853.269, 110, S02, B01, 1
S02, Trade, 85856.808, 105, B17, S02, 1
S02, Trade, 85880.096, 111, S02, B00, 1
S02, Trade, 85891.269, 110, S02, B00, 1
S02, Trade, 85902.923, 110, S02, B09, 1
S02, Trade, 85908.769, 107, B11, S02, 1
S02, Trade, 85922.846, 112, S02, B24, 1
S02, Trade, 85929.385, 106, B10, S02, 1
S02, Trade, 85935.846, 109, B19, S02, 1
S02, Trade, 85954.154, 108, S02, B20, 1
S02, Trade, 85965.058, 107, S02, B08, 1
S02, Trade, 85966.635, 103, B06, S02, 1
S02, Trade, 85976.135, 103, B23, S02, 1
S02, Trade, 85994.308, 102, S02, B13, 1
S02, Trade, 86007.250, 102, B03, S02, 1
S02, Trade, 86018.000, 101, B08, S02, 1
S02, Trade, 86032.712, 105, B05, S02, 1
S02, Trade, 86045.308, 104, B24, S02, 1
S02, Trade, 86058.462, 104, B21, S02, 1
S02, Trade, 86076.904, 106, B01, S02, 1
S02, Trade, 86092.538, 106, S02, B16, 1
S02, Trade, 86103.692, 108, S02, B22, 1
S02, Trade, 86114.365, 109, S02, B11, 1
S02, Trade, 86119.000, 122, S02, B24, 1
S02, Trade, 86137.423, 99, B05, S02, 1
S02, Trade, 86171.327, 104, B01, S02, 1
S02, Trade, 86198.654, 111, S02, B13, 1
S02, Trade, 86202.673, 105, B10, S02, 1
S02, Trade, 86207.135, 103, B14, S02, 1
S02, Trade, 86224.654, 104, S02, B13, 1
S02, Trade, 86244.904, 102, B03, S02, 1
S02, Trade, 86267.673, 105, S02, B20, 1
S02, Trade, 86287.135, 106, B14, S02, 1
S02, Trade, 86296.442, 111, S02, B14, 1
S02, Trade, 86314.269, 103, B15, S02, 1
S02, Trade, 86332.923, 104, B01, S02, 1
S02, Trade, 86337.481, 107, B03, S02, 1
S02, Trade, 86348.096, 108, S02, B01, 1
S02, Trade, 86358.750, 105, B16, S02, 1
S02, Trade, 86371.712, 107, S02, B08, 1
S02, Trade, 86380.269, 105, B11, S02, 1
S03, 100
S03, Trade, 85081.250, 110, B19, S03, 1
S03, Trade, 85086.058, 108, S03, B13, 1
S03, Trade, 85111.288, 109, B22, S03, 1
S03, Trade, 85124.096, 108, B02, S03, 1
S03, Trade, 85142.000, 103, B06, S03, 1
S03, Trade, 85168.635, 103, S03, B04, 1
S03, Trade, 85191.365, 101, B16, S03, 1
S03, Trade, 85204.385, 104, S03, B18, 1
S03, Trade, 85211.923, 106, B04, S03, 1
S03, Trade, 85253.846, 101, B02, S03, 1
S03, Trade, 85271.865, 107, B21, S03, 1
S03, Trade, 85280.615, 103, B14, S03, 1
S03, Trade, 85294.942, 100, P00, S03, 1
S03, Trade, 85318.442, 105, B08, S03, 1
S03, Trade, 85331.481, 105, S03, B19, 1
S03, Trade, 85342.558, 97, B06, S03, 1
S03, Trade, 85362.865, 108, S03, B20, 1
S03, Trade, 85390.115, 109, P00, S03, 1
S03, Trade, 85404.231, 109, P00, S03, 1
S03, Trade, 85409.308, 113, S03, B03, 1
S03, Trade, 85423.096, 105, S03, B23, 1
S03, Trade, 85436.788, 112, S03, B05, 1
S03, Trade, 85437.423, 110, B11, S03, 1
S03, Trade, 85465.442, 111, S03, B19, 1
S03, Trade, 85468.750, 97, B10, S03, 1
S03, Trade, 85481.308, 104, S03, B11, 1
S03, Trade, 85488.077, 102, B03, S03, 1
S03, Trade, 85505.654, 97, B14, S03, 1
S03, Trade, 85521.231, 102, S03, B08, 1
S03, Trade, 85529.596, 102, B16, S03, 1
S03, Trade, 85536.808, 102, B15, S03, 1
S03, Trade, 85560.712, 107, S03, B17, 1
S03, Trade, 85579.808, 103, B05, S03, 1
S03, Trade, 85595.981, 105, B05, S03, 1
S03, Trade, 85606.288, 96, S03, B18, 1
S03, Trade, 85620.962, 106, S03, B19, 1
S03, Trade, 85632.308, 95, B06, S03, 1
S03, Trade, 85650.346, 97, S03, B20, 1
S03, Trade, 85659.923, 103, S03, B10, 1
S03, Trade, 85675.462, 107, B04, S03, 1
S03, Trade, 85707.385, 96, B03, S03, 1
S03, Trade, 85719.365, 100, B21, S03, 1
S03, Trade, 85729.115, 104, S03, B22, 1
S03, Trade, 85734.135, 98, B00, S03, 1
S03, Trade, 85747.885, 107, S03, B02, 1
S03, Trade, 85754.981, 102, B21, S03, 1
S03, Trade, 85776.904, 105, S03, B20, 1
S03, Trade, 85787.154, 101, B18, S03, 1
S03, Trade, 85802.596, 103, S03, B12, 1
S03, Trade, 85811.731, 103, S03, B13, 1
S03, Trade, 85821.788, 100, B15, S03, 1
S03, Trade, 85836.538, 106, S03, B01, 1
S03, Trade, 85845.731, 114, S03, B18, 1
S03, Trade, 85851.058, 109, S03, B17, 1
S03, Trade, 85864.308, 110, B20, S03, 1
S03, Trade, 85866.577, 108, S03, B10, 1
S03, Trade, 85888.173, 108, B15, S03, 1
S03, Trade, 85903.154, 112, S03, B02, 1
S03, Trade, 85909.904, 107, B24, S03, 1
S03, Trade, 85915.058, 109, S03, B12, 1
S03, Trade, 85937.173, 111, S03, B00, 1
S03, Trade, 85940.365, 107, B16, S03, 1
S03, Trade, 85963.538, 103, B05, S03, 1
S03, Trade, 85974.096, 107, S03, B08, 1
S03, Trade, 85981.654, 106, S03, B15, 1
S03, Trade, 85993.481, 98, B21, S03, 1
S03, Trade, 86000.000, 104, S03, B12, 1
S03, Trade, 86014.346, 102, S03, B19, 1
S03, Trade, 86025.000, 102, S03, B12, 1
S03, Trade, 86032.327, 105, B06, S03, 1
S03, Trade, 86055.923, 103, B13, S03, 1
S03, Trade, 86075.365, 113, S03, B00, 1
S03, Trade, 86079.673, 101, B14, S03, 1
S03, Trade, 86087.615, 109, S03, B05, 1
S03, Trade, 86099.885, 112, B24, S03, 1
S03, Trade, 86110.808, 108, S03, B06, 1
S03, Trade, 86115.808, 106, B04, S03, 1
S03, Trade, 86125.788, 111, B06, S03, 1
S03, Trade, 86138.788, 104, S03, B18, 1
S03, Trade, 86153.481, 110, B13, S03, 1
S03, Trade, 86159.077, 110, S03, B11, 1
S03, Trade, 86168.596, 108, S03, B13, 1
S03, Trade, 86178.423, 104, S03, B10, 1
S03, Trade, 86201.288, 108, B03, S03, 1
S03, Trade, 86228.154, 103, B21, S03, 1
S03, Trade, 86235.058, 102, B08, S03, 1
S03, Trade, 86257.673, 115, S03, B12, 1
S03, Trade, 86263.442, 102, B06, S03, 1
S03, Trade, 86281.115, 109, S03, B09, 1
S03, Trade, 86281.462, 103, B01, S03, 1
S03, Trade, 86291.269, 106, B04, S03, 1
S03, Trade, 86298.923, 102, B21, S03, 1
S03, Trade, 86313.808, 105, S03, B04, 1
S03, Trade, 86320.231, 105, B18, S03, 1
S03, Trade, 86324.673, 107, B23, S03, 1
S03, Trade, 86344.038, 109, S03, B12, 1
S03, Trade, 86354.712, 109, P00, S03, 1
S03, Trade, 86367.712, 108, B16, S03, 1
S03, Trade, 86383.769, 108, S03, B22, 1
S03, Trade, 86391.096, 116, B18, S03, 1
S04, 100
S04, Trade, 85221.385, 103, B10, S04, 1
S04, Trade, 85224.712, 102, B03, S04, 1
S04, Trade, 85236.635, 104, P00, S04, 1
S04, Trade, 85244.462, 101, B08, S04, 1
S04, Trade, 85258.288, 101, B13, S04, 1
S04, Trade, 85274.712, 113, S04, B22, 1
S04, Trade, 85301.154, 106, S04, B24, 1
S04, Trade, 85305.923, 111, B01, S04, 1
S04, Trade, 85312.173, 101, B24, S04, 1
S04, Trade, 85328.865, 99, B19, S04, 1
S04, Trade, 85342.135, 97, B15, S04, 1
S04, Trade, 85345.500, 100, B21, S04, 1
S04, Trade, 85356.058, 102, P00, S04, 1
S04, Trade, 85371.538, 106, S04, B19, 1
S04, Trade, 85372.423, 104, B14, S04, 1
S04, Trade, 85383.846, 101, S04, B08, 1
S04, Trade, 85403.135, 109, B15, S04, 1
S04, Trade, 85411.885, 103, B13, S04, 1
S04, Trade, 85415.846, 107, S04, B17, 1
S04, Trade, 85429.904, 103, B06, S04, 1
S04, Trade, 85443.865, 110, S04, B20, 1
S04, Trade, 85445.173, 106, P00, S04, 1
S04, Trade, 85459.577, 98, B10, S04, 1
S04, Trade, 85463.135, 104, S04, B24, 1
S04, Trade, 85478.288, 98, P00, S04, 1
S04, Trade, 85498.058, 109, S04, B18, 1
S04, Trade, 85503.596, 100, B16, S04, 1
S04, Trade, 85520.712, 101, B04, S04, 1
S04, Trade, 85531.346, 104, S04, B08, 1
S04, Trade, 85538.673, 105, B03, S04, 1
S04, Trade, 85562.904, 100, B13, S04, 1
S04, Trade, 85565.769, 109, B07, S04, 1
S04, Trade, 85577.442, 103, S04, B17, 1
S04, Trade, 85587.077, 102, P00, S04, 1
S04, Trade, 85594.692, 106, S04, B17, 1
S04, Trade, 85611.346, 98, P00, S04, 1
S04, Trade, 85621.885, 103, B08, S04, 1
S04, Trade, 85623.385, 103, B10, S04, 1
S04, Trade, 85634.865, 99, S04, B08, 1
S04, Trade, 85651.577, 97, S04, B18, 1
S04, Trade, 85652.519, 96, B21, S04, 1
S04, Trade, 85673.712, 110, S04, B11, 1
S04, Trade, 85678.481, 103, B15, S04, 1
S04, Trade, 85705.212, 99, B15, S04, 1
S04, Trade, 85713.885, 100, S04, B03, 1
S04, Trade, 85762.981, 108, S04, B08, 1
S04, Trade, 85770.538, 102, P00, S04, 1
S04, Trade, 85778.885, 108, S04, B03, 1
S04, Trade, 85787.577, 104, S04, B19, 1
S04, Trade, 85803.808, 107, S04, B10, 1
S04, Trade, 85808.135, 103, B06, S04, 1
S04, Trade, 85825.981, 107, S04, B12, 1
S04, Trade, 85829.096, 106, P00, S04, 1
S04, Trade, 85840.904, 107, B06, S04, 1
S04, Trade, 85851.192, 108, B19, S04, 1
S04, Trade, 85863.385, 112, S04, B12, 1
S04, Trade, 85868.250, 102, S04, B03, 1
S04, Trade, 85880.808, 109, B21, S04, 1
S04, Trade, 85885.058, 105, B03, S04, 1
S04, Trade, 85896.692, 102, B20, S04, 1
S04, Trade, 85913.385, 101, S04, B13, 1
S04, Trade, 85917.558, 105, B19, S04, 1
S04, Trade, 85927.750, 108, B22, S04, 1
S04, Trade, 85952.538, 107, B05, S04, 1
S04, Trade, 85966.115, 103, B15, S04, 1
S04, Trade, 85982.308, 104, B04, S04, 1
S04, Trade, 85987.577, 96, B05, S04, 1
S04, Trade, 86002.308, 101, B06, S04, 1
S04, Trade, 86012.058, 101, B16, S04, 1
S04, Trade, 86020.731, 105, S04, B06, 1
S04, Trade, 86029.981, 105, B20, S04, 1
S04, Trade, 86042.692, 108, S04, B22, 1
S04, Trade, 86053.519, 107, S04, B02, 1
S04, Trade, 86058.788, 102, B10, S04, 1
S04, Trade, 86073.231, 110, B10, S04, 1
S04, Trade, 86075.635, 110, B24, S04, 1
S04, Trade, 86090.692, 108, B00, S04, 1
S04, Trade, 86102.385, 105, B16, S04, 1
S04, Trade, 86107.846, 98, B02, S04, 1
S04, Trade, 86122.500, 105, B21, S04, 1
S04, Trade, 86133.385, 106, B03, S04, 1
S04, Trade, 86142.365, 110, B15, S04, 1
S04, Trade, 86146.904, 108, B12, S04, 1
S04, Trade, 86156.981, 108, B03, S04, 1
S04, Trade, 86171.365, 101, B05, S04, 1
S04, Trade, 86191.385, 103, B04, S04, 1
S04, Trade, 86205.077, 103, B00, S04, 1
S04, Trade, 86218.423, 99, S04, B09, 1
S04, Trade, 86242.481, 103, B12, S04, 1
S04, Trade, 86255.192, 104, B11, S04, 1
S04, Trade, 86274.000, 105, B08, S04, 1
S04, Trade, 86276.538, 104, B16, S04, 1
S04, Trade, 86289.654, 103, B10, S04, 1
S04, Trade, 86315.212, 109, S04, B11, 1
S04, Trade, 86326.615, 107, B22, S04, 1
S04, Trade, 86340.769, 106, B02, S04, 1
S04, Trade, 86350.827, 103, S04, B12, 1
S04, Trade, 86356.404, 111, S04, B13, 1
S04, Trade, 86367.481, 109, B17, S04, 1
S04, Trade, 86386.577, 114, S04, B09, 1
S05, 100
S05, Trade, 85172.808, 103, S05, B05, 1
S05, Trade, 85181.250, 107, S05, B23, 1
S05, Trade, 85183.462, 107, S05, B11, 1
S05, Trade, 85202.577, 104, S05, B01, 1
S05, Trade, 85208.096, 105, S05, B13, 1
S05, Trade, 85229.192, 104, B03, S05, 1
S05, Trade, 85264.058, 104, S05, B17, 1
S05, Trade, 85282.750, 103, B12, S05, 1
S05, Trade, 85289.385, 102, S05, B15, 1
S05, Trade, 85294.827, 102, B04, S05, 1
S05, Trade, 85311.808, 103, P00, S05, 1
S05, Trade, 85320.269, 108, S05, B16, 1
S05, Trade, 85326.942, 100, B05, S05, 1
S05, Trade, 85334.981, 99, S05, B08, 1
S05, Trade, 85352.942, 104, B04, S05, 1
S05, Trade, 85364.154, 106, S05, B03, 1
S05, Trade, 85373.058, 104, P00, S05, 1
S05, Trade, 85394.154, 104, S05, B20, 1
S05, Trade, 85412.404, 107, S05, B20, 1
S05, Trade, 85413.558, 104, B11, S05, 1
S05, Trade, 85431.385, 111, S05, B08, 1
S05, Trade, 85445.000, 106, B03, S05, 1
S05, Trade, 85453.250, 103, S05, B00, 1
S05, Trade, 85474.115, 102, S05, B22, 1
S05, Trade, 85488.750, 105, B18, S05, 1
S05, Trade, 85503.519, 100, B03, S05, 1
S05, Trade, 85512.654, 112, S05, B14, 1
S05, Trade, 85519.538, 103, B12, S05, 1
S05, Trade, 85534.442, 100, B03, S05, 1
S05, Trade, 85540.519, 102, S05, B02, 1
S05, Trade, 85550.462, 103, S05, B02, 1
S05, Trade, 85558.750, 106, S05, B16, 1
S05, Trade, 85572.096, 105, S05, B11, 1
S05, Trade, 85586.846, 110, S05, B16, 1
S05, Trade, 85589.673, 98, B06, S05, 1
S05, Trade, 85597.154, 106, S05, B12, 1
S05, Trade, 85605.135, 93, S05, B09, 1
S05, Trade, 85620.673, 103, B16, S05, 1
S05, Trade, 85625.923, 93, B00, S05, 1
S05, Trade, 85678.423, 104, B14, S05, 1
S05, Trade, 85701.615, 101, S05, B19, 1
S05, Trade, 85712.942, 101, S05, B09, 1
S05, Trade, 85721.135, 99, B06, S05, 1
S05, Trade, 85732.769, 101, S05, B24, 1
S05, Trade, 85745.000, 103, S05, B05, 1
S05, Trade, 85751.731, 103, S05, B24, 1
S05, Trade, 85759.923, 105, S05, B14, 1
S05, Trade, 85765.558, 106, B15, S05, 1
S05, Trade, 85778.788, 107, S05, B07, 1
S05, Trade, 85789.865, 109, S05, B14, 1
S05, Trade, 85814.904, 108, S05, B01, 1
S05, Trade, 85820.173, 103, B07, S05, 1
S05, Trade, 85838.462, 107, S05, B21, 1
S05, Trade, 85856.308, 106, B22, S05, 1
S05, Trade, 85866.519, 107, S05, B16, 1
S05, Trade, 85888.788, 109, S05, B23, 1
S05, Trade, 85892.981, 107, P00, S05, 1
S05, Trade, 85895.365, 104, S05, B12, 1
S05, Trade, 85914.481, 110, S05, B20, 1
S05, Trade, 85918.000, 105, B06, S05, 1
S05, Trade, 85928.212, 109, S05, B08, 1
S05, Trade, 85942.596, 108, S05, B06, 1
S05, Trade, 85959.346, 103, S05, B18, 1
S05, Trade, 85972.288, 108, S05, B07, 1
S05, Trade, 85981.558, 105, S05, B12, 1
S05, Trade, 85994.577, 108, S05, B20, 1
S05, Trade, 85998.462, 102, B17, S05, 1
S05, Trade, 86006.904, 102, P00, S05, 1
S05, Trade, 86023.058, 103, S05, B18, 1
S05, Trade, 86026.288, 103, S05, B09, 1
S05, Trade, 86038.865, 106, B14, S05, 1
S05, Trade, 86050.288, 104, S05, B14, 1
S05, Trade, 86061.212, 106, S05, B16, 1
S05, Trade, 86072.731, 113, S05, B21, 1
S05, Trade, 86092.865, 101, S05, B23, 1
S05, Trade, 86099.692, 113, B06, S05, 1
S05, Trade, 86117.115, 109, S05, B03, 1
S05, Trade, 86131.000, 107, B05, S05, 1
S05, Trade, 86142.558, 109, B06, S05, 1
S05, Trade, 86153.038, 114, S05, B09, 1
S05, Trade, 86163.962, 108, S05, B17, 1
S05, Trade, 86165.288, 108, S05, B23, 1
S05, Trade, 86177.615, 103, B00, S05, 1
S05, Trade, 86201.538, 109, S05, B12, 1
S05, Trade, 86208.596, 106, B23, S05, 1
S05, Trade, 86232.596, 108, S05, B23, 1
S05, Trade, 86244.538, 105, S05, B12, 1
S05, Trade, 86247.058, 105, S05, B16, 1
S05, Trade, 86261.365, 101, S05, B24, 1
S05, Trade, 86269.558, 106, S05, B01, 1
S05, Trade, 86286.654, 107, B22, S05, 1
S05, Trade, 86304.923, 111, B00, S05, 1
S05, Trade, 86316.423, 106, B04, S05, 1
S05, Trade, 86331.615, 103, S05, B10, 1
S05, Trade, 86337.308, 110, S05, B09, 1
S05, Trade, 86350.231, 98, S05, P01, 1
S05, Trade, 86360.000, 107, S05, B21, 1
S05, Trade, 86370.288, 105, B17, S05, 1
S05, Trade, 86385.942, 112, S05, B12, 1
S05, Trade, 86393.173, 113, S05, B13, 1
S06, 100
S06, Trade, 85053.904, 104, S06, B07, 1
S06, Trade, 85069.288, 104, B10, S06, 1
S06, Trade, 85080.577, 111, S06, B24, 1
S06, Trade, 85085.788, 107, B15, S06, 1
S06, Trade, 85096.385, 113, B22, S06, 1
S06, Trade, 85110.192, 110, B06, S06, 1
S06, Trade, 85126.327, 107, S06, B08, 1
S06, Trade, 85130.808, 104, B14, S06, 1
S06, Trade, 85141.808, 106, B04, S06, 1
S06, Trade, 85164.154, 100, B11, S06, 1
S06, Trade, 85177.154, 104, B09, S06, 1
S06, Trade, 85194.904, 107, S06, B04, 1
S06, Trade, 85203.173, 104, S06, B11, 1
S06, Trade, 85209.423, 106, S06, B16, 1
S06, Trade, 85232.135, 102, B16, S06, 1
S06, Trade, 85244.404, 104, S06, B20, 1
S06, Trade, 85261.865, 107, S06, B20, 1
S06, Trade, 85275.615, 108, B14, S06, 1
S06, Trade, 85296.615, 100, B23, S06, 1
S06, Trade, 85323.654, 105, B06, S06, 1
S06, Trade, 85333.000, 101, S06, B13, 1
S06, Trade, 85343.327, 101, S06, B09, 1
S06, Trade, 85366.212, 106, S06, B20, 1
S06, Trade, 85371.673, 105, B15, S06, 1
S06, Trade, 85383.154, 100, B13, S06, 1
S06, Trade, 85399.038, 110, S06, B10, 1
S06, Trade, 85412.750, 105, B14, S06, 1
S06, Trade, 85414.788, 102, B16, S06, 1
S06, Trade, 85426.519, 95, B03, S06, 1
S06, Trade, 85434.288, 110, S06, B08, 1
S06, Trade, 85454.135, 104, S06, B21, 1
S06, Trade, 85465.481, 112, S06, B01, 1
S06, Trade, 85479.269, 98, B05, S06, 1
S06, Trade, 85493.077, 105, S06, B12, 1
S06, Trade, 85506.442, 98, B05, S06, 1
S06, Trade, 85525.904, 103, B04, S06, 1
S06, Trade, 85539.519, 103, S06, B10, 1
S06, Trade, 85546.904, 103, B24, S06, 1
S06, Trade, 85573.154, 100, B00, S06, 1
S06, Trade, 85575.750, 100, B10, S06, 1
S06, Trade, 85585.750, 106, S06, B08, 1
S06, Trade, 85601.019, 94, S06, B07, 1
S06, Trade, 85612.500, 106, S06, B03, 1
S06, Trade, 85617.250, 105, S06, B22, 1
S06, Trade, 85642.519, 97, B19, S06, 1
S06, Trade, 85651.058, 97, S06, B15, 1
S06, Trade, 85660.115, 103, S06, B09, 1
S06, Trade, 85667.346, 106, B15, S06, 1
S06, Trade, 85686.673, 99, P00, S06, 1
S06, Trade, 85703.981, 102, S06, B11, 1
S06, Trade, 85707.942, 97, B15, S06, 1
S06, Trade, 85717.077, 106, S06, B08, 1
S06, Trade, 85724.115, 103, B23, S06, 1
S06, Trade, 85735.904, 97, B02, S06, 1
S06, Trade, 85751.615, 103, S06, B12, 1
S06, Trade, 85757.500, 97, B03, S06, 1
S06, Trade, 85773.423, 101, B05, S06, 1
S06, Trade, 85799.365, 103, S06, B01, 1
S06, Trade, 85803.365, 104, B04, S06, 1
S06, Trade, 85814.385, 107, S06, B12, 1
S06, Trade, 85825.827, 105, B22, S06, 1
S06, Trade, 85848.654, 111, S06, B03, 1
S06, Trade, 85878.038, 107, B05, S06, 1
S06, Trade, 85901.327, 96, B17, S06, 1
S06, Trade, 85907.519, 110, S06, B08, 1
S06, Trade, 85915.327, 102, B05, S06, 1
S06, Trade, 85932.019, 108, B02, S06, 1
S06, Trade, 85943.327, 109, B14, S06, 1
S06, Trade, 85965.635, 107, S06, B00, 1
S06, Trade, 85971.192, 107, B13, S06, 1
S06, Trade, 85985.212, 101, B00, S06, 1
S06, Trade, 86010.923, 109, S06, B03, 1
S06, Trade, 86014.808, 101, B11, S06, 1
S06, Trade, 86025.423, 103, S06, B13, 1
S06, Trade, 86039.808, 104, B00, S06, 1
S06, Trade, 86050.481, 106, S06, B03, 1
S06, Trade, 86060.923, 104, B06, S06, 1
S06, Trade, 86068.923, 110, S06, B01, 1
S06, Trade, 86083.538, 107, B05, S06, 1
S06, Trade, 86104.308, 107, S06, B09, 1
S06, Trade, 86121.019, 112, S06, B16, 1
S06, Trade, 86128.558, 109, B19, S06, 1
S06, Trade, 86143.712, 109, P00, S06, 1
S06, Trade, 86179.500, 108, S06, B24, 1
S06, Trade, 86192.346, 109, S06, B16, 1
S06, Trade, 86203.365, 105, B21, S06, 1
S06, Trade, 86213.365, 106, S06, B07, 1
S06, Trade, 86228.442, 107, S06, B03, 1
S06, Trade, 86233.462, 103, B22, S06, 1
S06, Trade, 86246.212, 106, S06, B01, 1
S06, Trade, 86252.712, 113, B15, S06, 1
S06, Trade, 86260.462, 104, S06, B14, 1
S06, Trade, 86283.654, 110, S06, B19, 1
S06, Trade, 86284.942, 108, B23, S06, 1
S06, Trade, 86309.942, 104, S06, P01, 1
S06, Trade, 86316.115, 105, B19, S06, 1
S06, Trade, 86343.365, 106, B21, S06, 1
S06, Trade, 86354.731, 108, B03, S06, 1
S06, Trade, 86363.346, 108, S06, B03, 1
S06, Trade, 86374.692, 114, B08, S06, 1
S07, 100
S07, Trade, 85197.558, 106, B00, S07, 1
S07, Trade, 85216.731, 108, B15, S07, 1
S07, Trade, 85226.962, 104, B05, S07, 1
S07, Trade, 85234.019, 105, S07, B19, 1
S07, Trade, 85246.673, 106, S07, B24, 1
S07, Trade, 85254.923, 101, B05, S07, 1
S07, Trade, 85283.077, 103, P00, S07, 1
S07, Trade, 85302.846, 108, S07, B09, 1
S07, Trade, 85307.269, 109, B17, S07, 1
S07, Trade, 85316.827, 108, S07, B09, 1
S07, Trade, 85330.808, 99, B04, S07, 1
S07, Trade, 85340.096, 104, S07, B12, 1
S07, Trade, 85346.942, 105, S07, B05, 1
S07, Trade, 85357.827, 111, B02, S07, 1
S07, Trade, 85370.538, 105, B21, S07, 1
S07, Trade, 85385.519, 111, S07, B12, 1
S07, Trade, 85389.615, 108, B04, S07, 1
S07, Trade, 85404.788, 108, B11, S07, 1
S07, Trade, 85424.481, 103, S07, B07, 1
S07, Trade, 85428.673, 106, B18, S07, 1
S07, Trade, 85447.231, 104, S07, B00, 1
S07, Trade, 85465.673, 113, S07, B22, 1
S07, Trade, 85469.769, 104, B00, S07, 1
S07, Trade, 85473.904, 100, B13, S07, 1
S07, Trade, 85492.692, 103, B16, S07, 1
S07, Trade, 85518.192, 105, S07, B24, 1
S07, Trade, 85523.750, 104, S07, B11, 1
S07, Trade, 85528.769, 103, B10, S07, 1
S07, Trade, 85540.404, 101, B20, S07, 1
S07, Trade, 85552.885, 101, S07, B10, 1
S07, Trade, 85565.250, 110, S07, B04, 1
S07, Trade, 85573.673, 108, S07, B20, 1
S07, Trade, 85580.673, 100, P00, S07, 1
S07, Trade, 85588.788, 99, B04, S07, 1
S07, Trade, 85612.519, 98, B05, S07, 1
S07, Trade, 85626.154, 93, B09, S07, 1
S07, Trade, 85630.962, 97, S07, B20, 1
S07, Trade, 85642.077, 101, S07, B11, 1
S07, Trade, 85642.808, 97, B17, S07, 1
S07, Trade, 85656.365, 100, B06, S07, 1
S07, Trade, 85670.385, 105, P00, S07, 1
S07, Trade, 85673.423, 106, B20, S07, 1
S07, Trade, 85691.346, 103, S07, B24, 1
S07, Trade, 85694.731, 102, B15, S07, 1
S07, Trade, 85712.635, 102, S07, B13, 1
S07, Trade, 85729.519, 106, S07, B07, 1
S07, Trade, 85731.077, 101, S07, B17, 1
S07, Trade, 85735.673, 101, S07, B08, 1
S07, Trade, 85749.327, 102, S07, B23, 1
S07, Trade, 85753.923, 100, S07, B09, 1
S07, Trade, 85774.250, 105, S07, B24, 1
S07, Trade, 85780.365, 102, B13, S07, 1
S07, Trade, 85791.250, 109, S07, B17, 1
S07, Trade, 85804.115, 105, S07, B13, 1
S07, Trade, 85810.865, 102, B20, S07, 1
S07, Trade, 85819.481, 104, S07, B03, 1
S07, Trade, 85837.019, 106, P00, S07, 1
S07, Trade, 85853.962, 112, S07, B03, 1
S07, Trade, 85858.500, 106, S07, B09, 1
S07, Trade, 85879.231, 115, S07, B08, 1
S07, Trade, 85890.942, 104, B04, S07, 1
S07, Trade, 85902.769, 111, B08, S07, 1
S07, Trade, 85905.692, 109, B06, S07, 1
S07, Trade, 85938.308, 108, P00, S07, 1
S07, Trade, 85948.038, 107, B14, S07, 1
S07, Trade, 85967.808, 110, P00, S07, 1
S07, Trade, 85971.942, 107, P00, S07, 1
S07, Trade, 85977.365, 105, B21, S07, 1
S07, Trade, 85989.481, 97, S07, B04, 1
S07, Trade, 85999.538, 103, B14, S07, 1
S07, Trade, 86010.327, 104, S07, B06, 1
S07, Trade, 86021.038, 104, B05, S07, 1
S07, Trade, 86048.115, 106, B09, S07, 1
S07, Trade, 86062.115, 105, S07, B01, 1
S07, Trade, 86066.846, 105, B03, S07, 1
S07, Trade, 86081.058, 108, S07, B23, 1
S07, Trade, 86099.212, 117, S07, B02, 1
S07, Trade, 86105.981, 101, B13, S07, 1
S07, Trade, 86123.731, 109, B18, S07, 1
S07, Trade, 86132.423, 107, B06, S07, 1
S07, Trade, 86135.500, 97, B01, S07, 1
S07, Trade, 86174.808, 105, P00, S07, 1
S07, Trade, 86192.154, 109, S07, B00, 1
S07, Trade, 86204.154, 104, P00, S07, 1
S07, Trade, 86214.769, 105, S07, B12, 1
S07, Trade, 86216.846, 98, B19, S07, 1
S07, Trade, 86240.904, 107, B21, S07, 1
S07, Trade, 86254.904, 113, S07, B01, 1
S07, Trade, 86259.212, 98, B17, S07, 1
S07, Trade, 86274.769, 109, S07, B18, 1
S07, Trade, 86285.077, 109, S07, B11, 1
S07, Trade, 86291.173, 107, S07, B15, 1
S07, Trade, 86296.731, 105, B12, S07, 1
S07, Trade, 86304.212, 111, B01, S07, 1
S07, Trade, 86325.750, 108, B06, S07, 1
S07, Trade, 86348.038, 102, S07, B24, 1
S07, Trade, 86350.058, 97, S07, B08, 1
S07, Trade, 86355.827, 104, S07, B06, 1
S07, Trade, 86384.154, 112, S07, B00, 1
S07, Trade, 86388.635, 104, B19, S07, 1
S08, 100
S08, Trade, 85229.673, 105, S08, B18, 1
S08, Trade, 85233.404, 104, S08, B14, 1
S08, Trade, 85251.250, 103, S08, B07, 1
S08, Trade, 85255.000, 106, S08, B12, 1
S08, Trade, 85271.635, 107, P00, S08, 1
S08, Trade, 85290.038, 102, S08, B12, 1
S08, Trade, 85297.115, 102, B13, S08, 1
S08, Trade, 85313.712, 107, S08, B00, 1
S08, Trade, 85319.481, 107, S08, B15, 1
S08, Trade, 85327.038, 101, S08, B13, 1
S08, Trade, 85342.519, 99, S08, B20, 1
S08, Trade, 85347.481, 108, S08, B03, 1
S08, Trade, 85362.423, 107, S08, B05, 1
S08, Trade, 85365.365, 105, B22, S08, 1
S08, Trade, 85381.038, 102, B19, S08, 1
S08, Trade, 85392.135, 108, S08, B14, 1
S08, Trade, 85397.500, 108, B21, S08, 1
S08, Trade, 85406.346, 113, S08, B09, 1
S08, Trade, 85417.115, 107, B21, S08, 1
S08, Trade, 85429.827, 107, S08, B09, 1
S08, Trade, 85443.000, 113, S08, B14, 1
S08, Trade, 85452.654, 103, B10, S08, 1
S08, Trade, 85459.769, 106, S08, B11, 1
S08, Trade, 85468.308, 103, B04, S08, 1
S08, Trade, 85475.904, 101, S08, B20, 1
S08, Trade, 85491.462, 105, S08, B15, 1
S08, Trade, 85503.827, 101, S08, B17, 1
S08, Trade, 85505.365, 99, S08, B09, 1
S08, Trade, 85516.288, 104, S08, B15, 1
S08, Trade, 85531.173, 103, S08, B13, 1
S08, Trade, 85539.808, 102, S08, B01, 1
S08, Trade, 85553.038, 101, S08, B01, 1
S08, Trade, 85560.096, 106, S08, B09, 1
S08, Trade, 85571.096, 105, S08, B12, 1
S08, Trade, 85574.462, 106, S08, B16, 1
S08, Trade, 85587.442, 107, S08, B07, 1
S08, Trade, 85605.692, 95, S08, B10, 1
S08, Trade, 85609.923, 98, S08, B15, 1
S08, Trade, 85615.481, 104, B21, S08, 1
S08, Trade, 85631.558, 98, S08, B01, 1
S08, Trade, 85637.173, 101, S08, B10, 1
S08, Trade, 85649.019, 97, S08, B06, 1
S08, Trade, 85658.231, 100, S08, B16, 1
S08, Trade, 85670.500, 104, B01, S08, 1
S08, Trade, 85677.865, 107, S08, B05, 1
S08, Trade, 85690.192, 104, S08, B22, 1
S08, Trade, 85703.596, 101, S08, B24, 1
S08, Trade, 85711.173, 102, S08, B08, 1
S08, Trade, 85725.865, 103, S08, B12, 1
S08, Trade, 85727.808, 102, S08, B23, 1
S08, Trade, 85734.788, 100, S08, B14, 1
S08, Trade, 85746.615, 103, S08, B08, 1
S08, Trade, 85756.519, 102, S08, B18, 1
S08, Trade, 85766.250, 105, B13, S08, 1
S08, Trade, 85788.577, 106, S08, B08, 1
S08, Trade, 85797.942, 102, S08, P00, 1
S08, Trade, 85816.308, 104, S08, B05, 1
S08, Trade, 85839.615, 108, S08, B19, 1
S08, Trade, 85849.423, 109, B21, S08, 1
S08, Trade, 85873.154, 100, S08, B24, 1
S08, Trade, 85882.712, 110, S08, B20, 1
S08, Trade, 85909.769, 108, B00, S08, 1
S08, Trade, 85914.346, 105, S08, B16, 1
S08, Trade, 85931.154, 108, B15, S08, 1
S08, Trade, 85945.865, 107, S08, B11, 1
S08, Trade, 85953.442, 107, S08, B22, 1
S08, Trade, 85958.692, 102, S08, B01, 1
S08, Trade, 85975.462, 108, S08, B01, 1
S08, Trade, 85986.346, 101, S08, B17, 1
S08, Trade, 86007.019, 103, S08, B05, 1
S08, Trade, 86022.365, 103, B00, S08, 1
S08, Trade, 86034.212, 108, S08, B10, 1
S08, Trade, 86042.942, 107, S08, B09, 1
S08, Trade, 86057.481, 105, S08, B22, 1
S08, Trade, 86069.808, 109, S08, B15, 1
S08, Trade, 86082.981, 108, S08, B13, 1
S08, Trade, 86085.154, 108, B13, S08, 1
S08, Trade, 86098.731, 108, B21, S08, 1
S08, Trade, 86110.269, 108, S08, B15, 1
S08, Trade, 86132.154, 108, S08, B07, 1
S08, Trade, 86147.615, 107, S08, B16, 1
S08, Trade, 86165.788, 110, S08, B09, 1
S08, Trade, 86172.865, 109, S08, B12, 1
S08, Trade, 86176.346, 105, B19, S08, 1
S08, Trade, 86195.596, 107, S08, B01, 1
S08, Trade, 86210.885, 104, B21, S08, 1
S08, Trade, 86223.135, 105, S08, B11, 1
S08, Trade, 86229.481, 106, S08, B12, 1
S08, Trade, 86238.962, 107, S08, B01, 1
S08, Trade, 86250.865, 113, S08, B03, 1
S08, Trade, 86263.692, 102, B21, S08, 1
S08, Trade, 86271.904, 107, B05, S08, 1
S08, Trade, 86289.942, 107, S08, B03, 1
S08, Trade, 86304.654, 112, S08, B19, 1
S08, Trade, 86306.750, 114, B16, S08, 1
S08, Trade, 86325.500, 107, B19, S08, 1
S08, Trade, 86358.404, 109, S08, B08, 1
S08, Trade, 86374.769, 115, S08, B23, 1
S08, Trade, 86380.173, 112, S08, B20, 1
S08, Trade, 86392.385, 115, S08, B01, 1
S09, 100
S09, Trade, 85154.615, 112, S09, B17, 1
S09, Trade, 85161.769, 104, S09, B13, 1
S09, Trade, 85163.327, 97, B15, S09, 1
S09, Trade, 85176.750, 106, S09, B10, 1
S09, Trade, 85190.365, 111, S09, B23, 1
S09, Trade, 85199.500, 100, B06, S09, 1
S09, Trade, 85209.173, 106, S09, B08, 1
S09, Trade, 85222.558, 104, B24, S09, 1
S09, Trade, 85238.000, 110, S09, B21, 1
S09, Trade, 85260.481, 107, S09, B15, 1
S09, Trade, 85261.462, 104, B24, S09, 1
S09, Trade, 85269.115, 106, S09, B01, 1
S09, Trade, 85284.846, 104, S09, B16, 1
S09, Trade, 85297.423, 98, B09, S09, 1
S09, Trade, 85313.346, 101, B16, S09, 1
S09, Trade, 85330.154, 100, B21, S09, 1
S09, Trade, 85343.000, 102, S09, B12, 1
S09, Trade, 85347.808, 104, P00, S09, 1
S09, Trade, 85355.981, 103, B19, S09, 1
S09, Trade, 85383.308, 100, B11, S09, 1
S09, Trade, 85399.308, 109, B06, S09, 1
S09, Trade, 85414.865, 106, S09, B01, 1
S09, Trade, 85417.577, 106, B05, S09, 1
S09, Trade, 85432.327, 107, S09, B22, 1
S09, Trade, 85451.635, 99, B14, S09, 1
S09, Trade, 85454.846, 97, B13, S09, 1
S09, Trade, 85476.000, 103, S09, B16, 1
S09, Trade, 85481.327, 99, B06, S09, 1
S09, Trade, 85493.269, 105, S09, B06, 1
S09, Trade, 85503.923, 98, B15, S09, 1
S09, Trade, 85521.519, 101, B21, S09, 1
S09, Trade, 85523.231, 100, B16, S09, 1
S09, Trade, 85542.135, 102, S09, B22, 1
S09, Trade, 85545.981, 106, S09, B12, 1
S09, Trade, 85558.365, 106, B24, S09, 1
S09, Trade, 85569.154, 107, S09, B13, 1
S09, Trade, 85585.904, 107, S09, B14, 1
S09, Trade, 85591.615, 95, B19, S09, 1
S09, Trade, 85601.385, 94, S09, B24, 1
S09, Trade, 85606.692, 97, S09, B14, 1
S09, Trade, 85621.135, 109, S09, B23, 1
S09, Trade, 85631.423, 95, B05, S09, 1
S09, Trade, 85637.596, 99, P00, S09, 1
S09, Trade, 85653.192, 97, S09, B03, 1
S09, Trade, 85658.135, 100, S09, B05, 1
S09, Trade, 85681.115, 101, B19, S09, 1
S09, Trade, 85689.808, 105, S09, B03, 1
S09, Trade, 85715.192, 104, S09, B02, 1
S09, Trade, 85721.192, 98, P00, S09, 1
S09, Trade, 85747.173, 107, S09, B19, 1
S09, Trade, 85748.808, 101, B06, S09, 1
S09, Trade, 85755.731, 98, B15, S09, 1
S09, Trade, 85770.212, 106, S09, B07, 1
S09, Trade, 85777.288, 105, B15, S09, 1
S09, Trade, 85794.365, 101, B06, S09, 1
S09, Trade, 85812.481, 107, S09, B08, 1
S09, Trade, 85816.808, 103, B19, S09, 1
S09, Trade, 85831.019, 106, B14, S09, 1
S09, Trade, 85838.558, 109, S09, B18, 1
S09, Trade, 85847.192, 108, B04, S09, 1
S09, Trade, 85873.442, 106, S09, B08, 1
S09, Trade, 85874.288, 97, B23, S09, 1
S09, Trade, 85894.673, 104, B21, S09, 1
S09, Trade, 85909.827, 109, S09, B09, 1
S09, Trade, 85924.423, 108, B23, S09, 1
S09, Trade, 85961.712, 102, B00, S09, 1
S09, Trade, 85970.019, 109, B18, S09, 1
S09, Trade, 85991.500, 99, S09, B01, 1
S09, Trade, 85992.308, 98, B15, S09, 1
S09, Trade, 86003.981, 103, B19, S09, 1
S09, Trade, 86017.635, 106, S09, B09, 1
S09, Trade, 86033.981, 104, B03, S09, 1
S09, Trade, 86047.000, 107, S09, B19, 1
S09, Trade, 86066.596, 109, S09, B19, 1
S09, Trade, 86076.308, 108, B22, S09, 1
S09, Trade, 86090.577, 110, B02, S09, 1
S09, Trade, 86105.596, 101, B14, S09, 1
S09, Trade, 86130.019, 110, S09, B00, 1
S09, Trade, 86134.442, 101, B14, S09, 1
S09, Trade, 86154.538, 110, S09, B04, 1
S09, Trade, 86160.519, 109, B19, S09, 1
S09, Trade, 86179.000, 106, S09, B18, 1
S09, Trade, 86180.885, 110, B02, S09, 1
S09, Trade, 86203.115, 109, S09, B09, 1
S09, Trade, 86212.885, 102, B09, S09, 1
S09, Trade, 86219.308, 98, S09, B20, 1
S09, Trade, 86232.192, 104, B14, S09, 1
S09, Trade, 86246.000, 102, B08, S09, 1
S09, Trade, 86262.462, 102, S09, B15, 1
S09, Trade, 86277.346, 106, S09, B06, 1
S09, Trade, 86280.942, 105, B03, S09, 1
S09, Trade, 86296.423, 110, S09, B08, 1
S09, Trade, 86303.808, 114, S09, B20, 1
S09, Trade, 86308.404, 101, B12, S09, 1
S09, Trade, 86322.712, 105, B01, S09, 1
S09, Trade, 86335.827, 110, S09, B08, 1
S09, Trade, 86353.981, 102, S09, B09, 1
S09, Trade, 86361.596, 106, B17, S09, 1
S09, Trade, 86373.019, 109, S09, B01, 1
S09, Trade, 86377.712, 117, S09, B10, 1
S10, 100
S10, Trade, 85124.577, 106, B06, S10, 1
S10, Trade, 85141.846, 106, P00, S10, 1
S10, Trade, 85151.423, 106, B14, S10, 1
S10, Trade, 85160.192, 114, B02, S10, 1
S10, Trade, 85187.673, 107, B02, S10, 1
S10, Trade, 85192.808, 110, B03, S10, 1
S10, Trade, 85205.212, 99, B19, S10, 1
S10, Trade, 85220.635, 105, B06, S10, 1
S10, Trade, 85224.577, 103, B21, S10, 1
S10, Trade, 85241.231, 109, S10, B17, 1
S10, Trade, 85247.365, 103, B01, S10, 1
S10, Trade, 85257.981, 102, B14, S10, 1
S10, Trade, 85267.442, 104, S10, B06, 1
S10, Trade, 85280.000, 103, B11, S10, 1
S10, Trade, 85291.558, 101, B00, S10, 1
S10, Trade, 85299.596, 101, B06, S10, 1
S10, Trade, 85308.519, 107, B05, S10, 1
S10, Trade, 85321.250, 106, P00, S10, 1
S10, Trade, 85325.673, 100, B02, S10, 1
S10, Trade, 85337.519, 96, B04, S10, 1
S10, Trade, 85350.423, 103, B24, S10, 1
S10, Trade, 85354.462, 110, B04, S10, 1
S10, Trade, 85384.712, 110, B00, S10, 1
S10, Trade, 85401.673, 111, S10, B17, 1
S10, Trade, 85406.500, 113, S10, B02, 1
S10, Trade, 85420.481, 100, B19, S10, 1
S10, Trade, 85425.385, 110, S10, B20, 1
S10, Trade, 85434.423, 110, B12, S10, 1
S10, Trade, 85460.365, 97, B19, S10, 1
S10, Trade, 85478.827, 103, B12, S10, 1
S10, Trade, 85483.923, 97, B15, S10, 1
S10, Trade, 85498.250, 103, B23, S10, 1
S10, Trade, 85510.423, 104, B23, S10, 1
S10, Trade, 85528.577, 107, B24, S10, 1
S10, Trade, 85537.058, 101, B22, S10, 1
S10, Trade, 85547.500, 102, S10, B16, 1
S10, Trade, 85560.904, 104, B19, S10, 1
S10, Trade, 85564.115, 100, B14, S10, 1
S10, Trade, 85591.692, 94, B02, S10, 1
S10, Trade, 85619.000, 107, S10, B01, 1
S10, Trade, 85621.577, 108, S10, B02, 1
S10, Trade, 85657.885, 99, B15, S10, 1
S10, Trade, 85666.596, 106, B06, S10, 1
S10, Trade, 85675.769, 106, B19, S10, 1
S10, Trade, 85686.096, 99, B03, S10, 1
S10, Trade, 85699.327, 102, P00, S10, 1
S10, Trade, 85706.923, 98, B21, S10, 1
S10, Trade, 85739.058, 103, S10, B00, 1
S10, Trade, 85741.154, 99, P00, S10, 1
S10, Trade, 85751.596, 101, B14, S10, 1
S10, Trade, 85763.250, 109, S10, B20, 1
S10, Trade, 85768.192, 104, B16, S10, 1
S10, Trade, 85800.346, 100, B11, S10, 1
S10, Trade, 85826.615, 105, B04, S10, 1
S10, Trade, 85835.192, 105, B10, S10, 1
S10, Trade, 85852.865, 107, B16, S10, 1
S10, Trade, 85859.077, 107, S10, B04, 1
S10, Trade, 85866.038, 106, B22, S10, 1
S10, Trade, 85880.519, 109, P00, S10, 1
S10, Trade, 85889.115, 104, B22, S10, 1
S10, Trade, 85901.058, 98, B03, S10, 1
S10, Trade, 85912.596, 100, B17, S10, 1
S10, Trade, 85923.865, 110, P00, S10, 1
S10, Trade, 85934.596, 110, B04, S10, 1
S10, Trade, 85952.385, 108, S10, B06, 1
S10, Trade, 85957.481, 99, B21, S10, 1
S10, Trade, 85970.212, 108, B17, S10, 1
S10, Trade, 85974.173, 104, B04, S10, 1
S10, Trade, 85993.923, 99, B06, S10, 1
S10, Trade, 86013.096, 110, S10, B22, 1
S10, Trade, 86015.154, 100, B12, S10, 1
S10, Trade, 86035.635, 108, S10, B05, 1
S10, Trade, 86043.904, 105, S10, B17, 1
S10, Trade, 86067.250, 102, B00, S10, 1
S10, Trade, 86089.346, 111, B04, S10, 1
S10, Trade, 86096.904, 105, B17, S10, 1
S10, Trade, 86108.462, 99, B04, S10, 1
S10, Trade, 86119.692, 106, B13, S10, 1
S10, Trade, 86134.096, 105, S10, B21, 1
S10, Trade, 86134.231, 104, B12, S10, 1
S10, Trade, 86155.635, 109, P00, S10, 1
S10, Trade, 86160.288, 109, B20, S10, 1
S10, Trade, 86183.481, 110, P00, S10, 1
S10, Trade, 86199.192, 106, B04, S10, 1
S10, Trade, 86211.615, 103, B22, S10, 1
S10, Trade, 86215.558, 99, S10, B03, 1
S10, Trade, 86244.827, 104, B06, S10, 1
S10, Trade, 86260.019, 102, S10, B04, 1
S10, Trade, 86264.385, 101, B20, S10, 1
S10, Trade, 86278.673, 104, B17, S10, 1
S10, Trade, 86285.462, 108, P00, S10, 1
S10, Trade, 86305.327, 110, B22, S10, 1
S10, Trade, 86305.923, 110, B06, S10, 1
S10, Trade, 86318.788, 102, B21, S10, 1
S10, Trade, 86333.788, 109, S10, B00, 1
S10, Trade, 86335.192, 104, B14, S10, 1
S10, Trade, 86347.423, 99, B07, S10, 1
S10, Trade, 86373.558, 104, B04, S10, 1
S10, Trade, 86377.788, 113, B04, S10, 1
S10, Trade, 86393.596, 112, B15, S10, 1
S11, 100
S11, Trade, 85240.077, 112, S11, B10, 1
S11, Trade, 85246.577, 105, S11, B11, 1
S11, Trade, 85262.923, 104, P00, S11, 1
S11, Trade, 85264.365, 102, B22, S11, 1
S11, Trade, 85295.827, 103, S11, B19, 1
S11, Trade, 85312.058, 103, B04, S11, 1
S11, Trade, 85320.173, 109, S11, B23, 1
S11, Trade, 85327.385, 102, S11, B20, 1
S11, Trade, 85344.058, 102, S11, B11, 1
S11, Trade, 85367.308, 104, B05, S11, 1
S11, Trade, 85380.692, 103, B15, S11, 1
S11, Trade, 85392.827, 108, S11, B19, 1
S11, Trade, 85394.346, 105, S11, B12, 1
S11, Trade, 85407.942, 112, B01, S11, 1
S11, Trade, 85419.308, 112, B14, S11, 1
S11, Trade, 85433.808, 109, S11, B01, 1
S11, Trade, 85450.654, 103, S11, B09, 1
S11, Trade, 85459.115, 105, S11, B12, 1
S11, Trade, 85467.385, 105, S11, B03, 1
S11, Trade, 85475.615, 101, S11, B13, 1
S11, Trade, 85489.577, 104, B06, S11, 1
S11, Trade, 85502.173, 103, B05, S11, 1
S11, Trade, 85504.288, 100, S11, B10, 1
S11, Trade, 85521.385, 102, S11, B02, 1
S11, Trade, 85538.096, 105, S11, B09, 1
S11, Trade, 85544.346, 108, S11, B20, 1
S11, Trade, 85562.365, 108, S11, B18, 1
S11, Trade, 85572.423, 104, B23, S11, 1
S11, Trade, 85575.596, 106, S11, B01, 1
S11, Trade, 85598.654, 104, P00, S11, 1
S11, Trade, 85602.365, 93, B21, S11, 1
S11, Trade, 85617.731, 104, B24, S11, 1
S11, Trade, 85629.750, 104, S11, B07, 1
S11, Trade, 85638.038, 99, S11, B23, 1
S11, Trade, 85647.135, 97, B13, S11, 1
S11, Trade, 85661.519, 106, S11, B12, 1
S11, Trade, 85667.885, 106, B21, S11, 1
S11, Trade, 85694.942, 110, S11, B17, 1
S11, Trade, 85714.481, 101, S11, B10, 1
S11, Trade, 85725.462, 103, S11, B21, 1
S11, Trade, 85737.500, 102, S11, B09, 1
S11, Trade, 85746.538, 102, S11, B20, 1
S11, Trade, 85761.923, 107, B17, S11, 1
S11, Trade, 85771.788, 105, S11, B01, 1
S11, Trade, 85790.019, 110, S11, B12, 1
S11, Trade, 85790.827, 110, S11, B04, 1
S11, Trade, 85793.423, 105, B20, S11, 1
S11, Trade, 85806.327, 104, S11, B21, 1
S11, Trade, 85822.115, 105, S11, B24, 1
S11, Trade, 85829.750, 107, S11, B20, 1
S11, Trade, 85836.135, 106, S11, B12, 1
S11, Trade, 85852.577, 108, S11, B09, 1
S11, Trade, 85870.769, 96, B09, S11, 1
S11, Trade, 85883.577, 109, S11, B09, 1
S11, Trade, 85902.558, 112, S11, B15, 1
S11, Trade, 85907.058, 110, S11, B05, 1
S11, Trade, 85922.250, 111, S11, B13, 1
S11, Trade, 85936.269, 109, S11, B03, 1
S11, Trade, 85945.077, 106, B18, S11, 1
S11, Trade, 85949.154, 105, S11, B12, 1
S11, Trade, 85960.404, 102, P00, S11, 1
S11, Trade, 85964.750, 105, S11, B20, 1
S11, Trade, 85987.250, 99, S11, B20, 1
S11, Trade, 86002.481, 104, S11, B09, 1
S11, Trade, 86010.769, 104, S11, B02, 1
S11, Trade, 86031.750, 105, S11, B08, 1
S11, Trade, 86042.288, 107, S11, B20, 1
S11, Trade, 86084.058, 107, B02, S11, 1
S11, Trade, 86090.462, 110, S11, B06, 1
S11, Trade, 86101.942, 108, P00, S11, 1
S11, Trade, 86105.096, 105, S11, B20, 1
S11, Trade, 86123.365, 109, S11, B08, 1
S11, Trade, 86126.654, 110, P00, S11, 1
S11, Trade, 86135.865, 104, S11, B19, 1
S11, Trade, 86148.308, 107, S11, B01, 1
S11, Trade, 86162.327, 109, S11, B24, 1
S11, Trade, 86167.923, 107, P00, S11, 1
S11, Trade, 86176.673, 104, B05, S11, 1
S11, Trade, 86188.000, 105, B21, S11, 1
S11, Trade, 86201.923, 108, B06, S11, 1
S11, Trade, 86211.442, 103, B02, S11, 1
S11, Trade, 86219.058, 97, B15, S11, 1
S11, Trade, 86234.942, 104, S11, B11, 1
S11, Trade, 86243.115, 106, S11, B24, 1
S11, Trade, 86246.692, 105, S11, B22, 1
S11, Trade, 86257.808, 108, B02, S11, 1
S11, Trade, 86272.115, 107, S11, B04, 1
S11, Trade, 86282.558, 108, S11, B13, 1
S11, Trade, 86288.731, 110, S11, B17, 1
S11, Trade, 86303.058, 112, P00, S11, 1
S11, Trade, 86310.192, 106, S11, B08, 1
S11, Trade, 86319.846, 110, S11, B07, 1
S11, Trade, 86325.519, 108, S11, B05, 1
S11, Trade, 86336.173, 113, B18, S11, 1
S11, Trade, 86347.558, 104, S11, B02, 1
S11, Trade, 86360.481, 107, B04, S11, 1
S11, Trade, 86373.000, 108, S11, B23, 1
S11, Trade, 86377.385, 116, S11, B09, 1
S11, Trade, 86394.019, 111, P00, S11, 1
S11, Trade, 86399.558, 106, B10, S11, 1
S12, 100
S12, Trade, 85179.019, 105, S12, B03, 1
S12, Trade, 85189.923, 107, P00, S12, 1
S12, Trade, 85202.308, 103, S12, B17, 1
S12, Trade, 85217.885, 111, S12, B16, 1
S12, Trade, 85224.250, 106, S12, B15, 1
S12, Trade, 85236.481, 111, S12, B20, 1
S12, Trade, 85259.231, 106, S12, B01, 1
S12, Trade, 85263.288, 105, S12, B09, 1
S12, Trade, 85280.981, 108, S12, B01, 1
S12, Trade, 85290.442, 101, B02, S12, 1
S12, Trade, 85307.231, 112, S12, B12, 1
S12, Trade, 85315.385, 107, B06, S12, 1
S12, Trade, 85342.596, 101, S12, B16, 1
S12, Trade, 85363.058, 106, B01, S12, 1
S12, Trade, 85375.827, 102, S12, B09, 1
S12, Trade, 85388.981, 112, S12, B22, 1
S12, Trade, 85395.923, 104, S12, B20, 1
S12, Trade, 85413.827, 105, S12, B07, 1
S12, Trade, 85419.654, 114, S12, B10, 1
S12, Trade, 85431.058, 110, S12, B24, 1
S12, Trade, 85439.827, 106, S12, B09, 1
S12, Trade, 85446.288, 105, S12, B06, 1
S12, Trade, 85452.462, 103, B23, S12, 1
S12, Trade, 85468.981, 105, S12, B12, 1
S12, Trade, 85481.808, 106, S12, B07, 1
S12, Trade, 85485.077, 105, B08, S12, 1
S12, Trade, 85494.712, 108, S12, B20, 1
S12, Trade, 85506.981, 109, S12, B20, 1
S12, Trade, 85514.635, 102, S12, B00, 1
S12, Trade, 85526.731, 104, S12, B06, 1
S12, Trade, 85543.423, 109, S12, B09, 1
S12, Trade, 85553.000, 100, B14, S12, 1
S12, Trade, 85557.365, 108, B21, S12, 1
S12, Trade, 85586.135, 109, S12, B09, 1
S12, Trade, 85593.500, 99, S12, B23, 1
S12, Trade, 85600.481, 94, S12, B09, 1
S12, Trade, 85614.000, 105, S12, B13, 1
S12, Trade, 85638.288, 101, S12, B08, 1
S12, Trade, 85646.885, 97, B19, S12, 1
S12, Trade, 85662.962, 106, S12, B09, 1
S12, Trade, 85669.115, 106, S12, B22, 1
S12, Trade, 85676.231, 106, B24, S12, 1
S12, Trade, 85689.000, 104, B10, S12, 1
S12, Trade, 85701.327, 101, B21, S12, 1
S12, Trade, 85709.462, 101, S12, B04, 1
S12, Trade, 85720.808, 99, B15, S12, 1
S12, Trade, 85726.788, 103, S12, B19, 1
S12, Trade, 85733.750, 99, S12, B12, 1
S12, Trade, 85743.904, 101, B19, S12, 1
S12, Trade, 85765.942, 105, B18, S12, 1
S12, Trade, 85786.096, 102, S12, B21, 1
S12, Trade, 85798.462, 102, S12, B23, 1
S12, Trade, 85811.058, 102, P00, S12, 1
S12, Trade, 85814.635, 104, B02, S12, 1
S12, Trade, 85829.462, 107, B06, S12, 1
S12, Trade, 85841.019, 111, S12, B10, 1
S12, Trade, 85855.981, 106, B06, S12, 1
S12, Trade, 85865.423, 108, B23, S12, 1
S12, Trade, 85894.865, 104, B13, S12, 1
S12, Trade, 85909.000, 109, S12, B23, 1
S12, Trade, 85914.942, 108, S12, B07, 1
S12, Trade, 85925.154, 109, S12, B18, 1
S12, Trade, 85943.808, 110, S12, B09, 1
S12, Trade, 85950.577, 107, S12, B08, 1
S12, Trade, 85960.577, 103, S12, B05, 1
S12, Trade, 85981.942, 105, S12, B19, 1
S12, Trade, 85984.115, 104, S12, B23, 1
S12, Trade, 85993.904, 100, S12, B22, 1
S12, Trade, 86007.750, 103, S12, B17, 1
S12, Trade, 86015.673, 108, S12, B23, 1
S12, Trade, 86034.942, 107, S12, B16, 1
S12, Trade, 86038.250, 106, B22, S12, 1
S12, Trade, 86057.769, 105, S12, B20, 1
S12, Trade, 86074.577, 113, S12, B18, 1
S12, Trade, 86075.519, 113, S12, B15, 1
S12, Trade, 86094.962, 115, S12, B01, 1
S12, Trade, 86100.865, 112, S12, B10, 1
S12, Trade, 86107.462, 108, S12, B11, 1
S12, Trade, 86128.365, 110, S12, B22, 1
S12, Trade, 86131.385, 108, S12, B17, 1
S12, Trade, 86148.404, 112, S12, B08, 1
S12, Trade, 86156.269, 111, S12, B10, 1
S12, Trade, 86175.596, 106, B11, S12, 1
S12, Trade, 86181.942, 113, S12, B04, 1
S12, Trade, 86211.865, 104, S12, B12, 1
S12, Trade, 86225.769, 104, S12, B15, 1
S12, Trade, 86241.538, 107, S12, B14, 1
S12, Trade, 86251.519, 114, S12, B18, 1
S12, Trade, 86263.885, 103, S12, B10, 1
S12, Trade, 86272.769, 110, S12, B22, 1
S12, Trade, 86278.288, 105, S12, B04, 1
S12, Trade, 86290.750, 107, S12, B06, 1
S12, Trade, 86297.692, 113, S12, B12, 1
S12, Trade, 86323.231, 108, B09, S12, 1
S12, Trade, 86328.346, 105, B08, S12, 1
S12, Trade, 86336.788, 110, S12, B06, 1
S12, Trade, 86349.596, 96, B10, S12, 1
S12, Trade, 86357.673, 108, S12, B14, 1
S12, Trade, 86364.904, 107, B23, S12, 1
S12, Trade, 86387.885, 115, S12, B08, 1
S13, 100
S13, Trade, 85044.942, 105, B17, S13, 1
S13, Trade, 85054.577, 103, S13, B09, 1
S13, Trade, 85073.019, 113, S13, B00, 1
S13, Trade, 85090.731, 100, B21, S13, 1
S13, Trade, 85100.577, 109, S13, B01, 1
S13, Trade, 85108.442, 108, S13, B16, 1
S13, Trade, 85128.077, 104, B11, S13, 1
S13, Trade, 85146.231, 108, S13, B12, 1
S13, Trade, 85151.385, 109, S13, B05, 1
S13, Trade, 85153.288, 104, B22, S13, 1
S13, Trade, 85169.173, 106, S13, B11, 1
S13, Trade, 85175.885, 103, B17, S13, 1
S13, Trade, 85191.269, 101, B15, S13, 1
S13, Trade, 85197.077, 106, B02, S13, 1
S13, Trade, 85212.577, 110, S13, B11, 1
S13, Trade, 85238.865, 113, S13, B13, 1
S13, Trade, 85241.404, 108, B11, S13, 1
S13, Trade, 85271.788, 108, S13, B00, 1
S13, Trade, 85291.692, 101, B22, S13, 1
S13, Trade, 85294.865, 100, B24, S13, 1
S13, Trade, 85322.885, 110, S13, B14, 1
S13, Trade, 85326.808, 100, B24, S13, 1
S13, Trade, 85342.923, 102, S13, B22, 1
S13, Trade, 85353.942, 105, S13, B08, 1
S13, Trade, 85356.288, 100, B17, S13, 1
S13, Trade, 85378.192, 96, B16, S13, 1
S13, Trade, 85408.692, 108, B21, S13, 1
S13, Trade, 85426.173, 96, B15, S13, 1
S13, Trade, 85444.250, 108, S13, B01, 1
S13, Trade, 85449.192, 101, B04, S13, 1
S13, Trade, 85462.750, 109, S13, B09, 1
S13, Trade, 85476.077, 98, B08, S13, 1
S13, Trade, 85492.058, 105, S13, B07, 1
S13, Trade, 85520.596, 101, B11, S13, 1
S13, Trade, 85527.615, 103, P00, S13, 1
S13, Trade, 85540.058, 105, S13, B08, 1
S13, Trade, 85548.115, 103, S13, B03, 1
S13, Trade, 85573.712, 96, B11, S13, 1
S13, Trade, 85582.000, 107, B21, S13, 1
S13, Trade, 85583.423, 98, B15, S13, 1
S13, Trade, 85609.115, 98, B21, S13, 1
S13, Trade, 85621.077, 105, B20, S13, 1
S13, Trade, 85629.865, 93, B14, S13, 1
S13, Trade, 85636.500, 102, B21, S13, 1
S13, Trade, 85655.231, 95, B17, S13, 1
S13, Trade, 85670.923, 108, S13, B23, 1
S13, Trade, 85682.596, 101, S13, B08, 1
S13, Trade, 85684.000, 99, B02, S13, 1
S13, Trade, 85698.288, 104, S13, B10, 1
S13, Trade, 85729.096, 100, P00, S13, 1
S13, Trade, 85748.462, 98, B10, S13, 1
S13, Trade, 85767.058, 107, S13, B20, 1
S13, Trade, 85783.596, 107, S13, B16, 1
S13, Trade, 85792.365, 107, B23, S13, 1
S13, Trade, 85806.288, 105, S13, B09, 1
S13, Trade, 85821.346, 106, S13, B17, 1
S13, Trade, 85828.000, 109, S13, B13, 1
S13, Trade, 85837.288, 106, B04, S13, 1
S13, Trade, 85844.750, 107, B15, S13, 1
S13, Trade, 85867.654, 108, S13, B07, 1
S13, Trade, 85878.308, 110, S13, B24, 1
S13, Trade, 85887.231, 110, S13, B14, 1
S13, Trade, 85902.462, 112, S13, B05, 1
S13, Trade, 85913.692, 100, B02, S13, 1
S13, Trade, 85925.731, 111, B21, S13, 1
S13, Trade, 85948.673, 106, B10, S13, 1
S13, Trade, 85957.365, 104, B16, S13, 1
S13, Trade, 85974.231, 103, B13, S13, 1
S13, Trade, 85995.731, 108, S13, B11, 1
S13, Trade, 86003.462, 107, S13, B01, 1
S13, Trade, 86017.115, 102, B04, S13, 1
S13, Trade, 86046.962, 104, P00, S13, 1
S13, Trade, 86053.423, 104, B11, S13, 1
S13, Trade, 86077.269, 108, S13, P00, 1
S13, Trade, 86088.635, 110, S13, B12, 1
S13, Trade, 86095.923, 116, S13, B08, 1
S13, Trade, 86111.942, 102, B21, S13, 1
S13, Trade, 86122.577, 103, B02, S13, 1
S13, Trade, 86133.596, 107, S13, B02, 1
S13, Trade, 86141.923, 109, B20, S13, 1
S13, Trade, 86155.923, 110, S13, B04, 1
S13, Trade, 86164.115, 106, B22, S13, 1
S13, Trade, 86183.115, 113, S13, B08, 1
S13, Trade, 86205.519, 116, S13, B00, 1
S13, Trade, 86213.731, 101, B11, S13, 1
S13, Trade, 86216.212, 99, B06, S13, 1
S13, Trade, 86223.865, 104, B01, S13, 1
S13, Trade, 86243.788, 107, S13, B02, 1
S13, Trade, 86247.904, 101, B05, S13, 1
S13, Trade, 86272.288, 111, S13, B03, 1
S13, Trade, 86273.558, 110, S13, B23, 1
S13, Trade, 86293.769, 110, S13, B01, 1
S13, Trade, 86296.865, 104, B11, S13, 1
S13, Trade, 86314.577, 105, S13, B14, 1
S13, Trade, 86326.846, 110, S13, B13, 1
S13, Trade, 86328.808, 105, P00, S13, 1
S13, Trade, 86346.173, 103, B04, S13, 1
S13, Trade, 86365.327, 109, S13, B01, 1
S13, Trade, 86366.635, 110, P00, S13, 1
S13, Trade, 86378.442, 109, B07, S13, 1
S14, 100
S14, Trade, 84997.615, 112, S14, B20, 1
S14, Trade, 85009.865, 102, B13, S14, 1
S14, Trade, 85020.154, 112, S14, B01, 1
S14, Trade, 85036.019, 117, S14, B16, 1
S14, Trade, 85039.596, 110, B19, S14, 1
S14, Trade, 85057.442, 100, S14, B10, 1
S14, Trade, 85069.596, 104, P00, S14, 1
S14, Trade, 85092.269, 111, S14, B14, 1
S14, Trade, 85101.077, 107, B10, S14, 1
S14, Trade, 85104.000, 105, B02, S14, 1
S14, Trade, 85122.846, 110, B21, S14, 1
S14, Trade, 85126.442, 107, S14, B09, 1
S14, Trade, 85143.308, 104, B01, S14, 1
S14, Trade, 85167.923, 103, S14, B09, 1
S14, Trade, 85184.577, 104, B19, S14, 1
S14, Trade, 85216.115, 106, B13, S14, 1
S14, Trade, 85235.981, 106, B04, S14, 1
S14, Trade, 85260.731, 104, B11, S14, 1
S14, Trade, 85265.904, 103, S14, B12, 1
S14, Trade, 85282.346, 105, S14, B17, 1
S14, Trade, 85292.038, 105, S14, B01, 1
S14, Trade, 85305.077, 113, S14, B03, 1
S14, Trade, 85308.769, 102, B23, S14, 1
S14, Trade, 85339.673, 103, S14, B23, 1
S14, Trade, 85374.077, 101, B23, S14, 1
S14, Trade, 85385.846, 110, B07, S14, 1
S14, Trade, 85396.577, 101, B10, S14, 1
S14, Trade, 85406.712, 107, B13, S14, 1
S14, Trade, 85420.192, 109, S14, B20, 1
S14, Trade, 85437.442, 110, B06, S14, 1
S14, Trade, 85456.462, 104, S14, B09, 1
S14, Trade, 85458.442, 102, B08, S14, 1
S14, Trade, 85468.885, 104, S14, B23, 1
S14, Trade, 85477.231, 98, B19, S14, 1
S14, Trade, 85485.096, 99, B19, S14, 1
S14, Trade, 85497.654, 104, B13, S14, 1
S14, Trade, 85519.615, 101, B23, S14, 1
S14, Trade, 85534.750, 101, S14, B07, 1
S14, Trade, 85554.596, 104, S14, B01, 1
S14, Trade, 85566.962, 106, B21, S14, 1
S14, Trade, 85585.154, 106, S14, B22, 1
S14, Trade, 85593.712, 94, B05, S14, 1
S14, Trade, 85613.827, 101, B06, S14, 1
S14, Trade, 85620.769, 104, S14, B07, 1
S14, Trade, 85632.288, 104, S14, B13, 1
S14, Trade, 85641.135, 97, B11, S14, 1
S14, Trade, 85655.615, 98, B02, S14, 1
S14, Trade, 85678.000, 105, B23, S14, 1
S14, Trade, 85699.096, 102, B06, S14, 1
S14, Trade, 85722.538, 99, B24, S14, 1
S14, Trade, 85731.692, 101, S14, B01, 1
S14, Trade, 85746.904, 104, S14, B16, 1
S14, Trade, 85750.788, 102, B05, S14, 1
S14, Trade, 85763.865, 107, B02, S14, 1
S14, Trade, 85783.846, 99, B02, S14, 1
S14, Trade, 85806.250, 105, S14, B03, 1
S14, Trade, 85812.942, 105, B03, S14, 1
S14, Trade, 85821.019, 103, S14, B20, 1
S14, Trade, 85834.365, 106, S14, B00, 1
S14, Trade, 85851.404, 108, B12, S14, 1
S14, Trade, 85863.269, 111, S14, B04, 1
S14, Trade, 85872.808, 98, B15, S14, 1
S14, Trade, 85878.808, 111, S14, B12, 1
S14, Trade, 85891.923, 103, B03, S14, 1
S14, Trade, 85893.423, 104, S14, B22, 1
S14, Trade, 85906.000, 111, S14, B12, 1
S14, Trade, 85923.385, 110, B19, S14, 1
S14, Trade, 85926.788, 108, B02, S14, 1
S14, Trade, 85946.462, 109, B09, S14, 1
S14, Trade, 85968.712, 112, S14, B11, 1
S14, Trade, 85973.942, 105, S14, B24, 1
S14, Trade, 85989.808, 96, B03, S14, 1
S14, Trade, 85994.135, 97, P00, S14, 1
S14, Trade, 86012.308, 107, S14, B14, 1
S14, Trade, 86031.365, 104, B24, S14, 1
S14, Trade, 86042.654, 107, S14, B13, 1
S14, Trade, 86052.712, 105, B04, S14, 1
S14, Trade, 86055.827, 105, S14, B17, 1
S14, Trade, 86073.077, 111, B05, S14, 1
S14, Trade, 86078.846, 108, S14, B17, 1
S14, Trade, 86089.558, 108, P00, S14, 1
S14, Trade, 86107.981, 107, S14, B07, 1
S14, Trade, 86116.654, 109, S14, B19, 1
S14, Trade, 86126.846, 110, B24, S14, 1
S14, Trade, 86140.192, 112, B21, S14, 1
S14, Trade, 86145.115, 110, S14, B17, 1
S14, Trade, 86169.923, 107, S14, B16, 1
S14, Trade, 86174.942, 104, B10, S14, 1
S14, Trade, 86185.846, 108, B13, S14, 1
S14, Trade, 86197.942, 109, S14, B14, 1
S14, Trade, 86228.115, 104, B04, S14, 1
S14, Trade, 86249.519, 112, S14, B09, 1
S14, Trade, 86259.154, 107, B09, S14, 1
S14, Trade, 86281.288, 103, P00, S14, 1
S14, Trade, 86292.288, 107, S14, B09, 1
S14, Trade, 86299.846, 114, S14, B13, 1
S14, Trade, 86318.192, 106, B12, S14, 1
S14, Trade, 86344.462, 106, B16, S14, 1
S14, Trade, 86366.058, 110, B18, S14, 1
S14, Trade, 86377.231, 114, B06, S14, 1
S15, 100
S15, Trade, 85162.923, 100, S15, B16, 1
S15, Trade, 85173.327, 102, B23, S15, 1
S15, Trade, 85191.558, 100, B22, S15, 1
S15, Trade, 85195.692, 106, B12, S15, 1
S15, Trade, 85212.288, 107, S15, B05, 1
S15, Trade, 85218.654, 106, S15, B12, 1
S15, Trade, 85231.769, 104, B22, S15, 1
S15, Trade, 85236.346, 108, S15, B02, 1
S15, Trade, 85250.615, 102, B14, S15, 1
S15, Trade, 85253.058, 102, B21, S15, 1
S15, Trade, 85264.519, 101, B16, S15, 1
S15, Trade, 85278.750, 105, B10, S15, 1
S15, Trade, 85295.173, 100, B14, S15, 1
S15, Trade, 85302.135, 104, B16, S15, 1
S15, Trade, 85317.346, 107, B02, S15, 1
S15, Trade, 85328.173, 99, P00, S15, 1
S15, Trade, 85345.750, 104, S15, B07, 1
S15, Trade, 85360.500, 108, B11, S15, 1
S15, Trade, 85378.308, 109, S15, B08, 1
S15, Trade, 85379.385, 102, B00, S15, 1
S15, Trade, 85382.000, 102, P00, S15, 1
S15, Trade, 85392.577, 107, B08, S15, 1
S15, Trade, 85420.981, 102, B11, S15, 1
S15, Trade, 85436.981, 111, B04, S15, 1
S15, Trade, 85457.077, 107, S15, B01, 1
S15, Trade, 85476.654, 105, S15, B01, 1
S15, Trade, 85480.808, 103, S15, B08, 1
S15, Trade, 85492.731, 103, B00, S15, 1
S15, Trade, 85503.615, 99, B06, S15, 1
S15, Trade, 85507.058, 105, B08, S15, 1
S15, Trade, 85551.558, 101, B21, S15, 1
S15, Trade, 85560.423, 105, B10, S15, 1
S15, Trade, 85573.212, 99, B15, S15, 1
S15, Trade, 85587.135, 103, S15, B15, 1
S15, Trade, 85607.096, 97, B02, S15, 1
S15, Trade, 85621.615, 103, B15, S15, 1
S15, Trade, 85628.942, 98, S15, B12, 1
S15, Trade, 85638.000, 98, B16, S15, 1
S15, Trade, 85662.385, 103, B08, S15, 1
S15, Trade, 85669.981, 107, S15, B00, 1
S15, Trade, 85680.750, 102, B22, S15, 1
S15, Trade, 85685.173, 99, B06, S15, 1
S15, Trade, 85701.423, 99, B14, S15, 1
S15, Trade, 85712.808, 99, B22, S15, 1
S15, Trade, 85717.192, 100, B05, S15, 1
S15, Trade, 85738.865, 100, S15, B21, 1
S15, Trade, 85751.212, 101, B17, S15, 1
S15, Trade, 85760.577, 105, B06, S15, 1
S15, Trade, 85768.288, 105, B03, S15, 1
S15, Trade, 85777.942, 103, B17, S15, 1
S15, Trade, 85786.904, 103, B06, S15, 1
S15, Trade, 85794.462, 100, B10, S15, 1
S15, Trade, 85812.212, 105, B16, S15, 1
S15, Trade, 85822.846, 106, S15, B14, 1
S15, Trade, 85832.635, 105, B24, S15, 1
S15, Trade, 85842.192, 108, B00, S15, 1
S15, Trade, 85857.038, 104, B14, S15, 1
S15, Trade, 85868.385, 100, B21, S15, 1
S15, Trade, 85887.385, 109, B05, S15, 1
S15, Trade, 85896.154, 102, B06, S15, 1
S15, Trade, 85918.635, 109, S15, B08, 1
S15, Trade, 85942.346, 106, B20, S15, 1
S15, Trade, 85943.635, 107, B05, S15, 1
S15, Trade, 85960.942, 102, B04, S15, 1
S15, Trade, 85965.000, 104, B21, S15, 1
S15, Trade, 85981.346, 104, P00, S15, 1
S15, Trade, 85985.712, 96, B06, S15, 1
S15, Trade, 85999.212, 103, P00, S15, 1
S15, Trade, 86011.596, 102, B04, S15, 1
S15, Trade, 86028.981, 105, P00, S15, 1
S15, Trade, 86036.673, 107, B01, S15, 1
S15, Trade, 86066.981, 110, S15, B09, 1
S15, Trade, 86071.731, 111, B06, S15, 1
S15, Trade, 86088.808, 111, S15, B07, 1
S15, Trade, 86091.596, 99, B19, S15, 1
S15, Trade, 86100.519, 112, B15, S15, 1
S15, Trade, 86113.462, 109, B14, S15, 1
S15, Trade, 86114.942, 107, P00, S15, 1
S15, Trade, 86132.750, 107, B04, S15, 1
S15, Trade, 86144.327, 110, S15, B01, 1
S15, Trade, 86146.423, 107, B10, S15, 1
S15, Trade, 86173.365, 105, B02, S15, 1
S15, Trade, 86191.615, 106, S15, B19, 1
S15, Trade, 86197.019, 104, B15, S15, 1
S15, Trade, 86207.500, 103, B06, S15, 1
S15, Trade, 86226.058, 102, B22, S15, 1
S15, Trade, 86250.731, 108, B02, S15, 1
S15, Trade, 86255.962, 109, B19, S15, 1
S15, Trade, 86265.192, 99, B03, S15, 1
S15, Trade, 86275.981, 106, S15, B21, 1
S15, Trade, 86291.442, 103, B22, S15, 1
S15, Trade, 86299.173, 101, B15, S15, 1
S15, Trade, 86316.442, 104, B05, S15, 1
S15, Trade, 86331.731, 101, B12, S15, 1
S15, Trade, 86348.154, 109, S15, B20, 1
S15, Trade, 86349.404, 97, B05, S15, 1
S15, Trade, 86358.500, 106, B20, S15, 1
S15, Trade, 86366.885, 110, B02, S15, 1
S15, Trade, 86382.019, 104, B21, S15, 1
S15, Trade, 86387.750, 105, B04, S15, 1
S16, 100
S16, Trade, 85108.865, 109, S16, B23, 1
S16, Trade, 85117.385, 111, S16, B13, 1
S16, Trade, 85142.308, 106, B23, S16, 1
S16, Trade, 85152.038, 111, S16, B01, 1
S16, Trade, 85173.538, 107, S16, B24, 1
S16, Trade, 85177.654, 104, P00, S16, 1
S16, Trade, 85190.538, 106, B17, S16, 1
S16, Trade, 85198.538, 106, S16, B22, 1
S16, Trade, 85212.385, 107, S16, B14, 1
S16, Trade, 85220.288, 108, B19, S16, 1
S16, Trade, 85233.558, 106, S16, B20, 1
S16, Trade, 85233.846, 102, B06, S16, 1
S16, Trade, 85250.462, 103, S16, B00, 1
S16, Trade, 85252.615, 101, P00, S16, 1
S16, Trade, 85273.212, 112, S16, B19, 1
S16, Trade, 85279.346, 104, B06, S16, 1
S16, Trade, 85299.962, 103, S16, B11, 1
S16, Trade, 85321.154, 106, B03, S16, 1
S16, Trade, 85324.904, 109, S16, B11, 1
S16, Trade, 85334.135, 99, B05, S16, 1
S16, Trade, 85352.077, 105, S16, B15, 1
S16, Trade, 85362.135, 107, B24, S16, 1
S16, Trade, 85367.423, 105, S16, B09, 1
S16, Trade, 85387.981, 109, B15, S16, 1
S16, Trade, 85413.712, 104, B24, S16, 1
S16, Trade, 85427.423, 107, B19, S16, 1
S16, Trade, 85444.096, 106, B16, S16, 1
S16, Trade, 85455.731, 102, B15, S16, 1
S16, Trade, 85461.962, 110, S16, B13, 1
S16, Trade, 85464.423, 105, S16, B21, 1
S16, Trade, 85502.500, 101, B22, S16, 1
S16, Trade, 85507.231, 99, B24, S16, 1
S16, Trade, 85522.981, 102, S16, B09, 1
S16, Trade, 85528.615, 105, B15, S16, 1
S16, Trade, 85541.731, 103, S16, B00, 1
S16, Trade, 85549.712, 101, B06, S16, 1
S16, Trade, 85562.558, 110, S16, B22, 1
S16, Trade, 85566.269, 110, S16, B19, 1
S16, Trade, 85580.212, 100, B02, S16, 1
S16, Trade, 85589.635, 99, S16, B03, 1
S16, Trade, 85598.000, 104, B01, S16, 1
S16, Trade, 85611.500, 105, S16, B16, 1
S16, Trade, 85613.462, 101, B19, S16, 1
S16, Trade, 85632.365, 94, P00, S16, 1
S16, Trade, 85635.096, 95, B15, S16, 1
S16, Trade, 85645.635, 97, S16, B09, 1
S16, Trade, 85662.231, 106, S16, B24, 1
S16, Trade, 85667.846, 107, S16, B02, 1
S16, Trade, 85702.077, 99, B24, S16, 1
S16, Trade, 85704.500, 106, S16, B12, 1
S16, Trade, 85732.000, 100, B05, S16, 1
S16, Trade, 85733.288, 98, B16, S16, 1
S16, Trade, 85743.250, 102, S16, B15, 1
S16, Trade, 85756.942, 105, S16, B01, 1
S16, Trade, 85764.327, 106, B04, S16, 1
S16, Trade, 85783.423, 100, B05, S16, 1
S16, Trade, 85792.808, 109, S16, B18, 1
S16, Trade, 85797.135, 99, B00, S16, 1
S16, Trade, 85811.442, 103, B15, S16, 1
S16, Trade, 85828.692, 107, B21, S16, 1
S16, Trade, 85837.615, 109, S16, B14, 1
S16, Trade, 85853.750, 106, B00, S16, 1
S16, Trade, 85862.115, 110, S16, B14, 1
S16, Trade, 85865.962, 106, P00, S16, 1
S16, Trade, 85898.462, 99, B24, S16, 1
S16, Trade, 85914.154, 104, S16, B12, 1
S16, Trade, 85919.923, 103, S16, B14, 1
S16, Trade, 85936.712, 108, B14, S16, 1
S16, Trade, 85959.731, 103, S16, B12, 1
S16, Trade, 85969.462, 109, B02, S16, 1
S16, Trade, 85981.538, 105, S16, B03, 1
S16, Trade, 85990.442, 95, B02, S16, 1
S16, Trade, 86002.904, 105, S16, B05, 1
S16, Trade, 86014.750, 111, S16, B03, 1
S16, Trade, 86023.000, 102, B02, S16, 1
S16, Trade, 86035.808, 108, B15, S16, 1
S16, Trade, 86056.673, 106, S16, B24, 1
S16, Trade, 86062.615, 110, S16, B08, 1
S16, Trade, 86068.192, 103, B11, S16, 1
S16, Trade, 86091.231, 110, S16, B03, 1
S16, Trade, 86102.942, 102, B05, S16, 1
S16, Trade, 86106.808, 100, B01, S16, 1
S16, Trade, 86137.173, 109, S16, B12, 1
S16, Trade, 86138.038, 98, B03, S16, 1
S16, Trade, 86156.615, 111, S16, B01, 1
S16, Trade, 86180.308, 115, S16, B14, 1
S16, Trade, 86193.712, 107, S16, B03, 1
S16, Trade, 86197.885, 103, B18, S16, 1
S16, Trade, 86239.192, 106, P00, S16, 1
S16, Trade, 86248.212, 106, S16, B20, 1
S16, Trade, 86258.673, 109, S16, B18, 1
S16, Trade, 86267.442, 104, B21, S16, 1
S16, Trade, 86277.154, 106, S16, B05, 1
S16, Trade, 86301.558, 105, B11, S16, 1
S16, Trade, 86317.942, 106, P00, S16, 1
S16, Trade, 86332.538, 105, S16, B15, 1
S16, Trade, 86333.250, 102, B22, S16, 1
S16, Trade, 86337.865, 110, S16, B23, 1
S16, Trade, 86353.250, 102, B06, S16, 1
S16, Trade, 86374.212, 113, B12, S16, 1
S17, 100
S17, Trade, 85282.481, 103, B23, S17, 1
S17, Trade, 85296.327, 101, B05, S17, 1
S17, Trade, 85307.058, 110, B11, S17, 1
S17, Trade, 85318.000, 105, B20, S17, 1
S17, Trade, 85327.481, 99, B10, S17, 1
S17, Trade, 85340.077, 103, S17, B08, 1
S17, Trade, 85350.077, 106, S17, B08, 1
S17, Trade, 85359.731, 112, S17, B17, 1
S17, Trade, 85366.269, 105, B06, S17, 1
S17, Trade, 85376.135, 99, B06, S17, 1
S17, Trade, 85391.077, 107, B14, S17, 1
S17, Trade, 85401.712, 109, B22, S17, 1
S17, Trade, 85410.173, 103, B04, S17, 1
S17, Trade, 85425.019, 105, S17, B16, 1
S17, Trade, 85437.462, 109, P00, S17, 1
S17, Trade, 85448.288, 102, B05, S17, 1
S17, Trade, 85461.250, 98, B05, S17, 1
S17, Trade, 85472.423, 101, B15, S17, 1
S17, Trade, 85491.096, 105, B09, S17, 1
S17, Trade, 85507.615, 98, B15, S17, 1
S17, Trade, 85521.308, 101, B19, S17, 1
S17, Trade, 85526.865, 103, B22, S17, 1
S17, Trade, 85543.077, 103, S17, B23, 1
S17, Trade, 85547.250, 98, B04, S17, 1
S17, Trade, 85562.192, 101, B20, S17, 1
S17, Trade, 85572.981, 102, B24, S17, 1
S17, Trade, 85586.365, 102, B21, S17, 1
S17, Trade, 85612.731, 102, B12, S17, 1
S17, Trade, 85623.442, 97, B22, S17, 1
S17, Trade, 85661.596, 107, S17, B18, 1
S17, Trade, 85662.481, 98, B21, S17, 1
S17, Trade, 85669.827, 105, B03, S17, 1
S17, Trade, 85674.904, 108, S17, B13, 1
S17, Trade, 85690.635, 102, B02, S17, 1
S17, Trade, 85697.269, 103, B04, S17, 1
S17, Trade, 85709.692, 103, S17, B13, 1
S17, Trade, 85722.231, 99, B04, S17, 1
S17, Trade, 85729.019, 100, B17, S17, 1
S17, Trade, 85747.096, 106, S17, B18, 1
S17, Trade, 85748.288, 101, P00, S17, 1
S17, Trade, 85760.846, 103, P00, S17, 1
S17, Trade, 85781.096, 101, B00, S17, 1
S17, Trade, 85792.115, 108, B05, S17, 1
S17, Trade, 85801.942, 100, B19, S17, 1
S17, Trade, 85805.212, 103, P00, S17, 1
S17, Trade, 85820.212, 98, B24, S17, 1
S17, Trade, 85829.615, 107, B03, S17, 1
S17, Trade, 85838.788, 106, B02, S17, 1
S17, Trade, 85847.346, 107, B13, S17, 1
S17, Trade, 85854.269, 106, B20, S17, 1
S17, Trade, 85866.712, 104, B05, S17, 1
S17, Trade, 85880.481, 109, B06, S17, 1
S17, Trade, 85893.635, 102, B21, S17, 1
S17, Trade, 85898.173, 100, B04, S17, 1
S17, Trade, 85907.673, 108, B19, S17, 1
S17, Trade, 85926.827, 108, B06, S17, 1
S17, Trade, 85941.135, 109, B02, S17, 1
S17, Trade, 85949.212, 103, B15, S17, 1
S17, Trade, 85957.635, 106, S17, B13, 1
S17, Trade, 85964.058, 103, B02, S17, 1
S17, Trade, 85984.038, 103, B05, S17, 1
S17, Trade, 85997.327, 102, B22, S17, 1
S17, Trade, 86005.827, 103, B21, S17, 1
S17, Trade, 86015.327, 108, S17, B24, 1
S17, Trade, 86027.519, 106, S17, B21, 1
S17, Trade, 86039.115, 105, B17, S17, 1
S17, Trade, 86058.673, 103, B05, S17, 1
S17, Trade, 86070.462, 107, P00, S17, 1
S17, Trade, 86088.885, 113, S17, B14, 1
S17, Trade, 86092.923, 98, B21, S17, 1
S17, Trade, 86100.558, 111, B03, S17, 1
S17, Trade, 86112.135, 109, B13, S17, 1
S17, Trade, 86119.731, 102, B15, S17, 1
S17, Trade, 86130.288, 108, B20, S17, 1
S17, Trade, 86141.692, 112, B04, S17, 1
S17, Trade, 86147.019, 105, B15, S17, 1
S17, Trade, 86162.654, 108, B21, S17, 1
S17, Trade, 86167.731, 107, B04, S17, 1
S17, Trade, 86184.365, 111, S17, B11, 1
S17, Trade, 86190.654, 105, B23, S17, 1
S17, Trade, 86201.135, 109, B05, S17, 1
S17, Trade, 86214.442, 103, S17, B18, 1
S17, Trade, 86220.212, 98, B21, S17, 1
S17, Trade, 86224.500, 100, B10, S17, 1
S17, Trade, 86253.673, 112, B21, S17, 1
S17, Trade, 86254.231, 111, B06, S17, 1
S17, Trade, 86273.750, 107, B15, S17, 1
S17, Trade, 86283.635, 105, B17, S17, 1
S17, Trade, 86293.673, 106, B18, S17, 1
S17, Trade, 86297.231, 102, S17, B04, 1
S17, Trade, 86311.962, 99, P00, S17, 1
S17, Trade, 86322.308, 106, B05, S17, 1
S17, Trade, 86330.923, 104, B07, S17, 1
S17, Trade, 86341.750, 108, B24, S17, 1
S17, Trade, 86353.673, 101, B21, S17, 1
S17, Trade, 86363.846, 105, B24, S17, 1
S17, Trade, 86365.750, 107, B22, S17, 1
S17, Trade, 86378.981, 106, B05, S17, 1
S17, Trade, 86386.077, 113, S17, B16, 1
S17, Trade, 86394.673, 110, B05, S17, 1
S18, 100
S18, Trade, 85154.269, 109, S18, B00, 1
S18, Trade, 85156.115, 108, P00, S18, 1
S18, Trade, 85169.404, 105, S18, B16, 1
S18, Trade, 85184.154, 108, S18, B10, 1
S18, Trade, 85193.654, 102, B04, S18, 1
S18, Trade, 85201.385, 99, B11, S18, 1
S18, Trade, 85212.558, 106, S18, B00, 1
S18, Trade, 85230.154, 106, S18, B23, 1
S18, Trade, 85239.192, 108, B00, S18, 1
S18, Trade, 85251.442, 101, B22, S18, 1
S18, Trade, 85273.981, 113, S18, B20, 1
S18, Trade, 85277.654, 109, B13, S18, 1
S18, Trade, 85301.115, 104, S18, B15, 1
S18, Trade, 85305.250, 111, P00, S18, 1
S18, Trade, 85337.808, 96, B19, S18, 1
S18, Trade, 85353.365, 105, S18, B12, 1
S18, Trade, 85373.788, 102, B24, S18, 1
S18, Trade, 85376.327, 98, B04, S18, 1
S18, Trade, 85390.269, 109, B21, S18, 1
S18, Trade, 85408.481, 113, S18, B00, 1
S18, Trade, 85418.596, 106, P00, S18, 1
S18, Trade, 85435.212, 111, S18, B17, 1
S18, Trade, 85441.096, 107, S18, B19, 1
S18, Trade, 85449.231, 100, B19, S18, 1
S18, Trade, 85460.788, 105, S18, B18, 1
S18, Trade, 85468.692, 99, B16, S18, 1
S18, Trade, 85480.519, 100, S18, B24, 1
S18, Trade, 85493.519, 108, S18, B08, 1
S18, Trade, 85501.750, 103, B13, S18, 1
S18, Trade, 85508.250, 108, S18, B03, 1
S18, Trade, 85514.962, 100, B04, S18, 1
S18, Trade, 85532.519, 101, S18, B05, 1
S18, Trade, 85544.154, 106, S18, B17, 1
S18, Trade, 85555.615, 105, S18, B23, 1
S18, Trade, 85567.077, 108, S18, B02, 1
S18, Trade, 85575.981, 107, S18, B12, 1
S18, Trade, 85583.019, 99, B06, S18, 1
S18, Trade, 85595.596, 107, B06, S18, 1
S18, Trade, 85627.192, 91, B04, S18, 1
S18, Trade, 85646.000, 97, B04, S18, 1
S18, Trade, 85672.231, 108, S18, B08, 1
S18, Trade, 85677.981, 106, B06, S18, 1
S18, Trade, 85687.000, 106, S18, B14, 1
S18, Trade, 85705.692, 99, P00, S18, 1
S18, Trade, 85723.365, 102, S18, B08, 1
S18, Trade, 85729.000, 103, S18, B20, 1
S18, Trade, 85755.981, 98, S18, B05, 1
S18, Trade, 85771.673, 104, S18, B02, 1
S18, Trade, 85776.173, 103, P00, S18, 1
S18, Trade, 85793.942, 104, B15, S18, 1
S18, Trade, 85810.769, 102, B23, S18, 1
S18, Trade, 85818.904, 99, S18, B02, 1
S18, Trade, 85832.058, 106, B05, S18, 1
S18, Trade, 85842.712, 108, P00, S18, 1
S18, Trade, 85852.173, 109, S18, B22, 1
S18, Trade, 85859.538, 105, B06, S18, 1
S18, Trade, 85870.192, 96, B08, S18, 1
S18, Trade, 85873.615, 98, S18, B18, 1
S18, Trade, 85890.981, 110, S18, B20, 1
S18, Trade, 85893.096, 107, B01, S18, 1
S18, Trade, 85905.519, 111, S18, B03, 1
S18, Trade, 85919.942, 110, S18, B20, 1
S18, Trade, 85928.654, 107, B24, S18, 1
S18, Trade, 85946.327, 108, S18, B19, 1
S18, Trade, 85953.231, 105, B01, S18, 1
S18, Trade, 85987.731, 96, B09, S18, 1
S18, Trade, 85998.577, 102, B21, S18, 1
S18, Trade, 86026.077, 101, B14, S18, 1
S18, Trade, 86046.385, 105, S18, B15, 1
S18, Trade, 86051.269, 104, B06, S18, 1
S18, Trade, 86060.942, 103, P00, S18, 1
S18, Trade, 86072.788, 115, S18, B08, 1
S18, Trade, 86080.885, 100, B23, S18, 1
S18, Trade, 86099.019, 110, S18, B23, 1
S18, Trade, 86101.981, 108, B19, S18, 1
S18, Trade, 86110.942, 107, B19, S18, 1
S18, Trade, 86119.654, 110, B05, S18, 1
S18, Trade, 86137.115, 107, S18, B09, 1
S18, Trade, 86141.750, 109, B13, S18, 1
S18, Trade, 86151.769, 109, B05, S18, 1
S18, Trade, 86162.019, 109, S18, B00, 1
S18, Trade, 86178.231, 101, B21, S18, 1
S18, Trade, 86186.577, 108, B12, S18, 1
S18, Trade, 86221.596, 104, S18, B19, 1
S18, Trade, 86223.154, 104, P00, S18, 1
S18, Trade, 86228.423, 103, P00, S18, 1
S18, Trade, 86238.538, 107, S18, B05, 1
S18, Trade, 86247.962, 105, S18, B13, 1
S18, Trade, 86259.635, 100, B00, S18, 1
S18, Trade, 86278.558, 106, S18, B20, 1
S18, Trade, 86289.192, 103, B13, S18, 1
S18, Trade, 86299.981, 116, S18, B23, 1
S18, Trade, 86317.000, 105, B13, S18, 1
S18, Trade, 86336.077, 112, S18, B17, 1
S18, Trade, 86346.404, 102, B05, S18, 1
S18, Trade, 86350.596, 99, B15, S18, 1
S18, Trade, 86360.827, 107, B15, S18, 1
S18, Trade, 86374.173, 114, S18, B15, 1
S18, Trade, 86383.731, 103, B22, S18, 1
S18, Trade, 86395.731, 110, B14, S18, 1
S19, 100
S19, Trade, 84965.596, 108, P00, S19, 1
S19, Trade, 84973.346, 102, B09, S19, 1
S19, Trade, 84997.154, 112, S19, B14, 1
S19, Trade, 84998.212, 110, P00, S19, 1
S19, Trade, 85015.212, 112, S19, B02, 1
S19, Trade, 85016.942, 110, B16, S19, 1
S19, Trade, 85028.827, 105, B12, S19, 1
S19, Trade, 85040.500, 111, B21, S19, 1
S19, Trade, 85059.038, 112, S19, B20, 1
S19, Trade, 85063.154, 108, S19, B07, 1
S19, Trade, 85077.077, 114, S19, B09, 1
S19, Trade, 85084.019, 110, P00, S19, 1
S19, Trade, 85115.154, 114, S19, B12, 1
S19, Trade, 85118.750, 111, B10, S19, 1
S19, Trade, 85135.423, 112, S19, B11, 1
S19, Trade, 85138.346, 101, B14, S19, 1
S19, Trade, 85150.731, 109, S19, B04, 1
S19, Trade, 85156.365, 107, B21, S19, 1
S19, Trade, 85170.827, 103, B02, S19, 1
S19, Trade, 85187.558, 108, B21, S19, 1
S19, Trade, 85204.731, 104, S19, B01, 1
S19, Trade, 85212.423, 106, B06, S19, 1
S19, Trade, 85239.981, 109, B22, S19, 1
S19, Trade, 85245.154, 104, B02, S19, 1
S19, Trade, 85261.423, 104, B23, S19, 1
S19, Trade, 85267.615, 99, B10, S19, 1
S19, Trade, 85288.135, 103, S19, B08, 1
S19, Trade, 85300.308, 103, S19, B09, 1
S19, Trade, 85312.981, 105, S19, B24, 1
S19, Trade, 85324.712, 107, B17, S19, 1
S19, Trade, 85335.750, 100, S19, B10, 1
S19, Trade, 85348.404, 104, B19, S19, 1
S19, Trade, 85376.635, 102, B22, S19, 1
S19, Trade, 85395.865, 104, S19, B02, 1
S19, Trade, 85399.865, 109, B04, S19, 1
S19, Trade, 85413.942, 102, B17, S19, 1
S19, Trade, 85432.788, 112, S19, B20, 1
S19, Trade, 85439.750, 104, B21, S19, 1
S19, Trade, 85451.288, 103, S19, B12, 1
S19, Trade, 85465.154, 107, S19, B17, 1
S19, Trade, 85482.615, 97, B23, S19, 1
S19, Trade, 85494.212, 108, S19, B11, 1
S19, Trade, 85506.192, 104, S19, B16, 1
S19, Trade, 85511.615, 102, B11, S19, 1
S19, Trade, 85525.077, 104, B23, S19, 1
S19, Trade, 85550.000, 100, B11, S19, 1
S19, Trade, 85561.808, 107, B00, S19, 1
S19, Trade, 85568.962, 107, S19, B08, 1
S19, Trade, 85578.846, 100, B09, S19, 1
S19, Trade, 85591.038, 96, B23, S19, 1
S19, Trade, 85606.942, 101, S19, B23, 1
S19, Trade, 85624.135, 94, B17, S19, 1
S19, Trade, 85634.769, 95, B19, S19, 1
S19, Trade, 85683.788, 100, B04, S19, 1
S19, Trade, 85692.904, 104, S19, B08, 1
S19, Trade, 85702.750, 99, B05, S19, 1
S19, Trade, 85740.827, 99, B22, S19, 1
S19, Trade, 85788.788, 108, S19, B20, 1
S19, Trade, 85805.058, 103, B14, S19, 1
S19, Trade, 85818.538, 102, B11, S19, 1
S19, Trade, 85835.481, 106, B15, S19, 1
S19, Trade, 85857.173, 104, B24, S19, 1
S19, Trade, 85872.135, 99, S19, B05, 1
S19, Trade, 85883.558, 107, B04, S19, 1
S19, Trade, 85893.923, 107, S19, B19, 1
S19, Trade, 85905.750, 109, P00, S19, 1
S19, Trade, 85918.346, 100, B03, S19, 1
S19, Trade, 85934.231, 110, S19, B24, 1
S19, Trade, 85947.962, 109, S19, B00, 1
S19, Trade, 85954.250, 111, S19, B10, 1
S19, Trade, 85960.788, 107, S19, B08, 1
S19, Trade, 85965.269, 103, B23, S19, 1
S19, Trade, 85990.385, 96, S19, B08, 1
S19, Trade, 85999.038, 102, B23, S19, 1
S19, Trade, 86027.115, 106, S19, B01, 1
S19, Trade, 86044.904, 104, B05, S19, 1
S19, Trade, 86051.635, 106, S19, B08, 1
S19, Trade, 86068.673, 110, S19, B12, 1
S19, Trade, 86085.731, 110, B20, S19, 1
S19, Trade, 86108.096, 111, S19, B08, 1
S19, Trade, 86111.577, 104, B16, S19, 1
S19, Trade, 86124.346, 109, B10, S19, 1
S19, Trade, 86148.500, 113, S19, B22, 1
S19, Trade, 86163.288, 105, B23, S19, 1
S19, Trade, 86180.231, 114, S19, B01, 1
S19, Trade, 86183.365, 112, B15, S19, 1
S19, Trade, 86194.942, 109, S19, B17, 1
S19, Trade, 86196.769, 103, B06, S19, 1
S19, Trade, 86206.885, 103, B05, S19, 1
S19, Trade, 86233.654, 102, B02, S19, 1
S19, Trade, 86241.115, 107, B23, S19, 1
S19, Trade, 86249.365, 108, S19, B04, 1
S19, Trade, 86270.481, 105, S19, B11, 1
S19, Trade, 86286.923, 113, S19, B20, 1
S19, Trade, 86288.712, 105, B24, S19, 1
S19, Trade, 86309.654, 98, B17, S19, 1
S19, Trade, 86329.385, 104, B00, S19, 1
S19, Trade, 86344.750, 105, B00, S19, 1
S19, Trade, 86368.442, 108, B03, S19, 1
S19, Trade, 86383.442, 106, B15, S19, 1
S20, 100
S20, Trade, 85134.519, 109, S20, B09, 1
S20, Trade, 85144.462, 103, B16, S20, 1
S20, Trade, 85152.385, 104, B11, S20, 1
S20, Trade, 85168.692, 107, S20, B18, 1
S20, Trade, 85186.096, 104, B00, S20, 1
S20, Trade, 85205.538, 105, S20, B09, 1
S20, Trade, 85207.519, 99, B03, S20, 1
S20, Trade, 85219.654, 108, B02, S20, 1
S20, Trade, 85237.019, 109, S20, B16, 1
S20, Trade, 85242.788, 99, B05, S20, 1
S20, Trade, 85251.500, 104, S20, B23, 1
S20, Trade, 85265.577, 100, B03, S20, 1
S20, Trade, 85283.577, 103, B05, S20, 1
S20, Trade, 85298.673, 101, B03, S20, 1
S20, Trade, 85310.654, 108, S20, B18, 1
S20, Trade, 85321.481, 108, S20, B00, 1
S20, Trade, 85322.385, 108, B21, S20, 1
S20, Trade, 85338.250, 96, B21, S20, 1
S20, Trade, 85353.769, 102, B01, S20, 1
S20, Trade, 85372.327, 104, B00, S20, 1
S20, Trade, 85387.442, 112, S20, B11, 1
S20, Trade, 85396.327, 102, B05, S20, 1
S20, Trade, 85415.885, 104, B22, S20, 1
S20, Trade, 85429.808, 106, S20, B02, 1
S20, Trade, 85441.231, 109, S20, B01, 1
S20, Trade, 85451.865, 102, B16, S20, 1
S20, Trade, 85463.904, 105, S20, B20, 1
S20, Trade, 85471.000, 104, P01, S20, 1
S20, Trade, 85477.442, 98, B21, S20, 1
S20, Trade, 85485.635, 101, S20, B22, 1
S20, Trade, 85502.308, 102, B17, S20, 1
S20, Trade, 85526.962, 106, S20, B01, 1
S20, Trade, 85530.231, 99, B03, S20, 1
S20, Trade, 85537.577, 104, S20, B19, 1
S20, Trade, 85545.385, 102, P00, S20, 1
S20, Trade, 85567.308, 105, B03, S20, 1
S20, Trade, 85587.712, 99, S20, B11, 1
S20, Trade, 85595.692, 105, B00, S20, 1
S20, Trade, 85610.750, 102, S20, B18, 1
S20, Trade, 85616.692, 105, B04, S20, 1
S20, Trade, 85628.846, 93, B15, S20, 1
S20, Trade, 85639.288, 102, S20, B12, 1
S20, Trade, 85647.865, 97, B05, S20, 1
S20, Trade, 85660.288, 98, B24, S20, 1
S20, Trade, 85669.731, 107, S20, B12, 1
S20, Trade, 85677.269, 107, S20, B07, 1
S20, Trade, 85690.904, 103, S20, B05, 1
S20, Trade, 85695.462, 102, B22, S20, 1
S20, Trade, 85714.154, 99, B20, S20, 1
S20, Trade, 85719.192, 105, S20, B07, 1
S20, Trade, 85736.346, 102, S20, B03, 1
S20, Trade, 85751.904, 100, B22, S20, 1
S20, Trade, 85762.385, 108, S20, B07, 1
S20, Trade, 85773.808, 100, B19, S20, 1
S20, Trade, 85790.596, 109, P00, S20, 1
S20, Trade, 85793.231, 105, B01, S20, 1
S20, Trade, 85814.038, 106, S20, B08, 1
S20, Trade, 85822.269, 106, S20, B23, 1
S20, Trade, 85827.808, 108, S20, B09, 1
S20, Trade, 85843.019, 104, B24, S20, 1
S20, Trade, 85858.923, 107, S20, B19, 1
S20, Trade, 85872.250, 97, S20, B19, 1
S20, Trade, 85884.538, 110, S20, B17, 1
S20, Trade, 85901.846, 108, S20, B01, 1
S20, Trade, 85913.019, 99, B06, S20, 1
S20, Trade, 85918.462, 106, S20, B17, 1
S20, Trade, 85952.500, 109, S20, B02, 1
S20, Trade, 85956.462, 107, B03, S20, 1
S20, Trade, 85974.308, 106, S20, B10, 1
S20, Trade, 85979.154, 104, S20, B02, 1
S20, Trade, 86002.404, 100, B24, S20, 1
S20, Trade, 86007.519, 103, S20, B08, 1
S20, Trade, 86042.750, 109, S20, B08, 1
S20, Trade, 86062.231, 102, B14, S20, 1
S20, Trade, 86065.192, 100, B02, S20, 1
S20, Trade, 86082.019, 107, S20, B08, 1
S20, Trade, 86091.288, 108, B09, S20, 1
S20, Trade, 86115.577, 106, B24, S20, 1
S20, Trade, 86133.519, 105, B13, S20, 1
S20, Trade, 86157.154, 110, S20, B14, 1
S20, Trade, 86161.519, 107, B02, S20, 1
S20, Trade, 86168.615, 109, S20, B20, 1
S20, Trade, 86178.808, 101, B00, S20, 1
S20, Trade, 86194.231, 108, S20, B16, 1
S20, Trade, 86199.577, 105, B02, S20, 1
S20, Trade, 86214.712, 99, B20, S20, 1
S20, Trade, 86232.615, 109, S20, B01, 1
S20, Trade, 86234.538, 102, B16, S20, 1
S20, Trade, 86247.250, 99, B17, S20, 1
S20, Trade, 86258.615, 108, P00, S20, 1
S20, Trade, 86281.519, 109, S20, B18, 1
S20, Trade, 86292.462, 102, B16, S20, 1
S20, Trade, 86304.635, 111, S20, B14, 1
S20, Trade, 86311.712, 105, S20, B20, 1
S20, Trade, 86325.288, 108, S20, B15, 1
S20, Trade, 86331.808, 100, B09, S20, 1
S20, Trade, 86341.231, 106, B01, S20, 1
S20, Trade, 86348.865, 106, S20, B14, 1
S20, Trade, 86364.019, 105, B11, S20, 1
S20, Trade, 86384.615, 110, B01, S20, 1
S21, 100
S21, Trade, 80590.942, 113, B16, S21, 1
S21, Trade, 80613.577, 108, B23, S21, 1
S21, Trade, 80638.346, 118, B12, S21, 1
S21, Trade, 80828.058, 110, B19, S21, 1
S21, Trade, 80944.731, 116, B00, S21, 1
S21, Trade, 80986.346, 112, B04, S21, 1
S21, Trade, 81024.904, 106, B09, S21, 1
S21, Trade, 81035.308, 107, B05, S21, 1
S21, Trade, 81065.038, 107, B04, S21, 1
S21, Trade, 81119.250, 109, B02, S21, 1
S21, Trade, 81173.788, 118, B06, S21, 1
S21, Trade, 81202.788, 113, B06, S21, 1
S21, Trade, 81238.635, 109, B19, S21, 1
S21, Trade, 81247.192, 113, S21, B22, 1
S21, Trade, 81300.115, 106, B06, S21, 1
S21, Trade, 81397.096, 115, B07, S21, 1
S21, Trade, 81544.596, 111, B23, S21, 1
S21, Trade, 81697.615, 114, B08, S21, 1
S21, Trade, 81746.558, 120, B13, S21, 1
S21, Trade, 81752.192, 109, B19, S21, 1
S21, Trade, 81846.231, 112, B20, S21, 1
S21, Trade, 81952.019, 108, S21, B21, 1
S21, Trade, 81974.519, 98, B05, S21, 1
S21, Trade, 81976.269, 107, B21, S21, 1
S21, Trade, 82083.596, 107, B15, S21, 1
S21, Trade, 82143.154, 105, B12, S21, 1
S21, Trade, 82166.173, 106, B13, S21, 1
S21, Trade, 82200.212, 102, B14, S21, 1
S21, Trade, 82233.769, 103, B19, S21, 1
S21, Trade, 82277.250, 104, B03, S21, 1
S21, Trade, 82285.712, 103, B06, S21, 1
S21, Trade, 82336.981, 102, B13, S21, 1
S21, Trade, 82345.308, 107, B23, S21, 1
S21, Trade, 82467.385, 102, B22, S21, 1
S21, Trade, 82491.885, 107, B03, S21, 1
S21, Trade, 82508.385, 100, B20, S21, 1
S21, Trade, 82519.885, 106, B15, S21, 1
S21, Trade, 82532.096, 98, B05, S21, 1
S21, Trade, 82668.462, 98, B15, S21, 1
S21, Trade, 82811.827, 103, B16, S21, 1
S21, Trade, 82965.404, 91, B15, S21, 1
S21, Trade, 83118.904, 107, B09, S21, 1
S21, Trade, 83142.212, 94, B12, S21, 1
S21, Trade, 83165.865, 96, B01, S21, 1
S21, Trade, 83286.769, 100, B16, S21, 1
S21, Trade, 83346.385, 97, B14, S21, 1
S21, Trade, 83446.519, 104, B09, S21, 1
S21, Trade, 83463.365, 104, S21, B14, 1
S21, Trade, 83467.962, 106, B06, S21, 1
S21, Trade, 83475.173, 111, B02, S21, 1
S21, Trade, 83531.500, 106, B04, S21, 1
S21, Trade, 83569.385, 101, B04, S21, 1
S21, Trade, 83639.077, 99, B09, S21, 1
S21, Trade, 83699.558, 108, B00, S21, 1
S21, Trade, 83731.423, 108, P00, S21, 1
S21, Trade, 83779.404, 107, B16, S21, 1
S21, Trade, 83858.135, 106, B19, S21, 1
S21, Trade, 83887.365, 107, B11, S21, 1
S21, Trade, 83896.442, 105, B22, S21, 1
S21, Trade, 83932.577, 108, P00, S21, 1
S21, Trade, 83942.442, 110, B02, S21, 1
S21, Trade, 84108.596, 105, B05, S21, 1
S21, Trade, 84115.385, 110, B06, S21, 1
S21, Trade, 84198.423, 106, B10, S21, 1
S21, Trade, 84216.635, 106, B06, S21, 1
S21, Trade, 84252.635, 107, B17, S21, 1
S21, Trade, 84290.692, 105, B15, S21, 1
S21, Trade, 84356.000, 110, B05, S21, 1
S21, Trade, 84395.308, 105, B06, S21, 1
S21, Trade, 84443.250, 110, S21, B20, 1
S21, Trade, 84585.500, 106, B02, S21, 1
S21, Trade, 84629.885, 100, S21, B03, 1
S21, Trade, 84846.154, 122, B12, S21, 1
S21, Trade, 84874.000, 106, B18, S21, 1
S21, Trade, 84934.654, 100, B11, S21, 1
S21, Trade, 85030.096, 102, B23, S21, 1
S21, Trade, 85054.115, 102, P00, S21, 1
S21, Trade, 85101.712, 106, B06, S21, 1
S21, Trade, 85127.712, 104, B07, S21, 1
S21, Trade, 85131.885, 103, S21, B22, 1
S21, Trade, 85153.885, 109, S21, B09, 1
S21, Trade, 85297.308, 99, B11, S21, 1
S21, Trade, 85474.962, 98, B11, S21, 1
S21, Trade, 85490.500, 106, S21, B14, 1
S21, Trade, 85567.346, 103, B16, S21, 1
S21, Trade, 85572.962, 103, B17, S21, 1
S21, Trade, 85582.692, 105, S21, B00, 1
S21, Trade, 85609.365, 97, B22, S21, 1
S21, Trade, 85756.673, 103, S21, B09, 1
S21, Trade, 85762.538, 104, B19, S21, 1
S21, Trade, 85818.135, 103, P00, S21, 1
S21, Trade, 85846.154, 108, B08, S21, 1
S21, Trade, 85884.827, 106, B02, S21, 1
S21, Trade, 85973.038, 105, S21, B16, 1
S21, Trade, 86029.673, 105, B19, S21, 1
S21, Trade, 86064.077, 100, B23, S21, 1
S21, Trade, 86159.462, 109, S21, B16, 1
S21, Trade, 86276.327, 105, P00, S21, 1
S21, Trade, 86293.077, 103, S21, B02, 1
S21, Trade, 86368.558, 107, B19, S21, 1
S22, 100
S22, Trade, 85091.173, 110, S22, B22, 1
S22, Trade, 85092.788, 106, S22, B05, 1
S22, Trade, 85130.558, 108, B18, S22, 1
S22, Trade, 85136.038, 107, B10, S22, 1
S22, Trade, 85150.442, 108, B06, S22, 1
S22, Trade, 85158.269, 106, S22, B10, 1
S22, Trade, 85164.058, 104, B18, S22, 1
S22, Trade, 85180.192, 105, S22, B16, 1
S22, Trade, 85184.904, 111, S22, B13, 1
S22, Trade, 85192.731, 111, B19, S22, 1
S22, Trade, 85215.538, 107, S22, B09, 1
S22, Trade, 85228.385, 105, B11, S22, 1
S22, Trade, 85232.115, 103, B08, S22, 1
S22, Trade, 85253.615, 103, S22, B04, 1
S22, Trade, 85259.135, 105, B07, S22, 1
S22, Trade, 85278.154, 105, B24, S22, 1
S22, Trade, 85291.385, 103, S22, B02, 1
S22, Trade, 85304.712, 112, S22, B07, 1
S22, Trade, 85310.288, 105, B10, S22, 1
S22, Trade, 85330.500, 103, S22, B22, 1
S22, Trade, 85334.942, 96, B16, S22, 1
S22, Trade, 85347.712, 105, B06, S22, 1
S22, Trade, 85358.250, 110, B15, S22, 1
S22, Trade, 85376.885, 103, S22, B10, 1
S22, Trade, 85382.288, 101, B04, S22, 1
S22, Trade, 85391.596, 107, B23, S22, 1
S22, Trade, 85403.327, 108, B24, S22, 1
S22, Trade, 85417.942, 107, S22, B09, 1
S22, Trade, 85430.692, 109, S22, B11, 1
S22, Trade, 85433.058, 107, B05, S22, 1
S22, Trade, 85457.865, 100, P00, S22, 1
S22, Trade, 85470.519, 105, S22, B06, 1
S22, Trade, 85483.269, 107, S22, B20, 1
S22, Trade, 85492.038, 104, B24, S22, 1
S22, Trade, 85501.288, 105, B21, S22, 1
S22, Trade, 85510.904, 103, B22, S22, 1
S22, Trade, 85521.365, 102, S22, B13, 1
S22, Trade, 85540.365, 101, B13, S22, 1
S22, Trade, 85556.500, 107, S22, B15, 1
S22, Trade, 85558.500, 106, P00, S22, 1
S22, Trade, 85570.981, 105, S22, B05, 1
S22, Trade, 85584.404, 107, S22, B12, 1
S22, Trade, 85600.346, 94, B15, S22, 1
S22, Trade, 85615.250, 103, B05, S22, 1
S22, Trade, 85633.192, 98, S22, B17, 1
S22, Trade, 85638.365, 101, S22, B03, 1
S22, Trade, 85663.654, 107, S22, B07, 1
S22, Trade, 85692.019, 98, B13, S22, 1
S22, Trade, 85699.827, 100, B12, S22, 1
S22, Trade, 85711.596, 100, B23, S22, 1
S22, Trade, 85715.173, 102, S22, B01, 1
S22, Trade, 85762.615, 97, B12, S22, 1
S22, Trade, 85776.346, 105, S22, B06, 1
S22, Trade, 85784.135, 99, B01, S22, 1
S22, Trade, 85805.692, 103, B04, S22, 1
S22, Trade, 85824.212, 103, B21, S22, 1
S22, Trade, 85862.000, 105, S22, B15, 1
S22, Trade, 85865.788, 106, B06, S22, 1
S22, Trade, 85873.423, 97, B17, S22, 1
S22, Trade, 85892.788, 109, S22, B10, 1
S22, Trade, 85906.077, 112, S22, B01, 1
S22, Trade, 85911.827, 105, B22, S22, 1
S22, Trade, 85914.462, 105, S22, B09, 1
S22, Trade, 85943.096, 109, S22, B23, 1
S22, Trade, 85948.596, 106, B01, S22, 1
S22, Trade, 85954.192, 107, B04, S22, 1
S22, Trade, 85966.135, 102, B24, S22, 1
S22, Trade, 85987.038, 96, B14, S22, 1
S22, Trade, 86005.885, 108, S22, B07, 1
S22, Trade, 86013.962, 101, P00, S22, 1
S22, Trade, 86043.192, 104, B19, S22, 1
S22, Trade, 86060.865, 105, S22, B10, 1
S22, Trade, 86062.423, 101, B00, S22, 1
S22, Trade, 86082.635, 108, S22, B12, 1
S22, Trade, 86086.769, 106, B24, S22, 1
S22, Trade, 86099.096, 108, B04, S22, 1
S22, Trade, 86118.808, 111, S22, B20, 1
S22, Trade, 86123.692, 111, S22, B23, 1
S22, Trade, 86131.500, 107, B15, S22, 1
S22, Trade, 86152.673, 111, B03, S22, 1
S22, Trade, 86157.442, 110, S22, B09, 1
S22, Trade, 86164.327, 102, B07, S22, 1
S22, Trade, 86177.731, 103, B24, S22, 1
S22, Trade, 86189.346, 106, S22, B21, 1
S22, Trade, 86199.596, 105, P00, S22, 1
S22, Trade, 86208.712, 107, S22, B10, 1
S22, Trade, 86219.673, 97, B17, S22, 1
S22, Trade, 86231.596, 105, S22, B07, 1
S22, Trade, 86242.231, 105, P00, S22, 1
S22, Trade, 86254.519, 110, B14, S22, 1
S22, Trade, 86268.385, 103, B14, S22, 1
S22, Trade, 86283.865, 109, B16, S22, 1
S22, Trade, 86300.577, 114, S22, B10, 1
S22, Trade, 86306.269, 111, S22, B24, 1
S22, Trade, 86306.365, 109, B17, S22, 1
S22, Trade, 86337.365, 109, B04, S22, 1
S22, Trade, 86346.962, 102, P00, S22, 1
S22, Trade, 86365.731, 108, B05, S22, 1
S22, Trade, 86384.808, 109, B24, S22, 1
S22, Trade, 86397.288, 109, B03, S22, 1
S23, 100
S23, Trade, 81369.212, 105, B03, S23, 1
S23, Trade, 81397.692, 111, P00, S23, 1
S23, Trade, 81463.904, 111, B05, S23, 1
S23, Trade, 81496.750, 109, S23, B09, 1
S23, Trade, 81504.500, 110, B24, S23, 1
S23, Trade, 81508.654, 105, B10, S23, 1
S23, Trade, 81568.942, 114, B22, S23, 1
S23, Trade, 81624.827, 110, B10, S23, 1
S23, Trade, 81646.769, 107, B21, S23, 1
S23, Trade, 81682.673, 109, B24, S23, 1
S23, Trade, 81716.154, 111, B16, S23, 1
S23, Trade, 81727.942, 109, B24, S23, 1
S23, Trade, 81771.538, 107, B05, S23, 1
S23, Trade, 81779.173, 114, B04, S23, 1
S23, Trade, 81842.000, 107, S23, B17, 1
S23, Trade, 81891.500, 109, B03, S23, 1
S23, Trade, 82019.154, 115, S23, B03, 1
S23, Trade, 82052.250, 106, B14, S23, 1
S23, Trade, 82142.981, 109, B17, S23, 1
S23, Trade, 82174.212, 109, S23, P00, 1
S23, Trade, 82221.385, 104, B16, S23, 1
S23, Trade, 82237.135, 103, B21, S23, 1
S23, Trade, 82269.288, 102, P00, S23, 1
S23, Trade, 82327.192, 102, B14, S23, 1
S23, Trade, 82350.923, 110, S23, B22, 1
S23, Trade, 82381.962, 107, P00, S23, 1
S23, Trade, 82401.038, 108, S23, B24, 1
S23, Trade, 82447.577, 105, B11, S23, 1
S23, Trade, 82468.096, 102, B21, S23, 1
S23, Trade, 82530.865, 99, B04, S23, 1
S23, Trade, 82540.981, 105, B15, S23, 1
S23, Trade, 82555.827, 106, B11, S23, 1
S23, Trade, 82599.692, 97, B17, S23, 1
S23, Trade, 82704.212, 100, B19, S23, 1
S23, Trade, 82801.577, 95, B12, S23, 1
S23, Trade, 82821.962, 103, S23, B11, 1
S23, Trade, 82911.019, 104, S23, B07, 1
S23, Trade, 82956.019, 98, S23, B21, 1
S23, Trade, 82998.346, 98, B06, S23, 1
S23, Trade, 83038.019, 99, P00, S23, 1
S23, Trade, 83051.462, 102, B13, S23, 1
S23, Trade, 83140.712, 97, B01, S23, 1
S23, Trade, 83170.308, 96, B16, S23, 1
S23, Trade, 83458.135, 101, B16, S23, 1
S23, Trade, 83476.019, 111, B11, S23, 1
S23, Trade, 83487.000, 101, P00, S23, 1
S23, Trade, 83589.192, 108, P00, S23, 1
S23, Trade, 83664.500, 100, B24, S23, 1
S23, Trade, 83701.231, 107, B04, S23, 1
S23, Trade, 83734.212, 105, B08, S23, 1
S23, Trade, 83805.981, 113, S23, B01, 1
S23, Trade, 83900.385, 104, B23, S23, 1
S23, Trade, 83914.462, 108, P00, S23, 1
S23, Trade, 83920.346, 107, B15, S23, 1
S23, Trade, 83970.712, 107, B24, S23, 1
S23, Trade, 83982.538, 107, S23, B13, 1
S23, Trade, 84034.365, 105, B05, S23, 1
S23, Trade, 84051.827, 105, B21, S23, 1
S23, Trade, 84087.462, 103, B12, S23, 1
S23, Trade, 84259.788, 108, S23, B12, 1
S23, Trade, 84264.596, 104, B04, S23, 1
S23, Trade, 84276.058, 109, P00, S23, 1
S23, Trade, 84334.846, 124, B12, S23, 1
S23, Trade, 84362.538, 105, B21, S23, 1
S23, Trade, 84377.250, 107, B19, S23, 1
S23, Trade, 84423.038, 105, B23, S23, 1
S23, Trade, 84495.846, 106, B00, S23, 1
S23, Trade, 84520.981, 107, B06, S23, 1
S23, Trade, 84551.115, 105, B11, S23, 1
S23, Trade, 84583.846, 107, B03, S23, 1
S23, Trade, 84641.538, 107, B03, S23, 1
S23, Trade, 84655.558, 103, B15, S23, 1
S23, Trade, 84751.654, 103, B12, S23, 1
S23, Trade, 84863.981, 106, B11, S23, 1
S23, Trade, 84923.192, 111, S23, B13, 1
S23, Trade, 85046.404, 113, B00, S23, 1
S23, Trade, 85129.077, 102, B17, S23, 1
S23, Trade, 85139.269, 105, S23, B05, 1
S23, Trade, 85159.577, 102, B06, S23, 1
S23, Trade, 85305.058, 112, B21, S23, 1
S23, Trade, 85334.885, 97, B00, S23, 1
S23, Trade, 85365.904, 106, S23, B11, 1
S23, Trade, 85486.462, 112, S23, B10, 1
S23, Trade, 85582.231, 102, B19, S23, 1
S23, Trade, 85594.654, 99, S23, B19, 1
S23, Trade, 85596.750, 104, B20, S23, 1
S23, Trade, 85640.904, 101, S23, B00, 1
S23, Trade, 85663.096, 97, B13, S23, 1
S23, Trade, 85670.673, 104, B14, S23, 1
S23, Trade, 85681.154, 98, B10, S23, 1
S23, Trade, 85928.577, 109, B05, S23, 1
S23, Trade, 86014.596, 107, B10, S23, 1
S23, Trade, 86054.923, 103, P00, S23, 1
S23, Trade, 86094.192, 97, B11, S23, 1
S23, Trade, 86119.615, 111, B23, S23, 1
S23, Trade, 86168.423, 107, S23, B15, 1
S23, Trade, 86197.692, 108, S23, B22, 1
S23, Trade, 86205.788, 99, S23, P01, 1
S23, Trade, 86246.058, 99, B13, S23, 1
S23, Trade, 86258.750, 103, B10, S23, 1
S24, 100
S24, Trade, 85147.904, 109, S24, B17, 1
S24, Trade, 85158.058, 106, S24, B19, 1
S24, Trade, 85167.596, 101, P00, S24, 1
S24, Trade, 85181.288, 108, S24, B12, 1
S24, Trade, 85210.769, 107, S24, B24, 1
S24, Trade, 85213.827, 108, S24, B14, 1
S24, Trade, 85225.365, 105, S24, B17, 1
S24, Trade, 85235.596, 107, S24, B24, 1
S24, Trade, 85245.327, 105, S24, B09, 1
S24, Trade, 85246.404, 107, S24, B17, 1
S24, Trade, 85263.846, 104, S24, B18, 1
S24, Trade, 85282.058, 105, S24, B10, 1
S24, Trade, 85293.077, 103, S24, B07, 1
S24, Trade, 85312.231, 105, S24, B08, 1
S24, Trade, 85332.942, 100, S24, B15, 1
S24, Trade, 85334.115, 99, P00, S24, 1
S24, Trade, 85357.115, 110, S24, B14, 1
S24, Trade, 85379.788, 103, S24, B23, 1
S24, Trade, 85385.327, 109, S24, B01, 1
S24, Trade, 85394.250, 103, B16, S24, 1
S24, Trade, 85413.327, 104, B06, S24, 1
S24, Trade, 85417.231, 107, S24, B02, 1
S24, Trade, 85424.135, 102, B04, S24, 1
S24, Trade, 85434.000, 109, B04, S24, 1
S24, Trade, 85446.519, 103, B17, S24, 1
S24, Trade, 85455.481, 102, S24, B20, 1
S24, Trade, 85468.731, 103, S24, B02, 1
S24, Trade, 85480.327, 100, S24, B10, 1
S24, Trade, 85490.000, 104, P00, S24, 1
S24, Trade, 85505.250, 98, B13, S24, 1
S24, Trade, 85514.423, 101, B05, S24, 1
S24, Trade, 85532.308, 102, S24, B20, 1
S24, Trade, 85542.712, 102, S24, B00, 1
S24, Trade, 85561.173, 102, B02, S24, 1
S24, Trade, 85571.981, 104, P00, S24, 1
S24, Trade, 85583.827, 106, S24, B24, 1
S24, Trade, 85600.923, 93, B04, S24, 1
S24, Trade, 85610.212, 101, S24, B08, 1
S24, Trade, 85624.885, 94, B13, S24, 1
S24, Trade, 85627.712, 91, S24, B23, 1
S24, Trade, 85645.019, 98, S24, B23, 1
S24, Trade, 85659.442, 102, S24, B22, 1
S24, Trade, 85664.596, 106, S24, B19, 1
S24, Trade, 85681.365, 103, S24, B12, 1
S24, Trade, 85692.000, 104, S24, B09, 1
S24, Trade, 85702.846, 100, S24, B09, 1
S24, Trade, 85706.731, 110, S24, B16, 1
S24, Trade, 85723.346, 101, S24, B11, 1
S24, Trade, 85727.750, 101, B22, S24, 1
S24, Trade, 85745.288, 104, S24, B11, 1
S24, Trade, 85753.538, 99, B04, S24, 1
S24, Trade, 85765.096, 107, S24, B21, 1
S24, Trade, 85779.442, 110, S24, B12, 1
S24, Trade, 85786.385, 105, S24, B22, 1
S24, Trade, 85801.308, 102, B05, S24, 1
S24, Trade, 85811.577, 103, S24, B01, 1
S24, Trade, 85824.769, 105, S24, B01, 1
S24, Trade, 85827.058, 107, S24, B08, 1
S24, Trade, 85843.615, 113, S24, B24, 1
S24, Trade, 85862.577, 110, S24, B13, 1
S24, Trade, 85872.654, 99, S24, B12, 1
S24, Trade, 85875.904, 107, S24, B01, 1
S24, Trade, 85901.404, 104, S24, B07, 1
S24, Trade, 85923.615, 116, S24, B01, 1
S24, Trade, 85930.923, 109, S24, B09, 1
S24, Trade, 85937.038, 110, S24, B12, 1
S24, Trade, 85957.615, 105, S24, B14, 1
S24, Trade, 85977.308, 109, S24, B09, 1
S24, Trade, 85989.135, 97, B23, S24, 1
S24, Trade, 86009.115, 103, S24, B15, 1
S24, Trade, 86019.308, 104, S24, B12, 1
S24, Trade, 86024.115, 101, B22, S24, 1
S24, Trade, 86036.731, 107, P00, S24, 1
S24, Trade, 86065.635, 104, S24, B02, 1
S24, Trade, 86078.481, 107, S24, B11, 1
S24, Trade, 86088.462, 109, S24, B10, 1
S24, Trade, 86099.173, 112, S24, B09, 1
S24, Trade, 86111.538, 112, S24, B01, 1
S24, Trade, 86135.750, 103, S24, B08, 1
S24, Trade, 86143.269, 109, B23, S24, 1
S24, Trade, 86150.865, 112, S24, B02, 1
S24, Trade, 86155.596, 111, S24, B05, 1
S24, Trade, 86167.577, 108, S24, B06, 1
S24, Trade, 86183.712, 113, S24, B09, 1
S24, Trade, 86185.096, 111, S24, B01, 1
S24, Trade, 86202.096, 108, B02, S24, 1
S24, Trade, 86204.558, 109, S24, B01, 1
S24, Trade, 86223.885, 105, S24, B08, 1
S24, Trade, 86230.731, 104, B05, S24, 1
S24, Trade, 86239.654, 107, S24, B22, 1
S24, Trade, 86254.692, 110, B24, S24, 1
S24, Trade, 86265.385, 106, S24, B09, 1
S24, Trade, 86285.308, 109, S24, B05, 1
S24, Trade, 86303.250, 112, B09, S24, 1
S24, Trade, 86307.962, 112, S24, B22, 1
S24, Trade, 86330.731, 106, S24, B03, 1
S24, Trade, 86373.288, 110, S24, B14, 1
S24, Trade, 86382.308, 108, S24, B24, 1
S24, Trade, 86388.462, 116, B17, S24, 1
S24, Trade, 86399.019, 107, B20, S24, 1
P00, 17224
P00, Trade, 300.346, 168, P00, S00, 1
P00, Trade, 305.635, 174, P00, B09, 1
P00, Trade, 308.327, 171, P00, S15, 1
P00, Trade, 313.173, 173, P00, B11, 1
P00, Trade, 317.115, 175, P00, S24, 1
P00, Trade, 324.231, 171, P00, B12, 1
P00, Trade, 325.288, 167, P00, S04, 1
P00, Trade, 329.019, 169, P00, B15, 1
P00, Trade, 332.500, 166, P00, S17, 1
P00, Trade, 333.788, 177, P00, B13, 1
P00, Trade, 337.885, 177, P00, S10, 1
P00, Trade, 346.250, 176, P00, B22, 1
P00, Trade, 347.308, 170, P00, S14, 1
P00, Trade, 357.538, 173, B21, P00, 1
P00, Trade, 359.288, 175, P00, S03, 1
P00, Trade, 367.808, 170, P00, B11, 1
P00, Trade, 379.962, 171, P00, S10, 1
P00, Trade, 387.596, 173, P00, B09, 1
P00, Trade, 392.615, 172, P00, S15, 1
P00, Trade, 399.904, 172, P00, B00, 1
P00, Trade, 404.481, 169, P00, S04, 1
P00, Trade, 409.192, 170, P00, B12, 1
P00, Trade, 412.538, 167, P00, S16, 1
P00, Trade, 417.635, 170, P00, B11, 1
P00, Trade, 420.846, 171, P00, S15, 1
P00, Trade, 429.942, 171, P00, B17, 1
P00, Trade, 431.788, 169, P00, S21, 1
P00, Trade, 439.038, 178, P00, B21, 1
P00, Trade, 440.365, 176, P00, S20, 1
P00, Trade, 448.192, 166, P00, B20, 1
P00, Trade, 451.308, 165, P00, S00, 1
P00, Trade, 455.135, 173, P00, B07, 1
P00, Trade, 459.865, 172, P00, S19, 1
P00, Trade, 461.769, 173, P00, B03, 1
P00, Trade, 474.750, 180, P00, S14, 1
P00, Trade, 483.192, 172, P00, B20, 1
P00, Trade, 489.558, 168, P00, S15, 1
P00, Trade, 493.558, 173, P00, B21, 1
P00, Trade, 497.596, 172, P00, S01, 1
P00, Trade, 504.846, 178, P00, B09, 1
P00, Trade, 511.942, 167, P00, S07, 1
P00, Trade, 515.404, 169, P00, B13, 1
P00, Trade, 527.904, 175, P00, S03, 1
P00, Trade, 530.673, 179, P00, B03, 1
P00, Trade, 533.308, 171, P00, S15, 1
P00, Trade, 544.769, 171, B15, P00, 1
P00, Trade, 549.135, 170, P00, S01, 1
P00, Trade, 566.885, 169, P00, B20, 1
P00, Trade, 573.981, 174, P00, S01, 1
P00, Trade, 578.462, 177, P00, B06, 1
P00, Trade, 579.462, 176, P00, S11, 1
P00, Trade, 584.019, 167, B06, P00, 1
P00, Trade, 586.846, 177, P00, S09, 1
P00, Trade, 594.000, 173, P00, B08, 1
P00, Trade, 600.635, 169, P00, S20, 1
P00, Trade, 609.692, 172, P00, B00, 1
P00, Trade, 614.250, 170, P00, S11, 1
P00, Trade, 620.712, 175, P00, B18, 1
P00, Trade, 628.019, 176, P00, S04, 1
P00, Trade, 639.769, 177, P00, B23, 1
P00, Trade, 646.885, 179, P00, S05, 1
P00, Trade, 651.423, 167, P00, B08, 1
P00, Trade, 655.077, 158, P00, S04, 1
P00, Trade, 657.269, 165, P00, B12, 1
P00, Trade, 674.538, 178, P00, S19, 1
P00, Trade, 685.269, 176, P00, B09, 1
P00, Trade, 687.269, 171, P00, S01, 1
P00, Trade, 691.577, 172, P00, B20, 1
P00, Trade, 693.654, 172, P00, S17, 1
P00, Trade, 702.288, 177, P00, B09, 1
P00, Trade, 708.231, 176, P00, S10, 1
P00, Trade, 711.385, 174, P00, B14, 1
P00, Trade, 713.385, 172, P00, S14, 1
P00, Trade, 715.308, 172, P00, B18, 1
P00, Trade, 721.096, 170, P00, S02, 1
P00, Trade, 723.942, 173, P00, B17, 1
P00, Trade, 730.519, 178, P00, S04, 1
P00, Trade, 741.519, 175, P00, B13, 1
P00, Trade, 744.135, 172, P00, S05, 1
P00, Trade, 749.558, 173, P00, B01, 1
P00, Trade, 753.327, 174, P00, S11, 1
P00, Trade, 762.635, 173, P00, B09, 1
P00, Trade, 769.577, 172, P00, S02, 1
P00, Trade, 773.769, 170, P00, B06, 1
P00, Trade, 778.327, 168, P00, S09, 1
P00, Trade, 783.788, 169, P00, B08, 1
P00, Trade, 785.615, 168, P00, S06, 1
P00, Trade, 793.231, 177, P00, B10, 1
P00, Trade, 797.173, 171, P00, S17, 1
P00, Trade, 799.808, 172, P00, B16, 1
P00, Trade, 805.308, 167, P00, S10, 1
P00, Trade, 810.288, 173, P00, B17, 1
P00, Trade, 812.385, 169, P00, S10, 1
P00, Trade, 825.365, 170, P00, B05, 1
P00, Trade, 828.962, 164, P00, S18, 1
P00, Trade, 833.577, 168, P00, B14, 1
P00, Trade, 836.788, 166, P00, S04, 1
P00, Trade, 845.846, 173, P00, B17, 1
P00, Trade, 849.538, 176, P00, S04, 1
P00, Trade, 853.615, 180, P00, B11, 1
P00, Trade, 855.481, 173, P00, S13, 1
P00, Trade, 863.654, 173, P00, B21, 1
P00, Trade, 869.769, 175, P00, S02, 1
P00, Trade, 875.923, 172, P00, B22, 1
P00, Trade, 877.423, 169, P00, S07, 1
P00, Trade, 879.154, 176, P00, B16, 1
P00, Trade, 888.654, 174, P00, S13, 1
P00, Trade, 891.385, 177, P00, B19, 1
P00, Trade, 897.788, 176, P00, S10, 1
P00, Trade, 904.769, 171, P00, B03, 1
P00, Trade, 911.135, 167, P00, S12, 1
P00, Trade, 914.808, 173, P00, B16, 1
P00, Trade, 916.808, 170, P00, S15, 1
P00, Trade, 922.269, 171, P00, B20, 1
P00, Trade, 926.077, 170, P00, S10, 1
P00, Trade, 932.731, 173, P00, B13, 1
P00, Trade, 943.038, 175, P00, S13, 1
P00, Trade, 945.404, 175, P00, B00, 1
P00, Trade, 948.558, 172, P00, S13, 1
P00, Trade, 953.962, 179, P00, B08, 1
P00, Trade, 964.346, 178, P00, S02, 1
P00, Trade, 975.712, 175, P00, B08, 1
P00, Trade, 982.596, 173, P00, S03, 1
P00, Trade, 990.500, 176, P00, B00, 1
P00, Trade, 992.231, 172, P00, S12, 1
P00, Trade, 998.212, 165, P00, B20, 1
P00, Trade, 1002.212, 169, P00, S02, 1
P00, Trade, 1005.500, 172, P00, B18, 1
P00, Trade, 1011.923, 171, P00, S14, 1
P00, Trade, 1019.827, 172, P00, B21, 1
P00, Trade, 1022.288, 170, P00, S10, 1
P00, Trade, 1029.981, 173, P00, B02, 1
P00, Trade, 1033.077, 173, P00, S14, 1
P00, Trade, 1037.154, 174, P00, B12, 1
P00, Trade, 1039.212, 171, P00, S10, 1
P00, Trade, 1044.500, 168, P00, B08, 1
P00, Trade, 1045.577, 172, P00, S03, 1
P00, Trade, 1049.827, 171, P00, B06, 1
P00, Trade, 1052.000, 170, P00, S22, 1
P00, Trade, 1055.462, 174, P00, B09, 1
P00, Trade, 1065.538, 169, P00, S06, 1
P00, Trade, 1068.442, 168, P00, B14, 1
P00, Trade, 1071.462, 173, P00, S23, 1
P00, Trade, 1075.615, 177, P00, B08, 1
P00, Trade, 1080.269, 175, P00, S10, 1
P00, Trade, 1081.788, 177, P00, B09, 1
P00, Trade, 1084.481, 173, P00, S13, 1
P00, Trade, 1094.442, 169, P00, B03, 1
P00, Trade, 1097.000, 169, P00, S01, 1
P00, Trade, 1097.712, 174, P00, B13, 1
P00, Trade, 1098.654, 164, P00, S10, 1
P00, Trade, 1103.423, 176, P00, B02, 1
P00, Trade, 1108.423, 168, P00, S18, 1
P00, Trade, 1113.827, 174, P00, B10, 1
P00, Trade, 1118.192, 176, P00, S10, 1
P00, Trade, 1122.077, 175, P00, B12, 1
P00, Trade, 1124.000, 173, P00, S02, 1
P00, Trade, 1127.442, 172, P00, B07, 1
P00, Trade, 1129.769, 170, P00, S04, 1
P00, Trade, 1131.788, 170, P00, B11, 1
P00, Trade, 1136.635, 172, P00, S04, 1
P00, Trade, 1142.981, 177, P00, B03, 1
P00, Trade, 1144.654, 176, P00, S22, 1
P00, Trade, 1147.885, 177, P00, B09, 1
P00, Trade, 1151.250, 171, P00, S03, 1
P00, Trade, 1158.654, 174, P00, B07, 1
P00, Trade, 1169.135, 170, P00, S18, 1
P00, Trade, 1170.096, 171, P00, B14, 1
P00, Trade, 1177.481, 173, P00, S21, 1
P00, Trade, 1181.000, 174, P00, B23, 1
P00, Trade, 1181.423, 174, P00, S22, 1
P00, Trade, 1184.558, 174, P00, B05, 1
P00, Trade, 1192.385, 173, P00, S00, 1
P00, Trade, 1197.423, 177, P00, B12, 1
P00, Trade, 1200.058, 176, P00, S24, 1
P00, Trade, 1215.885, 167, P00, B07, 1
P00, Trade, 1222.962, 172, P00, S09, 1
P00, Trade, 1228.231, 171, P00, B13, 1
P00, Trade, 1233.596, 167, P00, S11, 1
P00, Trade, 1240.673, 173, P00, B24, 1
P00, Trade, 1248.327, 172, P00, S13, 1
P00, Trade, 1253.750, 170, P00, B18, 1
P00, Trade, 1260.096, 168, P00, S08, 1
P00, Trade, 1270.115, 171, P00, B12, 1
P00, Trade, 1275.923, 169, P00, S17, 1
P00, Trade, 1277.808, 171, P00, B07, 1
P00, Trade, 1285.346, 177, P00, S17, 1
P00, Trade, 1288.654, 180, P00, B17, 1
P00, Trade, 1292.904, 171, P00, S07, 1
P00, Trade, 1301.500, 180, P00, B23, 1
P00, Trade, 1304.173, 177, P00, S20, 1
P00, Trade, 1313.038, 174, P00, B08, 1
P00, Trade, 1314.731, 169, P00, S17, 1
P00, Trade, 1323.635, 169, P00, B09, 1
P00, Trade, 1334.827, 170, P00, S20, 1
P00, Trade, 1339.769, 168, P00, B03, 1
P00, Trade, 1344.692, 170, P00, S05, 1
P00, Trade, 1354.558, 177, P00, B02, 1
P00, Trade, 1359.519, 173, P00, S01, 1
P00, Trade, 1364.769, 176, P00, B08, 1
P00, Trade, 1374.135, 178, P00, S16, 1
P00, Trade, 1379.865, 172, P00, B07, 1
P00, Trade, 1390.673, 173, P00, S17, 1
P00, Trade, 1397.192, 178, P00, B09, 1
P00, Trade, 1399.692, 175, P00, S00, 1
P00, Trade, 1404.231, 175, B24, P00, 1
P00, Trade, 1410.865, 173, P00, S22, 1
P00, Trade, 1418.212, 175, P00, B19, 1
P00, Trade, 1420.577, 170, P00, S08, 1
P00, Trade, 1424.481, 171, P00, B24, 1
P00, Trade, 1433.096, 175, P00, S14, 1
P00, Trade, 1436.115, 176, P00, B02, 1
P00, Trade, 1444.058, 179, P00, S17, 1
P00, Trade, 1451.558, 172, P00, B22, 1
P00, Trade, 1457.654, 171, P00, S09, 1
P00, Trade, 1461.404, 175, P00, B12, 1
P00, Trade, 1466.942, 175, P00, S09, 1
P00, Trade, 1469.000, 179, P00, B07, 1
P00, Trade, 1471.308, 177, P00, S04, 1
P00, Trade, 1480.038, 176, P00, B08, 1
P00, Trade, 1482.442, 178, P00, S15, 1
P00, Trade, 1488.635, 175, P00, B07, 1
P00, Trade, 1497.635, 173, P00, S22, 1
P00, Trade, 1500.346, 175, P00, B17, 1
P00, Trade, 1504.692, 175, P00, S10, 1
P00, Trade, 1504.981, 178, P00, B20, 1
P00, Trade, 1506.308, 173, P00, S17, 1
P00, Trade, 1515.673, 175, P00, B18, 1
P00, Trade, 1519.288, 175, P00, S06, 1
P00, Trade, 1520.462, 176, P00, B08, 1
P00, Trade, 1525.846, 173, P00, S14, 1
P00, Trade, 1530.250, 173, P00, B02, 1
P00, Trade, 1534.731, 174, P00, S04, 1
P00, Trade, 1536.135, 178, P00, B20, 1
P00, Trade, 1537.481, 176, P00, S20, 1
P00, Trade, 1547.019, 178, P00, B22, 1
P00, Trade, 1550.731, 178, P00, S16, 1
P00, Trade, 1555.231, 184, P00, B02, 1
P00, Trade, 1556.423, 182, P00, S19, 1
P00, Trade, 1565.365, 177, P00, B08, 1
P00, Trade, 1566.154, 175, P00, S04, 1
P00, Trade, 1570.615, 173, P00, B09, 1
P00, Trade, 1571.346, 173, P00, S03, 1
P00, Trade, 1576.712, 177, P00, B02, 1
P00, Trade, 1579.885, 175, P00, S18, 1
P00, Trade, 1584.423, 179, P00, B03, 1
P00, Trade, 1586.788, 177, P00, S01, 1
P00, Trade, 1592.442, 175, P00, B08, 1
P00, Trade, 1596.308, 172, P00, S17, 1
P00, Trade, 1602.212, 175, P00, B02, 1
P00, Trade, 1606.865, 177, P00, S24, 1
P00, Trade, 1614.058, 185, P00, B01, 1
P00, Trade, 1617.731, 177, P00, S11, 1
P00, Trade, 1630.885, 171, P00, B04, 1
P00, Trade, 1633.500, 173, P00, S16, 1
P00, Trade, 1639.058, 171, P00, B09, 1
P00, Trade, 1647.231, 179, P00, S19, 1
P00, Trade, 1655.192, 174, P00, B10, 1
P00, Trade, 1660.500, 173, P00, S02, 1
P00, Trade, 1670.423, 181, P00, B17, 1
P00, Trade, 1675.346, 178, P00, S14, 1
P00, Trade, 1681.327, 178, P00, B20, 1
P00, Trade, 1685.058, 177, P00, S22, 1
P00, Trade, 1689.192, 175, P00, B04, 1
P00, Trade, 1696.154, 171, P00, S12, 1
P00, Trade, 1700.269, 170, P00, B18, 1
P00, Trade, 1701.000, 167, P00, S09, 1
P00, Trade, 1705.673, 174, P00, B09, 1
P00, Trade, 1713.308, 180, P00, S13, 1
P00, Trade, 1722.500, 180, P00, B20, 1
P00, Trade, 1725.423, 169, P00, S04, 1
P00, Trade, 1727.077, 170, P00, B13, 1
P00, Trade, 1736.269, 186, P00, S04, 1
P00, Trade, 1745.154, 183, P00, B02, 1
P00, Trade, 1751.327, 176, P00, S17, 1
P00, Trade, 1762.404, 171, P00, B03, 1
P00, Trade, 1766.538, 169, P00, S16, 1
P00, Trade, 1768.173, 170, P00, B17, 1
P00, Trade, 1769.615, 169, P00, S00, 1
P00, Trade, 1774.288, 176, P00, B20, 1
P00, Trade, 1779.942, 174, P00, S04, 1
P00, Trade, 1790.596, 171, P00, B02, 1
P00, Trade, 1799.673, 175, P00, S19, 1
P00, Trade, 1806.635, 170, P00, B20, 1
P00, Trade, 1811.154, 168, P00, S09, 1
P00, Trade, 1816.173, 171, P00, B01, 1
P00, Trade, 1819.000, 167, P00, S00, 1
P00, Trade, 1820.731, 170, P00, B01, 1
P00, Trade, 1825.135, 171, P00, S24, 1
P00, Trade, 1825.769, 173, P00, B19, 1
P00, Trade, 1826.538, 170, P00, S03, 1
P00, Trade, 1827.519, 176, P00, B19, 1
P00, Trade, 1832.923, 177, P00, S17, 1
P00, Trade, 1837.442, 173, P00, B18, 1
P00, Trade, 1842.673, 169, P00, S04, 1
P00, Trade, 1847.923, 170, P00, B18, 1
P00, Trade, 1853.135, 165, P00, S03, 1
P00, Trade, 1858.019, 170, P00, B24, 1
P00, Trade, 1860.212, 171, P00, S14, 1
P00, Trade, 1865.673, 176, P00, B12, 1
P00, Trade, 1866.654, 172, P00, S09, 1
P00, Trade, 1874.981, 172, P00, B16, 1
P00, Trade, 1879.231, 169, P00, S15, 1
P00, Trade, 1887.192, 173, P00, B17, 1
P00, Trade, 1894.481, 171, P00, S20, 1
P00, Trade, 1900.962, 174, P00, B16, 1
P00, Trade, 1903.385, 172, P00, S14, 1
P00, Trade, 1906.385, 173, P00, B01, 1
P00, Trade, 1911.404, 165, P00, S09, 1
P00, Trade, 1913.404, 174, P00, B01, 1
P00, Trade, 1922.058, 169, P00, S10, 1
P00, Trade, 1927.712, 170, P00, B02, 1
P00, Trade, 1930.481, 171, P00, S10, 1
P00, Trade, 1934.058, 180, P00, B23, 1
P00, Trade, 1941.173, 175, P00, S24, 1
P00, Trade, 1942.558, 176, P00, B09, 1
P00, Trade, 1946.538, 178, P00, S11, 1
P00, Trade, 1951.346, 176, P00, B08, 1
P00, Trade, 1958.250, 173, P00, S04, 1
P00, Trade, 1961.481, 176, P00, B18, 1
P00, Trade, 1965.385, 177, P00, S12, 1
P00, Trade, 1972.058, 178, P00, B08, 1
P00, Trade, 1974.154, 179, P00, S15, 1
P00, Trade, 1975.462, 180, P00, B12, 1
P00, Trade, 1981.154, 172, P00, S13, 1
P00, Trade, 1990.346, 178, P00, B08, 1
P00, Trade, 1996.654, 170, P00, S13, 1
P00, Trade, 1998.385, 172, P00, B06, 1
P00, Trade, 2005.250, 175, P00, S15, 1
P00, Trade, 2007.019, 177, P00, B16, 1
P00, Trade, 2009.212, 174, P00, S18, 1
P00, Trade, 2015.269, 177, P00, B17, 1
P00, Trade, 2024.904, 172, P00, S06, 1
P00, Trade, 2034.269, 178, P00, B11, 1
P00, Trade, 2042.404, 171, P00, S06, 1
P00, Trade, 2046.019, 178, P00, B07, 1
P00, Trade, 2048.096, 173, P00, S20, 1
P00, Trade, 2056.154, 179, P00, B19, 1
P00, Trade, 2064.692, 175, P00, S20, 1
P00, Trade, 2070.212, 176, P00, B00, 1
P00, Trade, 2074.288, 173, P00, S06, 1
P00, Trade, 2076.385, 175, P00, B01, 1
P00, Trade, 2085.058, 175, P00, S22, 1
P00, Trade, 2087.135, 175, P00, B09, 1
P00, Trade, 2091.558, 172, P00, S05, 1
P00, Trade, 2095.885, 176, P00, B22, 1
P00, Trade, 2099.154, 170, P00, S03, 1
P00, Trade, 2100.808, 178, P00, B14, 1
P00, Trade, 2105.981, 176, P00, S08, 1
P00, Trade, 2109.327, 181, P00, B24, 1
P00, Trade, 2110.308, 168, P00, S11, 1
P00, Trade, 2111.538, 179, P00, B02, 1
P00, Trade, 2117.000, 176, P00, S24, 1
P00, Trade, 2122.404, 172, P00, B17, 1
P00, Trade, 2125.865, 175, P00, S20, 1
P00, Trade, 2127.154, 179, P00, B07, 1
P00, Trade, 2130.538, 175, P00, S00, 1
P00, Trade, 2134.962, 178, P00, B18, 1
P00, Trade, 2136.462, 170, P00, S20, 1
P00, Trade, 2143.058, 175, P00, B16, 1
P00, Trade, 2148.673, 176, P00, S18, 1
P00, Trade, 2149.712, 180, B16, P00, 1
P00, Trade, 2152.250, 180, P00, S15, 1
P00, Trade, 2156.635, 181, P00, B07, 1
P00, Trade, 2159.500, 178, P00, S00, 1
P00, Trade, 2167.712, 175, P00, B07, 1
P00, Trade, 2169.519, 171, P00, S09, 1
P00, Trade, 2172.000, 172, P00, B24, 1
P00, Trade, 2182.769, 175, P00, S10, 1
P00, Trade, 2184.538, 177, P00, B09, 1
P00, Trade, 2189.192, 182, P00, S04, 1
P00, Trade, 2202.481, 176, P00, B11, 1
P00, Trade, 2222.865, 178, P00, S02, 1
P00, Trade, 2228.615, 180, P00, B01, 1
P00, Trade, 2236.173, 173, P00, S17, 1
P00, Trade, 2244.327, 177, P00, B14, 1
P00, Trade, 2253.827, 176, P00, S13, 1
P00, Trade, 2260.615, 174, P00, B08, 1
P00, Trade, 2264.173, 173, S14, P00, 1
P00, Trade, 2268.654, 175, P00, B08, 1
P00, Trade, 2274.481, 174, P00, S00, 1
P00, Trade, 2282.442, 176, P00, B08, 1
P00, Trade, 2286.462, 175, P00, S04, 1
P00, Trade, 2293.308, 174, P00, B09, 1
P00, Trade, 2298.192, 172, P00, S13, 1
P00, Trade, 2300.385, 177, P00, B09, 1
P00, Trade, 2304.981, 170, P00, S16, 1
P00, Trade, 2308.577, 173, P00, B16, 1
P00, Trade, 2310.904, 170, P00, S07, 1
P00, Trade, 2315.135, 176, P00, B06, 1
P00, Trade, 2318.154, 173, P00, S19, 1
P00, Trade, 2324.712, 170, P00, B12, 1
P00, Trade, 2330.019, 168, P00, S22, 1
P00, Trade, 2334.981, 175, P00, B02, 1
P00, Trade, 2339.269, 173, P00, S04, 1
P00, Trade, 2341.654, 177, P00, B14, 1
P00, Trade, 2354.904, 172, P00, S10, 1
P00, Trade, 2360.462, 172, P00, B11, 1
P00, Trade, 2365.750, 171, P00, S19, 1
P00, Trade, 2369.385, 174, P00, B19, 1
P00, Trade, 2371.904, 172, P00, S07, 1
P00, Trade, 2380.865, 171, P00, B22, 1
P00, Trade, 2384.577, 171, P00, S13, 1
P00, Trade, 2387.404, 177, P00, B03, 1
P00, Trade, 2390.096, 174, P00, S01, 1
P00, Trade, 2391.942, 176, P00, B20, 1
P00, Trade, 2393.077, 175, P00, S10, 1
P00, Trade, 2397.154, 176, P00, B16, 1
P00, Trade, 2398.885, 172, P00, S17, 1
P00, Trade, 2417.385, 176, P00, B15, 1
P00, Trade, 2422.423, 175, P00, S20, 1
P00, Trade, 2430.346, 176, P00, B21, 1
P00, Trade, 2432.481, 176, P00, S04, 1
P00, Trade, 2442.365, 178, P00, B13, 1
P00, Trade, 2446.962, 174, S05, P00, 1
P00, Trade, 2448.500, 177, P00, B15, 1
P00, Trade, 2452.250, 170, P00, S15, 1
P00, Trade, 2464.846, 178, P00, B23, 1
P00, Trade, 2467.365, 169, P00, S04, 1
P00, Trade, 2469.038, 174, P00, B02, 1
P00, Trade, 2472.731, 178, P00, S17, 1
P00, Trade, 2479.288, 178, P00, B07, 1
P00, Trade, 2483.404, 175, P00, S04, 1
P00, Trade, 2484.827, 176, P00, B15, 1
P00, Trade, 2488.038, 172, P00, S22, 1
P00, Trade, 2488.538, 179, P00, B20, 1
P00, Trade, 2497.865, 176, P00, S22, 1
P00, Trade, 2500.577, 176, P00, B02, 1
P00, Trade, 2504.231, 176, P00, S24, 1
P00, Trade, 2506.519, 177, P00, B17, 1
P00, Trade, 2509.673, 174, P00, S11, 1
P00, Trade, 2512.481, 181, P00, B09, 1
P00, Trade, 2517.558, 179, P00, S18, 1
P00, Trade, 2528.731, 173, P00, B15, 1
P00, Trade, 2530.019, 170, P00, S10, 1
P00, Trade, 2539.096, 177, P00, B23, 1
P00, Trade, 2540.596, 174, P00, S03, 1
P00, Trade, 2546.385, 177, P00, B20, 1
P00, Trade, 2550.596, 175, P00, S03, 1
P00, Trade, 2552.769, 179, P00, B21, 1
P00, Trade, 2555.192, 176, P00, S22, 1
P00, Trade, 2567.981, 171, P00, B16, 1
P00, Trade, 2574.481, 178, P00, S23, 1
P00, Trade, 2579.519, 180, P00, B20, 1
P00, Trade, 2582.923, 171, P00, S20, 1
P00, Trade, 2585.212, 177, P00, B04, 1
P00, Trade, 2592.000, 175, P00, S13, 1
P00, Trade, 2599.942, 177, P00, B09, 1
P00, Trade, 2602.481, 172, P00, S13, 1
P00, Trade, 2610.846, 174, P00, B20, 1
P00, Trade, 2611.788, 168, P00, S17, 1
P00, Trade, 2613.942, 175, P00, B02, 1
P00, Trade, 2618.173, 180, P00, S15, 1
P00, Trade, 2625.808, 178, P00, B22, 1
P00, Trade, 2634.327, 177, P00, S07, 1
P00, Trade, 2642.192, 181, P00, B00, 1
P00, Trade, 2645.212, 173, P00, S16, 1
P00, Trade, 2652.577, 167, P00, B09, 1
P00, Trade, 2659.154, 179, P00, S19, 1
P00, Trade, 2663.250, 176, P00, B09, 1
P00, Trade, 2672.096, 173, P00, S10, 1
P00, Trade, 2675.942, 176, P00, B09, 1
P00, Trade, 2679.058, 174, P00, S22, 1
P00, Trade, 2681.558, 175, P00, B00, 1
P00, Trade, 2684.885, 170, P00, S16, 1
P00, Trade, 2688.923, 172, P00, B24, 1
P00, Trade, 2695.519, 172, P00, S13, 1
P00, Trade, 2700.192, 176, P00, B01, 1
P00, Trade, 2704.731, 176, P00, S16, 1
P00, Trade, 2710.077, 177, P00, B19, 1
P00, Trade, 2713.115, 173, S19, P00, 1
P00, Trade, 2719.519, 171, P00, B18, 1
P00, Trade, 2722.577, 171, P00, S03, 1
P00, Trade, 2734.038, 171, P00, B01, 1
P00, Trade, 2741.981, 170, P00, S15, 1
P00, Trade, 2745.346, 177, P00, B17, 1
P00, Trade, 2751.346, 176, P00, S10, 1
P00, Trade, 2760.981, 171, P00, B22, 1
P00, Trade, 2766.538, 175, P00, S16, 1
P00, Trade, 2773.558, 177, P00, B14, 1
P00, Trade, 2774.250, 173, P00, S09, 1
P00, Trade, 2775.173, 175, P00, B06, 1
P00, Trade, 2778.481, 173, P00, S18, 1
P00, Trade, 2778.981, 175, P00, B20, 1
P00, Trade, 2789.154, 175, P00, S21, 1
P00, Trade, 2795.692, 171, P00, B15, 1
P00, Trade, 2797.788, 170, P00, S07, 1
P00, Trade, 2798.962, 171, P00, B12, 1
P00, Trade, 2802.558, 175, P00, S21, 1
P00, Trade, 2813.000, 176, P00, B19, 1
P00, Trade, 2815.750, 171, P00, S03, 1
P00, Trade, 2817.846, 175, P00, B09, 1
P00, Trade, 2820.519, 171, P00, S03, 1
P00, Trade, 2822.173, 173, P00, B06, 1
P00, Trade, 2831.846, 175, P00, S00, 1
P00, Trade, 2835.865, 176, P00, B04, 1
P00, Trade, 2839.750, 171, P00, S16, 1
P00, Trade, 2845.135, 179, P00, B20, 1
P00, Trade, 2851.096, 174, S08, P00, 1
P00, Trade, 2852.481, 176, P00, B17, 1
P00, Trade, 2859.750, 173, P00, S10, 1
P00, Trade, 2860.712, 174, P00, B16, 1
P00, Trade, 2866.769, 171, P00, S04, 1
P00, Trade, 2872.769, 173, P00, B14, 1
P00, Trade, 2875.904, 169, P00, S18, 1
P00, Trade, 2880.481, 172, P00, B23, 1
P00, Trade, 2884.442, 168, P00, S09, 1
P00, Trade, 2888.962, 177, P00, B12, 1
P00, Trade, 2900.731, 177, P00, S22, 1
P00, Trade, 2904.519, 178, P00, B07, 1
P00, Trade, 2910.846, 179, P00, S20, 1
P00, Trade, 2916.654, 176, B15, P00, 1
P00, Trade, 2922.038, 179, P00, S06, 1
P00, Trade, 2929.231, 176, P00, B04, 1
P00, Trade, 2931.308, 175, P00, S19, 1
P00, Trade, 2934.115, 174, P00, B21, 1
P00, Trade, 2937.981, 173, P00, S10, 1
P00, Trade, 2939.442, 177, P00, B01, 1
P00, Trade, 2940.538, 172, P00, S07, 1
P00, Trade, 2952.442, 168, P00, B19, 1
P00, Trade, 2954.327, 166, P00, S11, 1
P00, Trade, 2955.596, 168, P00, B17, 1
P00, Trade, 2962.635, 170, P00, S04, 1
P00, Trade, 2966.250, 170, P00, B13, 1
P00, Trade, 2971.192, 175, P00, S01, 1
P00, Trade, 2977.000, 176, P00, B12, 1
P00, Trade, 2983.269, 172, P00, S10, 1
P00, Trade, 2988.462, 174, P00, B09, 1
P00, Trade, 2993.577, 171, P00, S04, 1
P00, Trade, 2995.250, 179, P00, B20, 1
P00, Trade, 3000.154, 171, P00, S01, 1
P00, Trade, 3008.346, 169, P00, B02, 1
P00, Trade, 3016.635, 168, P00, S20, 1
P00, Trade, 3019.269, 170, P00, B09, 1
P00, Trade, 3020.712, 169, P00, S11, 1
P00, Trade, 3022.750, 170, P00, B13, 1
P00, Trade, 3028.231, 171, P00, S09, 1
P00, Trade, 3034.538, 179, P00, B02, 1
P00, Trade, 3038.865, 170, P00, S04, 1
P00, Trade, 3041.327, 172, P00, B11, 1
P00, Trade, 3043.731, 170, P00, S20, 1
P00, Trade, 3046.365, 172, P00, B03, 1
P00, Trade, 3047.712, 170, P00, S06, 1
P00, Trade, 3050.481, 173, P00, B22, 1
P00, Trade, 3053.404, 169, P00, S05, 1
P00, Trade, 3058.404, 176, P00, B10, 1
P00, Trade, 3059.962, 175, P00, S09, 1
P00, Trade, 3062.327, 178, P00, B14, 1
P00, Trade, 3064.404, 176, P00, S23, 1
P00, Trade, 3066.885, 178, P00, B18, 1
P00, Trade, 3070.173, 177, P00, S17, 1
P00, Trade, 3078.865, 177, P00, B01, 1
P00, Trade, 3079.788, 174, P00, S10, 1
P00, Trade, 3082.885, 174, P00, B17, 1
P00, Trade, 3086.654, 171, P00, S17, 1
P00, Trade, 3090.481, 173, P00, B05, 1
P00, Trade, 3095.115, 171, P00, S18, 1
P00, Trade, 3097.827, 181, P00, B16, 1
P00, Trade, 3103.481, 178, P00, S13, 1
P00, Trade, 3111.942, 180, P00, B07, 1
P00, Trade, 3118.500, 174, P00, S16, 1
P00, Trade, 3120.115, 175, P00, B10, 1
P00, Trade, 3123.673, 173, P00, S19, 1
P00, Trade, 3124.442, 175, P00, B23, 1
P00, Trade, 3127.231, 176, P00, S18, 1
P00, Trade, 3133.404, 183, P00, B00, 1
P00, Trade, 3141.288, 175, P00, S00, 1
P00, Trade, 3142.000, 176, P00, B24, 1
P00, Trade, 3149.808, 168, P00, S12, 1
P00, Trade, 3152.615, 169, P00, B09, 1
P00, Trade, 3154.865, 175, P00, S00, 1
P00, Trade, 3160.096, 173, P00, B05, 1
P00, Trade, 3164.212, 176, P00, S01, 1
P00, Trade, 3169.750, 175, P00, B17, 1
P00, Trade, 3173.269, 172, S05, P00, 1
P00, Trade, 3175.500, 169, P00, B09, 1
P00, Trade, 3183.673, 174, P00, S14, 1
P00, Trade, 3186.615, 176, P00, B22, 1
P00, Trade, 3192.308, 175, P00, S20, 1
P00, Trade, 3195.058, 177, P00, B01, 1
P00, Trade, 3199.212, 174, P00, S03, 1
P00, Trade, 3201.462, 181, P00, B07, 1
P00, Trade, 3208.385, 180, P00, S12, 1
P00, Trade, 3213.135, 177, P00, B07, 1
P00, Trade, 3214.519, 176, P00, S09, 1
P00, Trade, 3217.135, 179, P00, B14, 1
P00, Trade, 3222.615, 177, P00, S00, 1
P00, Trade, 3225.462, 185, P00, B24, 1
P00, Trade, 3228.808, 177, P00, S01, 1
P00, Trade, 3235.654, 175, P00, B16, 1
P00, Trade, 3242.692, 178, P00, S03, 1
P00, Trade, 3253.192, 178, P00, B12, 1
P00, Trade, 3258.635, 171, P00, S04, 1
P00, Trade, 3260.038, 170, P00, B20, 1
P00, Trade, 3262.212, 171, P00, S16, 1
P00, Trade, 3268.981, 171, P00, B19, 1
P00, Trade, 3272.558, 167, P00, S02, 1
P00, Trade, 3285.615, 175, P00, B23, 1
P00, Trade, 3292.346, 168, P00, S10, 1
P00, Trade, 3299.962, 173, P00, B10, 1
P00, Trade, 3306.885, 175, P00, S04, 1
P00, Trade, 3312.423, 174, P00, B23, 1
P00, Trade, 3319.077, 170, P00, S14, 1
P00, Trade, 3323.808, 180, P00, B20, 1
P00, Trade, 3328.442, 176, P00, S07, 1
P00, Trade, 3333.212, 179, P00, B10, 1
P00, Trade, 3333.558, 177, P00, S22, 1
P00, Trade, 3342.173, 182, P00, B19, 1
P00, Trade, 3343.846, 180, P00, S03, 1
P00, Trade, 3350.923, 174, P00, B20, 1
P00, Trade, 3354.750, 179, P00, S11, 1
P00, Trade, 3369.981, 176, P00, B20, 1
P00, Trade, 3372.750, 173, P00, S03, 1
P00, Trade, 3377.404, 183, P00, B05, 1
P00, Trade, 3379.788, 181, P00, S18, 1
P00, Trade, 3381.096, 182, P00, B13, 1
P00, Trade, 3382.000, 181, P00, S06, 1
P00, Trade, 3389.596, 177, P00, B18, 1
P00, Trade, 3391.731, 169, P00, S10, 1
P00, Trade, 3395.962, 172, P00, B01, 1
P00, Trade, 3401.923, 178, P00, S24, 1
P00, Trade, 3418.788, 175, P00, B12, 1
P00, Trade, 3421.115, 168, P00, S22, 1
P00, Trade, 3422.981, 174, P00, B11, 1
P00, Trade, 3428.712, 174, P00, S17, 1
P00, Trade, 3434.750, 175, P00, B05, 1
P00, Trade, 3437.250, 174, P00, S16, 1
P00, Trade, 3446.077, 178, P00, B19, 1
P00, Trade, 3450.269, 169, P00, S15, 1
P00, Trade, 3454.904, 181, P00, B00, 1
P00, Trade, 3455.981, 180, S07, P00, 1
P00, Trade, 3463.827, 175, P00, B01, 1
P00, Trade, 3470.635, 171, P00, S07, 1
P00, Trade, 3476.577, 172, P00, B22, 1
P00, Trade, 3479.712, 172, P00, S00, 1
P00, Trade, 3481.885, 175, P00, B09, 1
P00, Trade, 3488.385, 176, P00, S19, 1
P00, Trade, 3492.981, 176, P00, B09, 1
P00, Trade, 3494.115, 173, P00, S07, 1
P00, Trade, 3500.077, 178, P00, B11, 1
P00, Trade, 3503.981, 179, P00, S12, 1
P00, Trade, 3510.981, 179, P00, B20, 1
P00, Trade, 3520.269, 169, P00, S06, 1
P00, Trade, 3524.981, 177, P00, B15, 1
P00, Trade, 3532.346, 177, P00, S08, 1
P00, Trade, 3539.885, 177, P00, B09, 1
P00, Trade, 3547.404, 178, P00, S00, 1
P00, Trade, 3561.327, 172, P00, B08, 1
P00, Trade, 3570.558, 170, P00, S10, 1
P00, Trade, 3574.750, 178, P00, B09, 1
P00, Trade, 3582.423, 174, P00, S15, 1
P00, Trade, 3586.654, 177, P00, B24, 1
P00, Trade, 3591.904, 176, P00, S02, 1
P00, Trade, 3592.654, 182, P00, B01, 1
P00, Trade, 3597.904, 182, P00, S11, 1
P00, Trade, 3606.635, 173, P00, B24, 1
P00, Trade, 3614.846, 171, P00, S10, 1
P00, Trade, 3620.096, 175, P00, B09, 1
P00, Trade, 3623.115, 174, P00, S14, 1
P00, Trade, 3628.058, 174, P00, B20, 1
P00, Trade, 3631.558, 177, P00, S13, 1
P00, Trade, 3633.962, 176, P00, B00, 1
P00, Trade, 3636.769, 174, P00, S14, 1
P00, Trade, 3642.654, 176, P00, B01, 1
P00, Trade, 3648.365, 171, P00, S15, 1
P00, Trade, 3649.769, 173, P00, B04, 1
P00, Trade, 3650.596, 174, P00, S02, 1
P00, Trade, 3651.500, 175, P00, B22, 1
P00, Trade, 3657.288, 169, P00, S10, 1
P00, Trade, 3660.115, 171, P00, B08, 1
P00, Trade, 3661.558, 170, P00, S15, 1
P00, Trade, 3669.135, 173, P00, B08, 1
P00, Trade, 3678.077, 168, P00, S19, 1
P00, Trade, 3680.808, 180, P00, B09, 1
P00, Trade, 3682.173, 191, P00, S17, 1
P00, Trade, 3699.288, 176, P00, B17, 1
P00, Trade, 3703.288, 171, P00, S02, 1
P00, Trade, 3707.846, 171, P00, B03, 1
P00, Trade, 3713.769, 169, P00, S15, 1
P00, Trade, 3722.654, 177, P00, B00, 1
P00, Trade, 3728.019, 179, P00, S19, 1
P00, Trade, 3729.615, 180, P00, B11, 1
P00, Trade, 3731.712, 179, P00, S00, 1
P00, Trade, 3745.788, 175, P00, B12, 1
P00, Trade, 3753.135, 177, P00, S02, 1
P00, Trade, 3758.212, 176, P00, B01, 1
P00, Trade, 3762.769, 176, P00, S04, 1
P00, Trade, 3763.577, 175, B19, P00, 1
P00, Trade, 3765.365, 174, P00, S02, 1
P00, Trade, 3768.269, 176, P00, B15, 1
P00, Trade, 3772.404, 173, P00, S10, 1
P00, Trade, 3778.596, 178, P00, B16, 1
P00, Trade, 3782.481, 176, P00, S22, 1
P00, Trade, 3793.019, 180, P00, B16, 1
P00, Trade, 3802.577, 175, P00, S16, 1
P00, Trade, 3806.942, 180, P00, B09, 1
P00, Trade, 3813.654, 177, P00, S15, 1
P00, Trade, 3815.077, 181, P00, B09, 1
P00, Trade, 3816.865, 175, P00, S17, 1
P00, Trade, 3821.519, 172, P00, B24, 1
P00, Trade, 3831.481, 180, P00, S17, 1
P00, Trade, 3835.462, 180, P00, B19, 1
P00, Trade, 3844.096, 172, P00, S03, 1
P00, Trade, 3847.385, 173, P00, B05, 1
P00, Trade, 3850.423, 172, P00, S14, 1
P00, Trade, 3854.769, 178, P00, B23, 1
P00, Trade, 3857.962, 174, P00, S17, 1
P00, Trade, 3860.692, 177, P00, B10, 1
P00, Trade, 3864.885, 172, P00, S06, 1
P00, Trade, 3869.212, 173, P00, B06, 1
P00, Trade, 3874.192, 173, P00, S13, 1
P00, Trade, 3880.635, 174, P00, B19, 1
P00, Trade, 3886.058, 172, P00, S03, 1
P00, Trade, 3888.731, 172, P00, B02, 1
P00, Trade, 3893.673, 172, P00, S22, 1
P00, Trade, 3896.154, 172, P00, B10, 1
P00, Trade, 3900.250, 169, P00, S10, 1
P00, Trade, 3902.115, 176, P00, B05, 1
P00, Trade, 3909.923, 173, P00, S21, 1
P00, Trade, 3911.308, 176, P00, B22, 1
P00, Trade, 3914.904, 174, P00, S06, 1
P00, Trade, 3921.115, 177, P00, B14, 1
P00, Trade, 3928.615, 173, P00, S14, 1
P00, Trade, 3931.481, 179, P00, B08, 1
P00, Trade, 3934.615, 172, P00, S18, 1
P00, Trade, 3937.038, 176, P00, B21, 1
P00, Trade, 3940.308, 175, P00, S17, 1
P00, Trade, 3942.462, 177, P00, B17, 1
P00, Trade, 3945.827, 179, P00, S19, 1
P00, Trade, 3959.731, 172, P00, B20, 1
P00, Trade, 3962.269, 168, P00, S16, 1
P00, Trade, 3967.615, 172, P00, B09, 1
P00, Trade, 3976.077, 171, P00, S06, 1
P00, Trade, 3979.404, 174, P00, B15, 1
P00, Trade, 3979.788, 175, P00, S07, 1
P00, Trade, 3986.558, 177, P00, B07, 1
P00, Trade, 3993.904, 175, P00, S10, 1
P00, Trade, 4001.327, 172, P00, B18, 1
P00, Trade, 4006.673, 172, P00, S18, 1
P00, Trade, 4013.212, 170, P00, B24, 1
P00, Trade, 4015.827, 171, P00, S18, 1
P00, Trade, 4022.808, 174, P00, B12, 1
P00, Trade, 4026.750, 177, P00, S10, 1
P00, Trade, 4027.769, 181, P00, B20, 1
P00, Trade, 4031.135, 179, P00, S14, 1
P00, Trade, 4041.846, 178, P00, B13, 1
P00, Trade, 4044.231, 178, P00, S15, 1
P00, Trade, 4057.558, 176, P00, B10, 1
P00, Trade, 4060.327, 176, P00, S00, 1
P00, Trade, 4064.635, 176, P00, B08, 1
P00, Trade, 4066.731, 166, P00, S01, 1
P00, Trade, 4075.019, 170, P00, B24, 1
P00, Trade, 4079.500, 169, P00, S09, 1
P00, Trade, 4082.615, 175, P00, B16, 1
P00, Trade, 4089.731, 175, P00, S16, 1
P00, Trade, 4091.962, 174, P00, B17, 1
P00, Trade, 4095.385, 172, P00, S04, 1
P00, Trade, 4097.500, 169, P00, B15, 1
P00, Trade, 4100.577, 169, P00, S08, 1
P00, Trade, 4107.096, 174, P00, B18, 1
P00, Trade, 4110.077, 171, P00, S07, 1
P00, Trade, 4111.827, 176, P00, B15, 1
P00, Trade, 4119.712, 173, P00, S04, 1
P00, Trade, 4123.423, 179, P00, B01, 1
P00, Trade, 4128.577, 173, P00, S15, 1
P00, Trade, 4131.423, 173, P00, B17, 1
P00, Trade, 4134.308, 168, P00, S16, 1
P00, Trade, 4138.423, 173, P00, B13, 1
P00, Trade, 4142.135, 171, P00, S04, 1
P00, Trade, 4148.462, 176, P00, B12, 1
P00, Trade, 4151.538, 172, P00, S24, 1
P00, Trade, 4164.442, 175, P00, B22, 1
P00, Trade, 4170.269, 181, P00, S10, 1
P00, Trade, 4183.288, 175, P00, B22, 1
P00, Trade, 4187.577, 170, P00, S17, 1
P00, Trade, 4195.077, 168, P00, B23, 1
P00, Trade, 4202.654, 168, P00, S16, 1
P00, Trade, 4203.519, 171, P00, B01, 1
P00, Trade, 4209.385, 168, P00, S11, 1
P00, Trade, 4211.615, 169, P00, B07, 1
P00, Trade, 4214.788, 166, P00, S18, 1
P00, Trade, 4221.923, 182, P00, B20, 1
P00, Trade, 4223.635, 179, P00, S05, 1
P00, Trade, 4230.404, 175, P00, B00, 1
P00, Trade, 4236.365, 174, P00, S15, 1
P00, Trade, 4241.885, 176, P00, B19, 1
P00, Trade, 4243.135, 174, P00, S10, 1
P00, Trade, 4246.981, 179, P00, B14, 1
P00, Trade, 4260.019, 172, P00, S07, 1
P00, Trade, 4261.577, 177, P00, B08, 1
P00, Trade, 4265.731, 173, P00, S03, 1
P00, Trade, 4270.923, 173, P00, B01, 1
P00, Trade, 4273.827, 171, P00, S17, 1
P00, Trade, 4274.769, 174, P00, B12, 1
P00, Trade, 4283.115, 175, P00, S10, 1
P00, Trade, 4284.923, 178, P00, B08, 1
P00, Trade, 4288.538, 175, P00, S00, 1
P00, Trade, 4290.308, 177, P00, B03, 1
P00, Trade, 4294.923, 173, P00, S06, 1
P00, Trade, 4296.346, 177, P00, B08, 1
P00, Trade, 4298.250, 175, P00, S23, 1
P00, Trade, 4303.731, 175, P00, B22, 1
P00, Trade, 4309.538, 174, P00, S19, 1
P00, Trade, 4312.673, 180, P00, B13, 1
P00, Trade, 4320.442, 171, P00, S05, 1
P00, Trade, 4324.769, 172, P00, B23, 1
P00, Trade, 4327.019, 182, P00, S00, 1
P00, Trade, 4329.481, 182, P00, B15, 1
P00, Trade, 4334.173, 180, P00, S24, 1
P00, Trade, 4334.558, 182, P00, B22, 1
P00, Trade, 4340.462, 182, P00, S02, 1
P00, Trade, 4349.846, 175, P00, B19, 1
P00, Trade, 4352.365, 175, P00, S03, 1
P00, Trade, 4359.654, 181, P00, B19, 1
P00, Trade, 4360.769, 180, P00, S24, 1
P00, Trade, 4366.462, 174, P00, B03, 1
P00, Trade, 4371.173, 173, P00, S16, 1
P00, Trade, 4374.212, 174, P00, B08, 1
P00, Trade, 4375.846, 171, P00, S24, 1
P00, Trade, 4379.750, 175, P00, B04, 1
P00, Trade, 4383.788, 174, P00, S23, 1
P00, Trade, 4385.000, 174, P00, B12, 1
P00, Trade, 4386.808, 169, P00, S18, 1
P00, Trade, 4396.115, 172, P00, B07, 1
P00, Trade, 4404.365, 175, P00, S07, 1
P00, Trade, 4407.058, 178, P00, B01, 1
P00, Trade, 4412.596, 174, P00, S09, 1
P00, Trade, 4414.019, 176, P00, B07, 1
P00, Trade, 4421.481, 172, P00, S15, 1
P00, Trade, 4423.654, 173, P00, B00, 1
P00, Trade, 4431.423, 170, P00, S09, 1
P00, Trade, 4437.731, 179, P00, B04, 1
P00, Trade, 4444.308, 177, P00, S14, 1
P00, Trade, 4447.038, 177, P00, B01, 1
P00, Trade, 4449.308, 175, P00, S15, 1
P00, Trade, 4452.904, 173, P00, B09, 1
P00, Trade, 4454.327, 173, P00, S18, 1
P00, Trade, 4458.635, 176, P00, B14, 1
P00, Trade, 4461.154, 173, P00, S22, 1
P00, Trade, 4468.173, 173, P00, B09, 1
P00, Trade, 4469.096, 171, P00, S09, 1
P00, Trade, 4471.481, 172, P00, B01, 1
P00, Trade, 4477.673, 170, P00, S17, 1
P00, Trade, 4479.865, 175, P00, B05, 1
P00, Trade, 4481.462, 175, P00, S24, 1
P00, Trade, 4482.885, 175, P00, B09, 1
P00, Trade, 4492.000, 170, P00, S07, 1
P00, Trade, 4493.519, 176, P00, B18, 1
P00, Trade, 4503.654, 178, P00, S16, 1
P00, Trade, 4511.115, 175, P00, B19, 1
P00, Trade, 4513.827, 172, P00, S19, 1
P00, Trade, 4514.808, 175, P00, B08, 1
P00, Trade, 4519.135, 172, P00, S06, 1
P00, Trade, 4522.308, 174, P00, B08, 1
P00, Trade, 4525.731, 170, P00, S17, 1
P00, Trade, 4529.038, 176, P00, B03, 1
P00, Trade, 4534.462, 172, P00, S09, 1
P00, Trade, 4538.346, 174, P00, B12, 1
P00, Trade, 4541.442, 171, P00, S04, 1
P00, Trade, 4544.577, 172, P00, B16, 1
P00, Trade, 4548.462, 174, P00, S22, 1
P00, Trade, 4554.000, 172, P00, B12, 1
P00, Trade, 4555.942, 167, P00, S06, 1
P00, Trade, 4564.058, 179, P00, B01, 1
P00, Trade, 4567.827, 175, P00, S00, 1
P00, Trade, 4573.346, 176, P00, B14, 1
P00, Trade, 4577.865, 171, P00, S15, 1
P00, Trade, 4581.135, 180, P00, B01, 1
P00, Trade, 4587.923, 176, P00, S07, 1
P00, Trade, 4593.423, 174, P00, B22, 1
P00, Trade, 4597.481, 170, P00, S00, 1
P00, Trade, 4602.423, 174, P00, B03, 1
P00, Trade, 4604.423, 174, P00, S10, 1
P00, Trade, 4607.404, 180, P00, B24, 1
P00, Trade, 4612.788, 173, P00, S16, 1
P00, Trade, 4616.846, 176, P00, B12, 1
P00, Trade, 4620.000, 174, P00, S00, 1
P00, Trade, 4620.615, 175, P00, B13, 1
P00, Trade, 4622.942, 173, P00, S01, 1
P00, Trade, 4624.904, 175, P00, B12, 1
P00, Trade, 4629.481, 172, P00, S16, 1
P00, Trade, 4641.462, 174, P00, B12, 1
P00, Trade, 4643.250, 169, P00, S10, 1
P00, Trade, 4644.308, 171, P00, B01, 1
P00, Trade, 4646.731, 174, P00, S22, 1
P00, Trade, 4654.288, 175, P00, B09, 1
P00, Trade, 4655.058, 173, P00, S04, 1
P00, Trade, 4658.500, 175, P00, B02, 1
P00, Trade, 4662.558, 173, P00, S07, 1
P00, Trade, 4666.154, 174, P00, B20, 1
P00, Trade, 4672.135, 171, P00, S10, 1
P00, Trade, 4674.846, 176, P00, B07, 1
P00, Trade, 4677.481, 178, P00, S23, 1
P00, Trade, 4681.827, 174, P00, B13, 1
P00, Trade, 4684.538, 167, P00, S05, 1
P00, Trade, 4688.615, 174, P00, B01, 1
P00, Trade, 4695.346, 175, P00, S14, 1
P00, Trade, 4696.942, 175, P00, B20, 1
P00, Trade, 4701.365, 174, P00, S15, 1
P00, Trade, 4705.192, 177, P00, B17, 1
P00, Trade, 4710.000, 176, P00, S08, 1
P00, Trade, 4712.327, 176, P00, B11, 1
P00, Trade, 4713.981, 172, P00, S02, 1
P00, Trade, 4718.615, 171, P00, B15, 1
P00, Trade, 4723.019, 168, P00, S17, 1
P00, Trade, 4729.962, 171, P00, B09, 1
P00, Trade, 4733.731, 173, P00, S13, 1
P00, Trade, 4739.981, 177, P00, B00, 1
P00, Trade, 4744.673, 169, P00, S10, 1
P00, Trade, 4747.615, 173, P00, B09, 1
P00, Trade, 4749.038, 174, P00, S03, 1
P00, Trade, 4765.019, 173, P00, B12, 1
P00, Trade, 4767.173, 170, P00, S02, 1
P00, Trade, 4770.904, 177, P00, B10, 1
P00, Trade, 4779.846, 175, P00, S14, 1
P00, Trade, 4787.365, 177, P00, B14, 1
P00, Trade, 4793.462, 174, P00, S05, 1
P00, Trade, 4798.750, 172, P00, B16, 1
P00, Trade, 4808.000, 172, P00, S03, 1
P00, Trade, 4814.904, 174, P00, B24, 1
P00, Trade, 4819.538, 172, P00, S21, 1
P00, Trade, 4825.365, 172, P00, B16, 1
P00, Trade, 4830.269, 171, P00, S23, 1
P00, Trade, 4832.096, 175, P00, B12, 1
P00, Trade, 4835.654, 172, P00, S14, 1
P00, Trade, 4836.904, 174, P00, B11, 1
P00, Trade, 4843.904, 166, P00, S15, 1
P00, Trade, 4844.558, 169, P00, B17, 1
P00, Trade, 4847.173, 172, P00, S00, 1
P00, Trade, 4854.769, 173, P00, B00, 1
P00, Trade, 4860.212, 170, P00, S03, 1
P00, Trade, 4863.808, 174, P00, B20, 1
P00, Trade, 4868.923, 176, P00, S19, 1
P00, Trade, 4882.808, 175, P00, B00, 1
P00, Trade, 4886.827, 175, P00, S03, 1
P00, Trade, 4903.308, 176, P00, B09, 1
P00, Trade, 4907.577, 174, P00, S09, 1
P00, Trade, 4912.365, 176, P00, B09, 1
P00, Trade, 4917.846, 179, P00, S04, 1
P00, Trade, 4921.769, 180, P00, B09, 1
P00, Trade, 4924.596, 177, P00, S15, 1
P00, Trade, 4931.635, 179, P00, B23, 1
P00, Trade, 4941.173, 172, P00, S10, 1
P00, Trade, 4945.173, 172, P00, B19, 1
P00, Trade, 4949.385, 170, P00, S13, 1
P00, Trade, 4951.538, 173, P00, B10, 1
P00, Trade, 4955.135, 171, P00, S04, 1
P00, Trade, 4961.154, 170, P00, B04, 1
P00, Trade, 4963.250, 169, P00, S14, 1
P00, Trade, 4966.250, 174, P00, B17, 1
P00, Trade, 4966.827, 173, P00, S07, 1
P00, Trade, 4971.000, 176, P00, B00, 1
P00, Trade, 4971.981, 170, P00, S18, 1
P00, Trade, 4975.385, 177, P00, B13, 1
P00, Trade, 4982.308, 173, P00, S20, 1
P00, Trade, 4983.519, 177, P00, B04, 1
P00, Trade, 4985.808, 176, P00, S07, 1
P00, Trade, 4990.212, 173, P00, B07, 1
P00, Trade, 4995.135, 171, P00, S14, 1
P00, Trade, 5000.115, 179, P00, B10, 1
P00, Trade, 5004.115, 173, P00, S21, 1
P00, Trade, 5009.058, 181, P00, B11, 1
P00, Trade, 5011.077, 173, P00, S03, 1
P00, Trade, 5016.808, 175, P00, B17, 1
P00, Trade, 5017.654, 170, P00, S12, 1
P00, Trade, 5024.923, 176, P00, B03, 1
P00, Trade, 5039.654, 179, P00, S16, 1
P00, Trade, 5040.846, 181, P00, B10, 1
P00, Trade, 5042.269, 179, P00, S01, 1
P00, Trade, 5050.577, 173, P00, B13, 1
P00, Trade, 5053.423, 171, P00, S00, 1
P00, Trade, 5054.481, 175, P00, B10, 1
P00, Trade, 5060.154, 172, P00, S17, 1
P00, Trade, 5064.615, 172, P00, B22, 1
P00, Trade, 5070.404, 171, P00, S15, 1
P00, Trade, 5071.019, 172, P00, B01, 1
P00, Trade, 5076.231, 171, P00, S00, 1
P00, Trade, 5079.000, 177, P00, B12, 1
P00, Trade, 5081.885, 176, P00, S01, 1
P00, Trade, 5089.173, 175, P00, B17, 1
P00, Trade, 5089.731, 174, P00, S04, 1
P00, Trade, 5092.808, 177, P00, B20, 1
P00, Trade, 5096.462, 173, P00, S15, 1
P00, Trade, 5101.019, 171, P00, B07, 1
P00, Trade, 5103.462, 168, P00, S14, 1
P00, Trade, 5109.942, 177, P00, B09, 1
P00, Trade, 5113.231, 172, P00, S10, 1
P00, Trade, 5118.885, 173, P00, B10, 1
P00, Trade, 5120.096, 171, P00, S03, 1
P00, Trade, 5124.154, 171, P00, B19, 1
P00, Trade, 5131.885, 173, P00, S13, 1
P00, Trade, 5137.000, 171, P00, B12, 1
P00, Trade, 5142.346, 173, P00, S14, 1
P00, Trade, 5149.154, 174, P00, B16, 1
P00, Trade, 5152.096, 173, P00, S20, 1
P00, Trade, 5160.558, 173, P00, B22, 1
P00, Trade, 5161.058, 172, P00, S12, 1
P00, Trade, 5164.038, 174, P00, B12, 1
P00, Trade, 5166.365, 170, P00, S10, 1
P00, Trade, 5172.615, 176, P00, B20, 1
P00, Trade, 5174.173, 174, P00, S22, 1
P00, Trade, 5179.846, 175, P00, B06, 1
P00, Trade, 5189.654, 166, P00, S09, 1
P00, Trade, 5191.788, 172, P00, B20, 1
P00, Trade, 5194.192, 169, P00, S15, 1
P00, Trade, 5199.712, 172, P00, B16, 1
P00, Trade, 5209.654, 174, P00, S17, 1
P00, Trade, 5219.635, 170, P00, B19, 1
P00, Trade, 5223.519, 167, P00, S08, 1
P00, Trade, 5227.077, 170, P00, B06, 1
P00, Trade, 5229.423, 174, P00, S05, 1
P00, Trade, 5232.923, 178, P00, B08, 1
P00, Trade, 5244.519, 172, P00, S15, 1
P00, Trade, 5249.577, 173, B06, P00, 1
P00, Trade, 5252.923, 172, P00, S24, 1
P00, Trade, 5255.423, 165, B21, P00, 1
P00, Trade, 5258.269, 164, P00, S05, 1
P00, Trade, 5262.942, 165, P00, B12, 1
P00, Trade, 5267.538, 170, P00, S20, 1
P00, Trade, 5271.769, 175, P00, B07, 1
P00, Trade, 5274.981, 175, P00, S14, 1
P00, Trade, 5275.596, 177, P00, B09, 1
P00, Trade, 5276.788, 175, P00, S03, 1
P00, Trade, 5279.058, 181, P00, B20, 1
P00, Trade, 5283.212, 180, P00, S07, 1
P00, Trade, 5287.519, 171, P00, B09, 1
P00, Trade, 5289.500, 170, P00, S16, 1
P00, Trade, 5294.981, 170, P00, B15, 1
P00, Trade, 5297.173, 169, P00, S15, 1
P00, Trade, 5301.981, 171, P00, B20, 1
P00, Trade, 5307.808, 168, P00, S13, 1
P00, Trade, 5317.038, 174, P00, B12, 1
P00, Trade, 5318.269, 169, P00, S19, 1
P00, Trade, 5325.442, 175, P00, B12, 1
P00, Trade, 5331.500, 173, P00, S20, 1
P00, Trade, 5338.000, 178, P00, B09, 1
P00, Trade, 5344.596, 179, P00, S22, 1
P00, Trade, 5361.000, 167, P00, B03, 1
P00, Trade, 5364.500, 171, P00, S03, 1
P00, Trade, 5368.308, 172, P00, B03, 1
P00, Trade, 5369.154, 169, P00, S13, 1
P00, Trade, 5376.500, 175, P00, B19, 1
P00, Trade, 5378.750, 171, P00, S03, 1
P00, Trade, 5387.750, 176, P00, B08, 1
P00, Trade, 5390.942, 167, P00, S22, 1
P00, Trade, 5394.981, 172, P00, B07, 1
P00, Trade, 5398.692, 175, P00, S04, 1
P00, Trade, 5409.942, 177, P00, B17, 1
P00, Trade, 5411.654, 173, P00, S17, 1
P00, Trade, 5419.365, 171, B15, P00, 1
P00, Trade, 5421.962, 168, P00, S15, 1
P00, Trade, 5428.077, 168, P00, B08, 1
P00, Trade, 5434.288, 167, P00, S00, 1
P00, Trade, 5441.327, 171, P00, B20, 1
P00, Trade, 5446.231, 168, P00, S03, 1
P00, Trade, 5451.808, 173, P00, B14, 1
P00, Trade, 5459.481, 167, P00, S09, 1
P00, Trade, 5465.538, 168, P00, B08, 1
P00, Trade, 5467.827, 167, P00, S07, 1
P00, Trade, 5469.577, 168, P00, B12, 1
P00, Trade, 5476.865, 169, P00, S24, 1
P00, Trade, 5479.769, 173, P00, B09, 1
P00, Trade, 5481.327, 172, P00, S15, 1
P00, Trade, 5483.077, 175, P00, B22, 1
P00, Trade, 5488.327, 176, P00, S04, 1
P00, Trade, 5491.481, 181, P00, B01, 1
P00, Trade, 5494.077, 181, P00, S12, 1
P00, Trade, 5499.077, 170, P00, B13, 1
P00, Trade, 5505.846, 171, P00, S17, 1
P00, Trade, 5508.692, 173, P00, B11, 1
P00, Trade, 5510.596, 169, P00, S09, 1
P00, Trade, 5513.558, 173, P00, B19, 1
P00, Trade, 5519.288, 170, P00, S00, 1
P00, Trade, 5523.846, 171, P00, B10, 1
P00, Trade, 5526.962, 174, P00, S07, 1
P00, Trade, 5532.519, 177, P00, B04, 1
P00, Trade, 5538.308, 169, P00, S03, 1
P00, Trade, 5541.615, 167, P00, B03, 1
P00, Trade, 5549.500, 169, P00, S13, 1
P00, Trade, 5571.192, 169, P00, B12, 1
P00, Trade, 5575.096, 168, P00, S10, 1
P00, Trade, 5580.000, 178, P00, B01, 1
P00, Trade, 5582.231, 169, P00, S10, 1
P00, Trade, 5586.058, 171, P00, B20, 1
P00, Trade, 5588.019, 170, P00, S15, 1
P00, Trade, 5600.635, 174, P00, B24, 1
P00, Trade, 5608.385, 168, P00, S10, 1
P00, Trade, 5617.673, 170, P00, B18, 1
P00, Trade, 5621.192, 165, P00, S15, 1
P00, Trade, 5625.365, 173, P00, B23, 1
P00, Trade, 5633.827, 164, P00, S19, 1
P00, Trade, 5638.269, 167, B21, P00, 1
P00, Trade, 5642.731, 171, P00, S04, 1
P00, Trade, 5654.615, 171, P00, B24, 1
P00, Trade, 5656.019, 171, P00, S13, 1
P00, Trade, 5659.654, 171, P00, B01, 1
P00, Trade, 5662.827, 169, P00, S10, 1
P00, Trade, 5674.154, 173, P00, B02, 1
P00, Trade, 5683.827, 172, P00, S12, 1
P00, Trade, 5685.365, 174, P00, B19, 1
P00, Trade, 5691.654, 173, P00, S17, 1
P00, Trade, 5700.462, 170, P00, B02, 1
P00, Trade, 5708.519, 166, P00, S07, 1
P00, Trade, 5714.615, 170, P00, B20, 1
P00, Trade, 5715.635, 169, P00, S00, 1
P00, Trade, 5724.615, 169, P00, B23, 1
P00, Trade, 5728.135, 168, P00, S06, 1
P00, Trade, 5744.788, 173, P00, B16, 1
P00, Trade, 5748.058, 166, P00, S01, 1
P00, Trade, 5756.135, 172, P00, B18, 1
P00, Trade, 5759.712, 171, P00, S13, 1
P00, Trade, 5761.308, 174, P00, B01, 1
P00, Trade, 5766.077, 169, P00, S22, 1
P00, Trade, 5777.154, 171, P00, B01, 1
P00, Trade, 5779.904, 168, P00, S10, 1
P00, Trade, 5784.846, 175, P00, B09, 1
P00, Trade, 5795.923, 171, P00, S07, 1
P00, Trade, 5800.404, 174, P00, B08, 1
P00, Trade, 5804.327, 168, P00, S00, 1
P00, Trade, 5807.827, 171, P00, B22, 1
P00, Trade, 5814.423, 172, P00, S22, 1
P00, Trade, 5816.385, 174, P00, B00, 1
P00, Trade, 5823.096, 174, P00, S17, 1
P00, Trade, 5831.692, 170, P00, B12, 1
P00, Trade, 5837.404, 164, P00, S16, 1
P00, Trade, 5843.115, 170, P00, B20, 1
P00, Trade, 5847.423, 171, P00, S03, 1
P00, Trade, 5865.308, 172, B16, P00, 1
P00, Trade, 5869.365, 179, P00, S20, 1
P00, Trade, 5878.058, 173, P00, B01, 1
P00, Trade, 5879.654, 174, P00, S15, 1
P00, Trade, 5889.327, 173, P00, B11, 1
P00, Trade, 5892.808, 170, P00, S16, 1
P00, Trade, 5894.327, 172, P00, B00, 1
P00, Trade, 5897.885, 168, P00, S13, 1
P00, Trade, 5904.538, 176, P00, B08, 1
P00, Trade, 5913.904, 172, P00, S17, 1
P00, Trade, 5915.077, 172, P00, B19, 1
P00, Trade, 5917.885, 170, P00, S10, 1
P00, Trade, 5921.577, 176, P00, B20, 1
P00, Trade, 5925.519, 176, P00, S22, 1
P00, Trade, 5929.462, 177, P00, B01, 1
P00, Trade, 5934.885, 172, P00, S20, 1
P00, Trade, 5937.865, 171, P00, B00, 1
P00, Trade, 5943.654, 166, P00, S10, 1
P00, Trade, 5945.788, 169, P00, B13, 1
P00, Trade, 5953.019, 168, P00, S18, 1
P00, Trade, 5957.404, 170, P00, B12, 1
P00, Trade, 5959.942, 173, P00, S10, 1
P00, Trade, 5960.769, 175, P00, B15, 1
P00, Trade, 5964.135, 169, P00, S04, 1
P00, Trade, 5970.135, 164, B04, P00, 1
P00, Trade, 5975.538, 169, P00, S15, 1
P00, Trade, 5983.442, 167, P00, B07, 1
P00, Trade, 5990.269, 175, P00, S20, 1
P00, Trade, 5991.442, 177, P00, B01, 1
P00, Trade, 5998.269, 173, P00, S17, 1
P00, Trade, 5999.673, 177, P00, B01, 1
P00, Trade, 6000.788, 170, P00, S00, 1
P00, Trade, 6011.731, 170, P00, B08, 1
P00, Trade, 6017.846, 171, P00, S00, 1
P00, Trade, 6021.827, 175, P00, B12, 1
P00, Trade, 6024.712, 170, P00, S06, 1
P00, Trade, 6029.519, 172, P00, B13, 1
P00, Trade, 6034.577, 169, P00, S17, 1
P00, Trade, 6041.115, 164, P00, B01, 1
P00, Trade, 6048.154, 175, P00, S09, 1
P00, Trade, 6052.288, 171, P00, B15, 1
P00, Trade, 6054.423, 170, P00, S23, 1
P00, Trade, 6059.231, 170, P00, B24, 1
P00, Trade, 6060.712, 167, P00, S04, 1
P00, Trade, 6066.077, 175, P00, B01, 1
P00, Trade, 6073.269, 168, P00, P01, 1
P00, Trade, 6079.019, 173, P00, B09, 1
P00, Trade, 6084.577, 172, P00, S23, 1
P00, Trade, 6087.923, 177, P00, B13, 1
P00, Trade, 6094.846, 169, P00, S09, 1
P00, Trade, 6104.154, 171, P00, B22, 1
P00, Trade, 6106.000, 168, P00, S00, 1
P00, Trade, 6112.462, 182, P00, B23, 1
P00, Trade, 6116.500, 172, P00, S14, 1
P00, Trade, 6126.942, 174, P00, B10, 1
P00, Trade, 6135.904, 173, P00, S16, 1
P00, Trade, 6140.327, 169, P00, B18, 1
P00, Trade, 6148.346, 169, P00, S04, 1
P00, Trade, 6150.519, 174, P00, B23, 1
P00, Trade, 6154.250, 170, P00, S20, 1
P00, Trade, 6162.904, 168, P00, B07, 1
P00, Trade, 6165.712, 165, P00, S00, 1
P00, Trade, 6173.308, 167, P00, B06, 1
P00, Trade, 6177.250, 168, P00, S20, 1
P00, Trade, 6178.000, 169, P00, B01, 1
P00, Trade, 6181.750, 170, P00, S00, 1
P00, Trade, 6184.538, 175, P00, B12, 1
P00, Trade, 6186.596, 170, P00, S15, 1
P00, Trade, 6196.827, 170, P00, B18, 1
P00, Trade, 6200.385, 170, P00, S15, 1
P00, Trade, 6206.288, 174, P00, B07, 1
P00, Trade, 6207.788, 167, P00, S20, 1
P00, Trade, 6210.538, 168, P00, B00, 1
P00, Trade, 6211.558, 166, P00, S07, 1
P00, Trade, 6218.808, 168, P00, B09, 1
P00, Trade, 6220.385, 164, P00, S04, 1
P00, Trade, 6223.135, 166, P00, B23, 1
P00, Trade, 6228.923, 176, P00, S19, 1
P00, Trade, 6235.865, 176, P00, B08, 1
P00, Trade, 6242.692, 174, P00, S05, 1
P00, Trade, 6248.577, 170, P00, B07, 1
P00, Trade, 6255.019, 168, P00, S20, 1
P00, Trade, 6260.442, 171, P00, B23, 1
P00, Trade, 6265.038, 170, P00, S05, 1
P00, Trade, 6269.519, 179, P00, B01, 1
P00, Trade, 6271.885, 173, P00, S13, 1
P00, Trade, 6277.692, 175, P00, B01, 1
P00, Trade, 6281.385, 171, P00, S18, 1
P00, Trade, 6285.327, 174, P00, B02, 1
P00, Trade, 6299.577, 178, P00, S04, 1
P00, Trade, 6307.596, 169, P00, B19, 1
P00, Trade, 6315.673, 173, P00, S07, 1
P00, Trade, 6325.365, 174, P00, B11, 1
P00, Trade, 6328.212, 175, P00, S00, 1
P00, Trade, 6331.058, 174, P00, B13, 1
P00, Trade, 6333.481, 168, P00, S16, 1
P00, Trade, 6341.231, 166, P00, B16, 1
P00, Trade, 6347.385, 166, P00, S11, 1
P00, Trade, 6349.212, 169, P00, B22, 1
P00, Trade, 6353.712, 166, P00, S16, 1
P00, Trade, 6356.731, 167, P00, B00, 1
P00, Trade, 6359.846, 172, P00, S19, 1
P00, Trade, 6368.558, 177, P00, B16, 1
P00, Trade, 6369.692, 171, P00, S10, 1
P00, Trade, 6379.692, 171, P00, B14, 1
P00, Trade, 6381.827, 168, P00, S17, 1
P00, Trade, 6390.500, 167, P00, B12, 1
P00, Trade, 6395.038, 165, P00, S20, 1
P00, Trade, 6401.269, 160, P00, B14, 1
P00, Trade, 6403.731, 158, P00, S04, 1
P00, Trade, 6409.404, 171, P00, B20, 1
P00, Trade, 6411.327, 167, P00, S19, 1
P00, Trade, 6413.404, 168, P00, B18, 1
P00, Trade, 6414.885, 169, P00, S14, 1
P00, Trade, 6421.077, 169, P00, B20, 1
P00, Trade, 6425.500, 164, P00, S00, 1
P00, Trade, 6431.308, 177, P00, B05, 1
P00, Trade, 6433.712, 175, P00, S01, 1
P00, Trade, 6444.750, 169, P00, B19, 1
P00, Trade, 6452.462, 175, P00, S17, 1
P00, Trade, 6453.481, 177, P00, B15, 1
P00, Trade, 6460.308, 170, P00, S09, 1
P00, Trade, 6464.135, 173, P00, B13, 1
P00, Trade, 6467.885, 169, P00, S17, 1
P00, Trade, 6468.519, 170, P00, B00, 1
P00, Trade, 6470.808, 168, P00, S04, 1
P00, Trade, 6476.173, 169, P00, B02, 1
P00, Trade, 6482.212, 169, P00, S19, 1
P00, Trade, 6485.423, 173, P00, B01, 1
P00, Trade, 6486.481, 168, P00, S03, 1
P00, Trade, 6489.865, 169, P00, B09, 1
P00, Trade, 6490.346, 165, P00, S17, 1
P00, Trade, 6494.481, 170, P00, B19, 1
P00, Trade, 6499.885, 166, P00, S23, 1
P00, Trade, 6503.519, 173, P00, B12, 1
P00, Trade, 6507.846, 165, P00, S08, 1
P00, Trade, 6512.365, 168, P00, B17, 1
P00, Trade, 6522.712, 167, P00, S13, 1
P00, Trade, 6529.038, 170, P00, B01, 1
P00, Trade, 6532.115, 168, P00, S17, 1
P00, Trade, 6538.481, 170, P00, B06, 1
P00, Trade, 6551.596, 172, P00, S19, 1
P00, Trade, 6553.962, 174, P00, B18, 1
P00, Trade, 6560.885, 171, P00, S02, 1
P00, Trade, 6565.731, 174, P00, B08, 1
P00, Trade, 6568.750, 170, P00, S12, 1
P00, Trade, 6581.346, 164, B04, P00, 1
P00, Trade, 6583.885, 189, P00, S19, 1
P00, Trade, 6601.038, 172, P00, B23, 1
P00, Trade, 6605.192, 167, P00, S12, 1
P00, Trade, 6608.750, 172, P00, B18, 1
P00, Trade, 6620.038, 175, P00, S01, 1
P00, Trade, 6629.038, 166, P00, B19, 1
P00, Trade, 6632.692, 164, P00, S06, 1
P00, Trade, 6635.635, 165, P00, B09, 1
P00, Trade, 6637.385, 162, P00, S17, 1
P00, Trade, 6642.519, 176, P00, B23, 1
P00, Trade, 6646.558, 174, P00, S09, 1
P00, Trade, 6660.000, 169, P00, B11, 1
P00, Trade, 6663.058, 168, P00, S15, 1
P00, Trade, 6664.135, 170, P00, B13, 1
P00, Trade, 6672.788, 171, P00, S07, 1
P00, Trade, 6676.827, 168, P00, B05, 1
P00, Trade, 6678.981, 167, P00, S17, 1
P00, Trade, 6682.308, 176, P00, B23, 1
P00, Trade, 6688.519, 177, P00, S05, 1
P00, Trade, 6697.077, 176, P00, B14, 1
P00, Trade, 6700.923, 174, P00, S10, 1
P00, Trade, 6701.212, 178, B22, P00, 1
P00, Trade, 6710.827, 170, P00, S19, 1
P00, Trade, 6717.673, 173, P00, B06, 1
P00, Trade, 6722.538, 171, P00, S03, 1
P00, Trade, 6724.827, 176, P00, B08, 1
P00, Trade, 6728.058, 173, P00, S24, 1
P00, Trade, 6731.981, 173, P00, B16, 1
P00, Trade, 6739.558, 172, P00, S19, 1
P00, Trade, 6746.615, 177, P00, B21, 1
P00, Trade, 6748.654, 175, P00, S00, 1
P00, Trade, 6760.288, 166, P00, B13, 1
P00, Trade, 6765.731, 173, P00, S12, 1
P00, Trade, 6767.635, 174, P00, B23, 1
P00, Trade, 6768.808, 173, P00, S10, 1
P00, Trade, 6778.192, 175, P00, B22, 1
P00, Trade, 6783.269, 173, P00, S04, 1
P00, Trade, 6789.269, 178, P00, B01, 1
P00, Trade, 6791.904, 175, P00, S22, 1
P00, Trade, 6796.827, 176, P00, B23, 1
P00, Trade, 6798.673, 177, P00, S21, 1
P00, Trade, 6811.808, 172, P00, B08, 1
P00, Trade, 6814.596, 170, P00, S11, 1
P00, Trade, 6819.192, 163, P00, B11, 1
P00, Trade, 6827.577, 166, P00, S05, 1
P00, Trade, 6829.135, 165, P00, B09, 1
P00, Trade, 6835.481, 169, P00, S09, 1
P00, Trade, 6837.692, 170, P00, B13, 1
P00, Trade, 6843.308, 174, P00, S13, 1
P00, Trade, 6847.135, 173, P00, B20, 1
P00, Trade, 6854.327, 173, P00, S16, 1
P00, Trade, 6866.346, 176, P00, B00, 1
P00, Trade, 6878.654, 172, P00, S14, 1
P00, Trade, 6883.269, 175, P00, B16, 1
P00, Trade, 6894.096, 170, P00, S00, 1
P00, Trade, 6895.308, 176, P00, B24, 1
P00, Trade, 6903.173, 179, P00, S11, 1
P00, Trade, 6908.192, 179, P00, B16, 1
P00, Trade, 6914.269, 172, P00, S24, 1
P00, Trade, 6920.423, 170, P00, B08, 1
P00, Trade, 6925.865, 168, P00, S14, 1
P00, Trade, 6927.327, 173, P00, B22, 1
P00, Trade, 6930.577, 174, P00, S12, 1
P00, Trade, 6932.769, 174, P00, B15, 1
P00, Trade, 6939.404, 178, P00, S17, 1
P00, Trade, 6943.462, 177, P00, B04, 1
P00, Trade, 6948.731, 173, P00, S15, 1
P00, Trade, 6954.365, 167, P00, B24, 1
P00, Trade, 6960.788, 165, P00, S07, 1
P00, Trade, 6962.038, 168, B05, P00, 1
P00, Trade, 6969.788, 174, P00, S04, 1
P00, Trade, 6972.942, 171, P00, B24, 1
P00, Trade, 6978.481, 169, P00, S22, 1
P00, Trade, 6986.173, 170, P00, B00, 1
P00, Trade, 6991.904, 167, P00, S15, 1
P00, Trade, 6995.673, 172, P00, B08, 1
P00, Trade, 7005.462, 172, P00, S11, 1
P00, Trade, 7008.269, 172, P00, B20, 1
P00, Trade, 7016.596, 170, P00, S17, 1
P00, Trade, 7022.192, 176, P00, B20, 1
P00, Trade, 7027.923, 167, P00, S03, 1
P00, Trade, 7030.462, 170, P00, B12, 1
P00, Trade, 7040.135, 169, P00, S15, 1
P00, Trade, 7042.808, 173, P00, B10, 1
P00, Trade, 7050.212, 172, P00, S11, 1
P00, Trade, 7052.346, 175, P00, B03, 1
P00, Trade, 7063.019, 195, P00, S13, 1
P00, Trade, 7074.654, 170, P00, B01, 1
P00, Trade, 7077.346, 169, P00, S10, 1
P00, Trade, 7084.346, 166, P00, B23, 1
P00, Trade, 7085.788, 166, P00, S13, 1
P00, Trade, 7087.673, 168, P00, B24, 1
P00, Trade, 7088.038, 174, P00, S06, 1
P00, Trade, 7094.038, 177, P00, B13, 1
P00, Trade, 7097.212, 174, P00, S10, 1
P00, Trade, 7099.385, 175, P00, B15, 1
P00, Trade, 7101.365, 173, P00, S19, 1
P00, Trade, 7108.269, 176, P00, B19, 1
P00, Trade, 7114.192, 169, P00, S04, 1
P00, Trade, 7119.269, 173, P00, B08, 1
P00, Trade, 7123.154, 171, P00, S07, 1
P00, Trade, 7126.942, 170, P00, B16, 1
P00, Trade, 7127.712, 164, P00, S03, 1
P00, Trade, 7139.769, 174, P00, B20, 1
P00, Trade, 7142.942, 173, P00, S10, 1
P00, Trade, 7144.577, 174, P00, B01, 1
P00, Trade, 7147.731, 172, P00, S02, 1
P00, Trade, 7161.385, 175, P00, B08, 1
P00, Trade, 7170.481, 168, P00, S01, 1
P00, Trade, 7172.481, 170, P00, B15, 1
P00, Trade, 7175.327, 169, P00, S01, 1
P00, Trade, 7180.096, 168, P00, B22, 1
P00, Trade, 7187.212, 175, P00, S13, 1
P00, Trade, 7192.192, 175, P00, B01, 1
P00, Trade, 7197.385, 171, P00, S09, 1
P00, Trade, 7199.962, 178, P00, B10, 1
P00, Trade, 7205.115, 172, P00, S10, 1
P00, Trade, 7207.769, 173, P00, B08, 1
P00, Trade, 7213.538, 172, P00, S05, 1
P00, Trade, 7216.288, 173, P00, B23, 1
P00, Trade, 7218.673, 170, P00, S08, 1
P00, Trade, 7225.558, 172, P00, B01, 1
P00, Trade, 7230.462, 173, P00, S15, 1
P00, Trade, 7236.231, 169, P00, B08, 1
P00, Trade, 7237.519, 164, P00, S04, 1
P00, Trade, 7242.481, 169, P00, B01, 1
P00, Trade, 7244.596, 169, P00, S17, 1
P00, Trade, 7246.404, 171, P00, B10, 1
P00, Trade, 7250.231, 170, P00, S08, 1
P00, Trade, 7254.192, 172, P00, B18, 1
P00, Trade, 7262.596, 177, P00, S23, 1
P00, Trade, 7269.904, 170, P00, B21, 1
P00, Trade, 7272.558, 169, P00, S13, 1
P00, Trade, 7278.346, 173, P00, B11, 1
P00, Trade, 7283.962, 171, P00, S10, 1
P00, Trade, 7289.077, 172, P00, B17, 1
P00, Trade, 7295.365, 168, P00, S04, 1
P00, Trade, 7299.442, 172, P00, B09, 1
P00, Trade, 7301.365, 172, P00, S14, 1
P00, Trade, 7303.654, 180, P00, B13, 1
P00, Trade, 7305.692, 172, P00, S10, 1
P00, Trade, 7312.038, 168, P00, B20, 1
P00, Trade, 7313.538, 168, P00, S09, 1
P00, Trade, 7321.212, 168, P00, B19, 1
P00, Trade, 7324.154, 165, P00, S15, 1
P00, Trade, 7329.173, 165, P00, B17, 1
P00, Trade, 7334.019, 169, P00, S08, 1
P00, Trade, 7337.962, 171, P00, B08, 1
P00, Trade, 7341.154, 172, P00, S00, 1
P00, Trade, 7342.365, 171, P00, B03, 1
P00, Trade, 7348.846, 172, P00, S00, 1
P00, Trade, 7361.712, 173, P00, B12, 1
P00, Trade, 7369.231, 175, P00, S16, 1
P00, Trade, 7371.731, 176, P00, B16, 1
P00, Trade, 7374.577, 173, P00, S00, 1
P00, Trade, 7383.942, 175, P00, B09, 1
P00, Trade, 7385.981, 174, P00, S06, 1
P00, Trade, 7393.000, 172, P00, B22, 1
P00, Trade, 7394.673, 168, P00, S10, 1
P00, Trade, 7395.654, 171, P00, B13, 1
P00, Trade, 7398.558, 167, P00, S15, 1
P00, Trade, 7407.346, 166, P00, B20, 1
P00, Trade, 7414.981, 169, P00, S16, 1
P00, Trade, 7419.423, 173, P00, B07, 1
P00, Trade, 7420.615, 176, P00, S14, 1
P00, Trade, 7423.750, 177, P00, B04, 1
P00, Trade, 7429.519, 177, P00, S10, 1
P00, Trade, 7435.308, 178, P00, B08, 1
P00, Trade, 7437.596, 173, P00, S13, 1
P00, Trade, 7441.154, 174, P00, B24, 1
P00, Trade, 7449.558, 171, P00, S16, 1
P00, Trade, 7459.423, 171, P00, B23, 1
P00, Trade, 7464.500, 169, P00, S09, 1
P00, Trade, 7475.500, 174, P00, B12, 1
P00, Trade, 7477.962, 165, P00, S22, 1
P00, Trade, 7485.250, 175, P00, B05, 1
P00, Trade, 7490.404, 172, P00, S00, 1
P00, Trade, 7494.769, 172, P00, B17, 1
P00, Trade, 7496.423, 171, P00, S18, 1
P00, Trade, 7499.269, 174, P00, B16, 1
P00, Trade, 7502.038, 170, P00, S10, 1
P00, Trade, 7505.000, 170, P00, B09, 1
P00, Trade, 7510.404, 175, P00, S15, 1
P00, Trade, 7519.192, 169, P00, B02, 1
P00, Trade, 7522.788, 167, P00, S20, 1
P00, Trade, 7527.731, 168, P00, B07, 1
P00, Trade, 7537.404, 175, P00, S19, 1
P00, Trade, 7551.865, 168, P00, B11, 1
P00, Trade, 7556.731, 168, P00, S19, 1
P00, Trade, 7561.904, 172, P00, B12, 1
P00, Trade, 7573.269, 172, P00, S01, 1
P00, Trade, 7576.058, 173, P00, B09, 1
P00, Trade, 7582.115, 166, P00, S05, 1
P00, Trade, 7585.154, 169, P00, B05, 1
P00, Trade, 7588.673, 172, P00, S07, 1
P00, Trade, 7597.135, 174, P00, B20, 1
P00, Trade, 7603.077, 178, P00, S19, 1
P00, Trade, 7612.019, 175, P00, B07, 1
P00, Trade, 7614.154, 173, P00, S05, 1
P00, Trade, 7615.308, 176, P00, B20, 1
P00, Trade, 7619.019, 172, P00, S15, 1
P00, Trade, 7635.750, 171, P00, B01, 1
P00, Trade, 7638.827, 167, P00, S17, 1
P00, Trade, 7645.808, 174, P00, B17, 1
P00, Trade, 7648.212, 176, P00, S12, 1
P00, Trade, 7649.923, 180, P00, B13, 1
P00, Trade, 7653.731, 176, P00, S11, 1
P00, Trade, 7659.192, 175, P00, B01, 1
P00, Trade, 7663.365, 167, P00, S22, 1
P00, Trade, 7668.923, 168, P00, B09, 1
P00, Trade, 7673.923, 173, P00, S03, 1
P00, Trade, 7681.231, 177, P00, B01, 1
P00, Trade, 7682.538, 174, P00, S13, 1
P00, Trade, 7684.827, 176, P00, B02, 1
P00, Trade, 7693.077, 177, P00, S16, 1
P00, Trade, 7699.673, 168, P00, B01, 1
P00, Trade, 7702.154, 167, P00, S14, 1
P00, Trade, 7705.788, 167, P00, B09, 1
P00, Trade, 7707.308, 162, P00, S22, 1
P00, Trade, 7710.981, 169, P00, B15, 1
P00, Trade, 7717.538, 176, P00, S10, 1
P00, Trade, 7722.885, 175, P00, B01, 1
P00, Trade, 7731.212, 168, P00, S03, 1
P00, Trade, 7733.385, 173, P00, B22, 1
P00, Trade, 7735.788, 172, P00, S06, 1
P00, Trade, 7737.981, 176, P00, B11, 1
P00, Trade, 7748.077, 175, P00, S09, 1
P00, Trade, 7753.192, 173, P00, B13, 1
P00, Trade, 7754.365, 170, P00, S11, 1
P00, Trade, 7764.442, 174, P00, B14, 1
P00, Trade, 7771.404, 169, P00, S16, 1
P00, Trade, 7781.423, 168, P00, B08, 1
P00, Trade, 7786.327, 168, P00, S02, 1
P00, Trade, 7794.827, 173, P00, B20, 1
P00, Trade, 7799.731, 169, P00, S10, 1
P00, Trade, 7804.115, 173, B21, P00, 1
P00, Trade, 7805.712, 171, P00, S21, 1
P00, Trade, 7811.154, 170, P00, B12, 1
P00, Trade, 7817.538, 171, P00, S07, 1
P00, Trade, 7827.212, 167, P00, B16, 1
P00, Trade, 7831.712, 170, P00, S03, 1
P00, Trade, 7834.962, 173, P00, B03, 1
P00, Trade, 7835.962, 170, P00, S11, 1
P00, Trade, 7840.558, 169, P00, B07, 1
P00, Trade, 7848.712, 173, P00, S17, 1
P00, Trade, 7850.519, 173, P00, B01, 1
P00, Trade, 7859.154, 170, P00, S14, 1
P00, Trade, 7861.058, 171, P00, B13, 1
P00, Trade, 7871.346, 170, P00, S22, 1
P00, Trade, 7875.019, 171, P00, B12, 1
P00, Trade, 7877.808, 170, P00, S10, 1
P00, Trade, 7883.788, 174, P00, B12, 1
P00, Trade, 7893.462, 174, P00, S23, 1
P00, Trade, 7896.981, 175, P00, B13, 1
P00, Trade, 7905.038, 169, P00, S20, 1
P00, Trade, 7910.231, 176, P00, B23, 1
P00, Trade, 7913.750, 171, P00, S15, 1
P00, Trade, 7916.942, 175, P00, B12, 1
P00, Trade, 7925.038, 168, P00, S18, 1
P00, Trade, 7928.442, 174, P00, B16, 1
P00, Trade, 7938.231, 172, P00, S01, 1
P00, Trade, 7945.865, 174, P00, B05, 1
P00, Trade, 7951.154, 172, P00, S12, 1
P00, Trade, 7953.231, 175, P00, B05, 1
P00, Trade, 7954.327, 175, P00, S04, 1
P00, Trade, 7956.058, 177, P00, B08, 1
P00, Trade, 7961.250, 175, P00, S17, 1
P00, Trade, 7970.519, 175, P00, B03, 1
P00, Trade, 7975.654, 170, P00, S10, 1
P00, Trade, 7981.846, 170, P00, B21, 1
P00, Trade, 7985.750, 173, P00, S09, 1
P00, Trade, 7995.558, 168, P00, B13, 1
P00, Trade, 8003.885, 171, P00, S06, 1
P00, Trade, 8006.942, 180, P00, B09, 1
P00, Trade, 8013.231, 168, P00, S07, 1
P00, Trade, 8017.769, 172, P00, B09, 1
P00, Trade, 8022.692, 168, P00, S10, 1
P00, Trade, 8027.942, 173, P00, B01, 1
P00, Trade, 8033.192, 170, P00, S21, 1
P00, Trade, 8047.942, 174, P00, B08, 1
P00, Trade, 8054.423, 168, P00, S02, 1
P00, Trade, 8058.750, 178, P00, B13, 1
P00, Trade, 8061.096, 174, P00, S11, 1
P00, Trade, 8061.269, 176, P00, B09, 1
P00, Trade, 8063.500, 172, P00, S10, 1
P00, Trade, 8071.712, 171, P00, B17, 1
P00, Trade, 8078.096, 168, P00, S20, 1
P00, Trade, 8080.577, 171, P00, B04, 1
P00, Trade, 8084.231, 169, P00, S19, 1
P00, Trade, 8085.808, 173, P00, B20, 1
P00, Trade, 8089.788, 174, P00, S17, 1
P00, Trade, 8090.885, 177, P00, B11, 1
P00, Trade, 8097.500, 171, P00, S01, 1
P00, Trade, 8104.423, 173, P00, B00, 1
P00, Trade, 8111.904, 176, P00, S17, 1
P00, Trade, 8117.519, 176, P00, B09, 1
P00, Trade, 8121.173, 169, P00, S06, 1
P00, Trade, 8126.596, 174, P00, B00, 1
P00, Trade, 8140.712, 174, P00, S02, 1
P00, Trade, 8144.808, 177, P00, B07, 1
P00, Trade, 8146.942, 174, P00, S15, 1
P00, Trade, 8153.269, 166, P00, B23, 1
P00, Trade, 8154.769, 164, P00, S04, 1
P00, Trade, 8166.981, 173, P00, B20, 1
P00, Trade, 8169.827, 171, P00, S07, 1
P00, Trade, 8176.962, 172, P00, B12, 1
P00, Trade, 8180.519, 169, P00, S17, 1
P00, Trade, 8188.808, 169, P00, B09, 1
P00, Trade, 8191.346, 166, P00, S07, 1
P00, Trade, 8194.558, 169, P00, B22, 1
P00, Trade, 8196.692, 169, P00, S01, 1
P00, Trade, 8198.577, 174, P00, B09, 1
P00, Trade, 8206.096, 176, P00, S01, 1
P00, Trade, 8209.442, 176, P00, B21, 1
P00, Trade, 8212.365, 177, P00, S10, 1
P00, Trade, 8219.827, 173, P00, B22, 1
P00, Trade, 8221.615, 171, P00, S14, 1
P00, Trade, 8228.135, 176, P00, B01, 1
P00, Trade, 8234.481, 173, P00, S00, 1
P00, Trade, 8236.808, 178, P00, B17, 1
P00, Trade, 8240.346, 175, P00, S00, 1
P00, Trade, 8247.212, 177, P00, B08, 1
P00, Trade, 8250.519, 174, P00, S02, 1
P00, Trade, 8256.865, 175, P00, B00, 1
P00, Trade, 8264.500, 166, P00, S15, 1
P00, Trade, 8267.885, 177, P00, B03, 1
P00, Trade, 8272.962, 177, P00, S15, 1
P00, Trade, 8300.269, 171, P00, B00, 1
P00, Trade, 8303.192, 169, P00, S15, 1
P00, Trade, 8308.635, 173, P00, B08, 1
P00, Trade, 8316.481, 169, P00, S10, 1
P00, Trade, 8319.404, 170, P00, B04, 1
P00, Trade, 8322.596, 170, P00, S04, 1
P00, Trade, 8328.788, 168, P00, B09, 1
P00, Trade, 8341.269, 166, P00, S17, 1
P00, Trade, 8347.231, 169, P00, B11, 1
P00, Trade, 8351.596, 171, P00, S23, 1
P00, Trade, 8357.731, 173, P00, B06, 1
P00, Trade, 8361.827, 169, P00, S13, 1
P00, Trade, 8367.712, 175, P00, B11, 1
P00, Trade, 8374.596, 169, P00, S20, 1
P00, Trade, 8377.442, 170, P00, B17, 1
P00, Trade, 8381.750, 164, P00, S03, 1
P00, Trade, 8387.481, 170, P00, B24, 1
P00, Trade, 8392.712, 168, P00, S22, 1
P00, Trade, 8396.577, 168, P00, B21, 1
P00, Trade, 8403.654, 172, P00, S10, 1
P00, Trade, 8408.038, 172, P00, B08, 1
P00, Trade, 8412.962, 172, P00, S09, 1
P00, Trade, 8413.635, 177, P00, B22, 1
P00, Trade, 8418.500, 166, P00, S02, 1
P00, Trade, 8422.154, 166, P00, B15, 1
P00, Trade, 8425.231, 169, P00, S10, 1
P00, Trade, 8427.712, 172, P00, B12, 1
P00, Trade, 8431.635, 171, P00, S11, 1
P00, Trade, 8434.327, 172, P00, B20, 1
P00, Trade, 8439.769, 173, P00, S20, 1
P00, Trade, 8445.500, 174, P00, B12, 1
P00, Trade, 8446.538, 172, P00, S09, 1
P00, Trade, 8448.635, 176, P00, B08, 1
P00, Trade, 8451.000, 174, P00, S19, 1
P00, Trade, 8455.038, 178, P00, B02, 1
P00, Trade, 8460.058, 175, P00, S17, 1
P00, Trade, 8464.885, 179, P00, B12, 1
P00, Trade, 8468.596, 172, P00, S07, 1
P00, Trade, 8473.923, 173, P00, B08, 1
P00, Trade, 8479.173, 175, P00, S18, 1
P00, Trade, 8482.846, 179, P00, B13, 1
P00, Trade, 8487.019, 178, P00, S03, 1
P00, Trade, 8491.577, 181, P00, B16, 1
P00, Trade, 8498.538, 170, P00, S08, 1
P00, Trade, 8501.923, 174, P00, B01, 1
P00, Trade, 8506.058, 179, P00, S21, 1
P00, Trade, 8514.019, 174, P00, B01, 1
P00, Trade, 8516.308, 172, P00, S01, 1
P00, Trade, 8525.923, 173, P00, B23, 1
P00, Trade, 8527.404, 171, P00, S12, 1
P00, Trade, 8530.442, 170, P00, B12, 1
P00, Trade, 8535.442, 168, P00, S00, 1
P00, Trade, 8539.308, 172, P00, B13, 1
P00, Trade, 8543.635, 170, P00, S18, 1
P00, Trade, 8545.231, 175, P00, B17, 1
P00, Trade, 8547.250, 175, P00, S16, 1
P00, Trade, 8550.212, 174, P00, B08, 1
P00, Trade, 8555.808, 175, P00, S14, 1
P00, Trade, 8563.096, 171, P00, B09, 1
P00, Trade, 8578.404, 173, P00, S02, 1
P00, Trade, 8582.481, 173, P00, B11, 1
P00, Trade, 8586.923, 169, P00, S09, 1
P00, Trade, 8591.577, 171, P00, B13, 1
P00, Trade, 8592.712, 170, P00, S14, 1
P00, Trade, 8597.019, 175, P00, B22, 1
P00, Trade, 8605.385, 175, P00, S02, 1
P00, Trade, 8612.038, 176, P00, B09, 1
P00, Trade, 8619.077, 170, P00, S09, 1
P00, Trade, 8623.673, 172, P00, B10, 1
P00, Trade, 8634.923, 171, P00, S03, 1
P00, Trade, 8638.327, 175, P00, B17, 1
P00, Trade, 8641.288, 177, P00, S06, 1
P00, Trade, 8644.635, 176, P00, B16, 1
P00, Trade, 8651.173, 166, P00, S01, 1
P00, Trade, 8655.615, 170, P00, B21, 1
P00, Trade, 8658.481, 168, P00, S11, 1
P00, Trade, 8664.019, 171, P00, B16, 1
P00, Trade, 8668.327, 175, P00, S01, 1
P00, Trade, 8675.788, 175, P00, B04, 1
P00, Trade, 8681.615, 174, P00, S13, 1
P00, Trade, 8688.519, 172, P00, B18, 1
P00, Trade, 8689.865, 172, P00, S06, 1
P00, Trade, 8695.212, 176, P00, B19, 1
P00, Trade, 8697.000, 174, P00, S02, 1
P00, Trade, 8701.962, 176, P00, B08, 1
P00, Trade, 8704.019, 171, P00, S21, 1
P00, Trade, 8712.019, 170, P00, B13, 1
P00, Trade, 8716.404, 170, P00, S21, 1
P00, Trade, 8719.712, 172, P00, B07, 1
P00, Trade, 8726.404, 172, P00, S13, 1
P00, Trade, 8729.346, 174, P00, B00, 1
P00, Trade, 8730.846, 172, P00, S09, 1
P00, Trade, 8736.288, 169, P00, B22, 1
P00, Trade, 8741.154, 166, P00, S09, 1
P00, Trade, 8744.404, 174, P00, B07, 1
P00, Trade, 8751.673, 165, P00, S21, 1
P00, Trade, 8752.808, 172, P00, B11, 1
P00, Trade, 8756.769, 167, P00, S00, 1
P00, Trade, 8762.096, 176, P00, B11, 1
P00, Trade, 8766.942, 174, P00, S04, 1
P00, Trade, 8770.962, 175, P00, B24, 1
P00, Trade, 8773.423, 162, P00, S20, 1
P00, Trade, 8778.173, 173, P00, B05, 1
P00, Trade, 8783.404, 172, P00, S01, 1
P00, Trade, 8785.038, 176, P00, B09, 1
P00, Trade, 8790.346, 169, P00, S22, 1
P00, Trade, 8797.615, 173, P00, B13, 1
P00, Trade, 8802.173, 168, P00, S19, 1
P00, Trade, 8805.038, 172, P00, B24, 1
P00, Trade, 8812.635, 169, P00, S24, 1
P00, Trade, 8815.442, 174, P00, B21, 1
P00, Trade, 8819.904, 172, P00, S17, 1
P00, Trade, 8821.808, 177, P00, B07, 1
P00, Trade, 8825.423, 187, P00, S19, 1
P00, Trade, 8835.538, 172, P00, B11, 1
P00, Trade, 8839.942, 174, P00, P01, 1
P00, Trade, 8842.673, 176, P00, B24, 1
P00, Trade, 8848.731, 174, P00, S17, 1
P00, Trade, 8853.096, 173, P00, B12, 1
P00, Trade, 8858.500, 175, P00, S19, 1
P00, Trade, 8861.096, 176, P00, B15, 1
P00, Trade, 8863.058, 171, P00, S02, 1
P00, Trade, 8869.135, 169, P00, B01, 1
P00, Trade, 8871.135, 173, P00, S02, 1
P00, Trade, 8875.058, 173, P00, B02, 1
P00, Trade, 8884.577, 167, P00, S21, 1
P00, Trade, 8885.846, 173, P00, B09, 1
P00, Trade, 8889.231, 171, P00, S10, 1
P00, Trade, 8890.519, 180, P00, B03, 1
P00, Trade, 8896.250, 173, P00, S02, 1
P00, Trade, 8898.212, 174, P00, B24, 1
P00, Trade, 8900.769, 172, P00, S22, 1
P00, Trade, 8903.654, 172, P00, B18, 1
P00, Trade, 8905.942, 172, P00, S17, 1
P00, Trade, 8914.731, 175, P00, B10, 1
P00, Trade, 8920.577, 172, P00, S22, 1
P00, Trade, 8923.962, 174, P00, B22, 1
P00, Trade, 8928.712, 173, P00, S10, 1
P00, Trade, 8933.808, 173, P00, B11, 1
P00, Trade, 8943.423, 177, P00, S07, 1
P00, Trade, 8950.942, 174, P00, B18, 1
P00, Trade, 8952.538, 171, P00, S06, 1
P00, Trade, 8960.365, 170, P00, B07, 1
P00, Trade, 8963.365, 172, P00, S17, 1
P00, Trade, 8965.308, 179, P00, B11, 1
P00, Trade, 8968.904, 176, P00, S07, 1
P00, Trade, 8973.981, 169, P00, B08, 1
P00, Trade, 8974.885, 167, P00, S18, 1
P00, Trade, 8977.327, 169, P00, B18, 1
P00, Trade, 8979.712, 166, P00, S02, 1
P00, Trade, 8981.692, 168, P00, B01, 1
P00, Trade, 8989.596, 177, P00, S01, 1
P00, Trade, 8993.231, 179, P00, B08, 1
P00, Trade, 8997.115, 171, P00, S10, 1
P00, Trade, 9002.269, 175, P00, B12, 1
P00, Trade, 9004.750, 172, P00, S14, 1
P00, Trade, 9006.769, 173, P00, B20, 1
P00, Trade, 9015.231, 175, P00, S18, 1
P00, Trade, 9027.692, 171, P00, B12, 1
P00, Trade, 9031.192, 163, P00, S19, 1
P00, Trade, 9036.000, 169, P00, B20, 1
P00, Trade, 9044.962, 170, P00, S17, 1
P00, Trade, 9048.288, 178, P00, B14, 1
P00, Trade, 9052.385, 173, P00, S13, 1
P00, Trade, 9057.577, 174, P00, B03, 1
P00, Trade, 9060.904, 165, P00, S22, 1
P00, Trade, 9070.442, 172, P00, B24, 1
P00, Trade, 9080.346, 173, P00, S15, 1
P00, Trade, 9086.212, 170, P00, B02, 1
P00, Trade, 9091.981, 173, P00, S14, 1
P00, Trade, 9102.904, 175, P00, B05, 1
P00, Trade, 9109.577, 171, P00, S24, 1
P00, Trade, 9111.731, 170, P00, B00, 1
P00, Trade, 9114.808, 169, P00, S21, 1
P00, Trade, 9116.712, 174, P00, B14, 1
P00, Trade, 9119.173, 174, P00, S01, 1
P00, Trade, 9120.481, 174, P00, B11, 1
P00, Trade, 9127.481, 171, P00, S03, 1
P00, Trade, 9129.442, 179, P00, B23, 1
P00, Trade, 9134.000, 178, P00, S18, 1
P00, Trade, 9145.827, 168, P00, B12, 1
P00, Trade, 9155.346, 172, P00, S20, 1
P00, Trade, 9159.962, 173, P00, B08, 1
P00, Trade, 9164.077, 175, P00, S06, 1
P00, Trade, 9170.712, 174, P00, B20, 1
P00, Trade, 9176.981, 173, P00, S15, 1
P00, Trade, 9185.962, 171, P00, B09, 1
P00, Trade, 9194.192, 173, P00, S14, 1
P00, Trade, 9201.673, 174, P00, B21, 1
P00, Trade, 9205.327, 174, P00, S17, 1
P00, Trade, 9215.019, 173, P00, B17, 1
P00, Trade, 9221.231, 177, P00, S02, 1
P00, Trade, 9225.442, 175, P00, B12, 1
P00, Trade, 9231.981, 175, P00, S00, 1
P00, Trade, 9243.346, 173, P00, B16, 1
P00, Trade, 9244.827, 167, P00, S14, 1
P00, Trade, 9246.365, 177, P00, B00, 1
P00, Trade, 9254.423, 174, P00, S03, 1
P00, Trade, 9256.750, 179, P00, B16, 1
P00, Trade, 9261.173, 171, P00, S07, 1
P00, Trade, 9264.981, 172, P00, B11, 1
P00, Trade, 9266.077, 171, P00, S13, 1
P00, Trade, 9271.904, 173, P00, B12, 1
P00, Trade, 9273.808, 168, P00, S08, 1
P00, Trade, 9275.250, 170, P00, B07, 1
P00, Trade, 9275.962, 168, P00, S23, 1
P00, Trade, 9277.885, 169, P00, B06, 1
P00, Trade, 9280.462, 169, P00, S16, 1
P00, Trade, 9284.673, 172, P00, B09, 1
P00, Trade, 9289.635, 174, P00, S19, 1
P00, Trade, 9291.923, 175, P00, B19, 1
P00, Trade, 9299.423, 171, P00, S17, 1
P00, Trade, 9308.558, 171, P00, B12, 1
P00, Trade, 9310.173, 176, P00, S17, 1
P00, Trade, 9318.500, 175, P00, B11, 1
P00, Trade, 9324.615, 170, P00, S00, 1
P00, Trade, 9331.904, 172, P00, B14, 1
P00, Trade, 9335.654, 168, P00, S18, 1
P00, Trade, 9339.115, 174, P00, B08, 1
P00, Trade, 9342.019, 172, P00, S17, 1
P00, Trade, 9346.827, 176, P00, B10, 1
P00, Trade, 9350.135, 175, P00, S21, 1
P00, Trade, 9357.788, 173, P00, B09, 1
P00, Trade, 9359.577, 171, P00, S23, 1
P00, Trade, 9361.000, 177, P00, B17, 1
P00, Trade, 9362.212, 172, P00, S13, 1
P00, Trade, 9364.731, 169, P00, B05, 1
P00, Trade, 9366.712, 170, P00, S08, 1
P00, Trade, 9379.269, 163, P00, B19, 1
P00, Trade, 9386.750, 166, P00, S10, 1
P00, Trade, 9391.692, 167, P00, B22, 1
P00, Trade, 9393.615, 170, P00, S15, 1
P00, Trade, 9396.442, 176, P00, B03, 1
P00, Trade, 9399.808, 174, P00, S10, 1
P00, Trade, 9405.923, 174, P00, B09, 1
P00, Trade, 9410.346, 171, P00, S20, 1
P00, Trade, 9425.981, 170, P00, B08, 1
P00, Trade, 9433.596, 172, P00, S04, 1
P00, Trade, 9437.942, 170, P00, B19, 1
P00, Trade, 9443.115, 167, P00, S04, 1
P00, Trade, 9448.519, 171, P00, B08, 1
P00, Trade, 9452.788, 174, P00, S09, 1
P00, Trade, 9465.077, 166, P00, B02, 1
P00, Trade, 9468.923, 167, P00, S07, 1
P00, Trade, 9478.923, 170, P00, B09, 1
P00, Trade, 9482.269, 170, P00, S14, 1
P00, Trade, 9484.288, 180, P00, B09, 1
P00, Trade, 9488.135, 177, P00, S19, 1
P00, Trade, 9493.615, 175, P00, B12, 1
P00, Trade, 9495.019, 175, P00, S00, 1
P00, Trade, 9500.096, 175, P00, B13, 1
P00, Trade, 9503.269, 175, P00, S10, 1
P00, Trade, 9513.788, 176, P00, B24, 1
P00, Trade, 9514.481, 172, P00, S00, 1
P00, Trade, 9525.904, 171, P00, B14, 1
P00, Trade, 9528.558, 171, P00, S16, 1
P00, Trade, 9534.558, 174, P00, B00, 1
P00, Trade, 9537.000, 170, P00, S12, 1
P00, Trade, 9541.654, 173, P00, B07, 1
P00, Trade, 9547.308, 167, P00, S15, 1
P00, Trade, 9550.769, 172, P00, B04, 1
P00, Trade, 9554.962, 172, P00, S08, 1
P00, Trade, 9558.462, 174, P00, B19, 1
P00, Trade, 9560.731, 171, P00, S17, 1
P00, Trade, 9569.481, 171, P00, B19, 1
P00, Trade, 9577.058, 172, P00, S11, 1
P00, Trade, 9587.250, 169, P00, B02, 1
P00, Trade, 9591.250, 168, P00, S14, 1
P00, Trade, 9595.212, 170, P00, B16, 1
P00, Trade, 9601.442, 168, P00, S22, 1
P00, Trade, 9605.327, 170, P00, B06, 1
P00, Trade, 9609.808, 174, P00, S24, 1
P00, Trade, 9610.827, 174, P00, B00, 1
P00, Trade, 9615.019, 174, P00, S15, 1
P00, Trade, 9619.058, 174, P00, B15, 1
P00, Trade, 9624.942, 169, P00, S15, 1
P00, Trade, 9630.404, 171, P00, B10, 1
P00, Trade, 9636.442, 167, P00, S11, 1
P00, Trade, 9643.942, 172, P00, B02, 1
P00, Trade, 9648.788, 173, P00, S22, 1
P00, Trade, 9652.808, 174, P00, B10, 1
P00, Trade, 9656.904, 162, P00, S17, 1
P00, Trade, 9658.442, 168, P00, B12, 1
P00, Trade, 9663.288, 170, P00, S13, 1
P00, Trade, 9668.635, 172, P00, B20, 1
P00, Trade, 9673.192, 177, P00, S04, 1
P00, Trade, 9674.327, 178, P00, B20, 1
P00, Trade, 9676.538, 175, P00, S22, 1
P00, Trade, 9679.981, 173, P00, B19, 1
P00, Trade, 9681.404, 168, P00, S17, 1
P00, Trade, 9682.885, 169, P00, B16, 1
P00, Trade, 9686.692, 165, P00, S05, 1
P00, Trade, 9687.808, 166, P00, B07, 1
P00, Trade, 9695.615, 167, P00, S09, 1
P00, Trade, 9698.923, 173, P00, B10, 1
P00, Trade, 9706.019, 167, P00, S20, 1
P00, Trade, 9710.231, 172, P00, B08, 1
P00, Trade, 9717.135, 172, P00, S14, 1
P00, Trade, 9723.558, 174, P00, B16, 1
P00, Trade, 9724.423, 171, P00, S13, 1
P00, Trade, 9727.635, 178, P00, B01, 1
P00, Trade, 9731.481, 175, P00, S11, 1
P00, Trade, 9743.596, 176, P00, B23, 1
P00, Trade, 9745.712, 167, P00, S20, 1
P00, Trade, 9749.462, 172, P00, B04, 1
P00, Trade, 9751.481, 172, P00, S22, 1
P00, Trade, 9754.154, 172, P00, B01, 1
P00, Trade, 9757.635, 170, P00, S01, 1
P00, Trade, 9767.731, 166, P00, B14, 1
P00, Trade, 9780.577, 169, P00, S10, 1
P00, Trade, 9782.904, 170, P00, B04, 1
P00, Trade, 9784.135, 168, P00, S22, 1
P00, Trade, 9791.904, 169, P00, B01, 1
P00, Trade, 9796.519, 165, P00, S10, 1
P00, Trade, 9799.596, 170, P00, B19, 1
P00, Trade, 9806.154, 172, P00, S22, 1
P00, Trade, 9808.519, 173, P00, B08, 1
P00, Trade, 9811.808, 171, P00, S16, 1
P00, Trade, 9820.096, 173, P00, B13, 1
P00, Trade, 9828.558, 169, P00, S02, 1
P00, Trade, 9836.385, 170, P00, B04, 1
P00, Trade, 9843.481, 171, P00, S15, 1
P00, Trade, 9847.077, 170, P00, B09, 1
P00, Trade, 9858.404, 173, P00, S13, 1
P00, Trade, 9864.538, 172, P00, B10, 1
P00, Trade, 9868.904, 167, P00, S09, 1
P00, Trade, 9872.731, 169, P00, B17, 1
P00, Trade, 9881.673, 168, P00, S04, 1
P00, Trade, 9886.308, 170, P00, B05, 1
P00, Trade, 9888.788, 169, P00, S02, 1
P00, Trade, 9889.712, 171, P00, B09, 1
P00, Trade, 9891.904, 167, P00, S07, 1
P00, Trade, 9902.615, 166, P00, B20, 1
P00, Trade, 9909.577, 170, P00, S03, 1
P00, Trade, 9919.769, 170, P00, B01, 1
P00, Trade, 9921.115, 163, P00, S03, 1
P00, Trade, 9925.442, 172, P00, B07, 1
P00, Trade, 9936.212, 173, P00, S04, 1
P00, Trade, 9945.558, 171, P00, B04, 1
P00, Trade, 9952.615, 171, P00, S05, 1
P00, Trade, 9958.635, 164, P00, B16, 1
P00, Trade, 9964.077, 164, P00, S10, 1
P00, Trade, 9967.654, 167, P00, B19, 1
P00, Trade, 9970.346, 170, P00, S00, 1
P00, Trade, 9976.288, 168, P00, B05, 1
P00, Trade, 9979.673, 171, P00, S14, 1
P00, Trade, 9987.404, 167, P00, B14, 1
P00, Trade, 9988.519, 164, P00, S22, 1
P00, Trade, 9991.654, 166, P00, B02, 1
P00, Trade, 9993.769, 173, P00, S18, 1
P00, Trade, 9997.288, 171, P00, B20, 1
P00, Trade, 10000.558, 170, P00, S05, 1
P00, Trade, 10003.962, 172, P00, B12, 1
P00, Trade, 10011.077, 170, P00, S10, 1
P00, Trade, 10014.904, 169, P00, B06, 1
P00, Trade, 10016.923, 165, P00, S16, 1
P00, Trade, 10019.865, 171, P00, B00, 1
P00, Trade, 10022.115, 168, P00, S10, 1
P00, Trade, 10024.808, 168, P00, B17, 1
P00, Trade, 10028.712, 167, P00, S09, 1
P00, Trade, 10033.327, 165, P00, B19, 1
P00, Trade, 10043.904, 173, P00, S08, 1
P00, Trade, 10057.885, 165, P00, B14, 1
P00, Trade, 10069.981, 171, P00, S17, 1
P00, Trade, 10074.154, 169, P00, B24, 1
P00, Trade, 10081.577, 169, P00, S04, 1
P00, Trade, 10087.750, 173, P00, B21, 1
P00, Trade, 10091.635, 175, P00, S19, 1
P00, Trade, 10093.327, 176, P00, B17, 1
P00, Trade, 10099.692, 170, P00, S20, 1
P00, Trade, 10104.404, 173, P00, B20, 1
P00, Trade, 10111.308, 170, P00, S08, 1
P00, Trade, 10113.058, 171, P00, B12, 1
P00, Trade, 10115.788, 169, P00, S14, 1
P00, Trade, 10123.615, 172, P00, B07, 1
P00, Trade, 10127.154, 169, P00, S01, 1
P00, Trade, 10130.442, 168, P00, B12, 1
P00, Trade, 10135.019, 169, P00, S00, 1
P00, Trade, 10135.923, 169, P00, B03, 1
P00, Trade, 10137.769, 168, P00, S15, 1
P00, Trade, 10142.750, 168, P00, B16, 1
P00, Trade, 10146.692, 169, P00, S23, 1
P00, Trade, 10148.654, 174, P00, B12, 1
P00, Trade, 10161.442, 165, P00, S20, 1
P00, Trade, 10163.442, 168, P00, B20, 1
P00, Trade, 10171.404, 168, P00, S00, 1
P00, Trade, 10173.519, 172, P00, B23, 1
P00, Trade, 10188.288, 171, P00, S22, 1
P00, Trade, 10192.154, 173, P00, B20, 1
P00, Trade, 10196.269, 169, P00, S03, 1
P00, Trade, 10198.827, 168, P00, B06, 1
P00, Trade, 10201.808, 168, P00, S02, 1
P00, Trade, 10208.615, 167, P00, B05, 1
P00, Trade, 10209.058, 166, P00, S12, 1
P00, Trade, 10214.692, 170, P00, B02, 1
P00, Trade, 10218.096, 164, P00, S11, 1
P00, Trade, 10222.481, 170, P00, B18, 1
P00, Trade, 10225.596, 168, P00, S24, 1
P00, Trade, 10226.692, 172, P00, B09, 1
P00, Trade, 10229.077, 169, P00, S11, 1
P00, Trade, 10232.135, 168, P00, B08, 1
P00, Trade, 10238.808, 168, P00, S17, 1
P00, Trade, 10242.173, 173, P00, B06, 1
P00, Trade, 10243.962, 169, P00, S02, 1
P00, Trade, 10252.923, 170, P00, B21, 1
P00, Trade, 10257.404, 165, P00, S01, 1
P00, Trade, 10260.942, 179, P00, B11, 1
P00, Trade, 10267.269, 167, P00, S17, 1
P00, Trade, 10274.500, 170, P00, B23, 1
P00, Trade, 10276.827, 168, P00, S17, 1
P00, Trade, 10279.365, 167, P00, B09, 1
P00, Trade, 10282.577, 172, P00, S22, 1
P00, Trade, 10284.288, 176, P00, B12, 1
P00, Trade, 10289.173, 174, P00, S00, 1
P00, Trade, 10295.096, 164, P00, B24, 1
P00, Trade, 10295.404, 163, P00, S14, 1
P00, Trade, 10296.442, 164, P00, B07, 1
P00, Trade, 10298.577, 165, P00, S15, 1
P00, Trade, 10300.231, 167, P00, B07, 1
P00, Trade, 10306.404, 169, P00, S12, 1
P00, Trade, 10316.038, 173, P00, B19, 1
P00, Trade, 10324.231, 176, P00, S04, 1
P00, Trade, 10328.212, 173, P00, B19, 1
P00, Trade, 10332.000, 169, P00, S10, 1
P00, Trade, 10334.000, 170, P00, B21, 1
P00, Trade, 10336.635, 168, P00, S17, 1
P00, Trade, 10338.308, 170, P00, B01, 1
P00, Trade, 10341.942, 166, P00, S23, 1
P00, Trade, 10343.769, 169, P00, B06, 1
P00, Trade, 10346.654, 173, P00, S12, 1
P00, Trade, 10348.846, 174, P00, B11, 1
P00, Trade, 10354.673, 165, P00, S18, 1
P00, Trade, 10356.923, 169, P00, B19, 1
P00, Trade, 10362.577, 166, P00, S14, 1
P00, Trade, 10368.269, 170, P00, B08, 1
P00, Trade, 10373.250, 168, P00, S13, 1
P00, Trade, 10381.538, 167, P00, B24, 1
P00, Trade, 10387.519, 169, P00, S18, 1
P00, Trade, 10389.231, 171, P00, B23, 1
P00, Trade, 10395.750, 167, P00, S14, 1
P00, Trade, 10398.173, 173, P00, B07, 1
P00, Trade, 10404.346, 172, S11, P00, 1
P00, Trade, 10409.385, 172, P00, B16, 1
P00, Trade, 10412.596, 169, P00, S06, 1
P00, Trade, 10414.981, 173, P00, B01, 1
P00, Trade, 10416.058, 169, P00, S00, 1
P00, Trade, 10420.942, 166, P00, B01, 1
P00, Trade, 10422.654, 164, P00, S23, 1
P00, Trade, 10424.058, 167, P00, B13, 1
P00, Trade, 10426.981, 166, P00, S07, 1
P00, Trade, 10427.923, 172, P00, B22, 1
P00, Trade, 10434.250, 173, P00, S09, 1
P00, Trade, 10438.692, 173, P00, B07, 1
P00, Trade, 10441.000, 170, P00, S02, 1
P00, Trade, 10455.231, 165, P00, B08, 1
P00, Trade, 10464.500, 176, P00, S24, 1
P00, Trade, 10468.538, 177, P00, B09, 1
P00, Trade, 10470.404, 177, P00, S24, 1
P00, Trade, 10475.942, 169, P00, B17, 1
P00, Trade, 10479.192, 163, P00, S17, 1
P00, Trade, 10481.904, 166, P00, B08, 1
P00, Trade, 10485.904, 163, P00, S01, 1
P00, Trade, 10488.615, 168, P00, B20, 1
P00, Trade, 10495.173, 165, P00, S12, 1
P00, Trade, 10497.288, 172, P00, B23, 1
P00, Trade, 10504.250, 174, P00, S06, 1
P00, Trade, 10512.538, 173, P00, B17, 1
P00, Trade, 10514.769, 166, P00, S01, 1
P00, Trade, 10521.885, 161, P00, B16, 1
P00, Trade, 10530.577, 170, P00, S18, 1
P00, Trade, 10533.096, 176, P00, B24, 1
P00, Trade, 10542.096, 172, P00, S06, 1
P00, Trade, 10547.135, 174, P00, B17, 1
P00, Trade, 10552.000, 171, P00, S16, 1
P00, Trade, 10553.769, 169, P00, B15, 1
P00, Trade, 10560.923, 167, P00, S15, 1
P00, Trade, 10565.019, 169, P00, B17, 1
P00, Trade, 10567.577, 171, P00, S00, 1
P00, Trade, 10571.885, 172, P00, B01, 1
P00, Trade, 10575.827, 170, P00, S04, 1
P00, Trade, 10579.731, 173, P00, B11, 1
P00, Trade, 10586.596, 166, P00, S00, 1
P00, Trade, 10588.288, 169, B21, P00, 1
P00, Trade, 10591.038, 170, P00, S04, 1
P00, Trade, 10599.962, 166, P00, B22, 1
P00, Trade, 10607.000, 164, P00, S20, 1
P00, Trade, 10608.654, 168, P00, B18, 1
P00, Trade, 10610.808, 162, P00, S09, 1
P00, Trade, 10612.538, 165, P00, B10, 1
P00, Trade, 10620.808, 174, P00, S17, 1
P00, Trade, 10627.365, 174, P00, B01, 1
P00, Trade, 10633.712, 173, P00, S17, 1
P00, Trade, 10643.269, 164, P00, B12, 1
P00, Trade, 10646.962, 168, P00, S14, 1
P00, Trade, 10649.058, 173, P00, B12, 1
P00, Trade, 10652.635, 169, P00, S15, 1
P00, Trade, 10656.750, 176, P00, B16, 1
P00, Trade, 10662.712, 168, P00, S17, 1
P00, Trade, 10667.346, 175, B21, P00, 1
P00, Trade, 10670.654, 172, P00, S18, 1
P00, Trade, 10675.346, 175, P00, B14, 1
P00, Trade, 10679.231, 171, P00, S00, 1
P00, Trade, 10683.981, 172, P00, B01, 1
P00, Trade, 10687.731, 166, P00, S10, 1
P00, Trade, 10691.192, 170, P00, B09, 1
P00, Trade, 10697.654, 170, P00, S22, 1
P00, Trade, 10699.962, 173, P00, B09, 1
P00, Trade, 10703.558, 167, P00, S07, 1
P00, Trade, 10706.327, 167, P00, B10, 1
P00, Trade, 10708.923, 167, P00, S01, 1
P00, Trade, 10714.077, 169, P00, B16, 1
P00, Trade, 10720.962, 171, P00, S06, 1
P00, Trade, 10722.962, 172, P00, B09, 1
P00, Trade, 10727.692, 171, P00, S01, 1
P00, Trade, 10735.442, 172, P00, B21, 1
P00, Trade, 10740.481, 168, P00, S18, 1
P00, Trade, 10745.769, 175, P00, B08, 1
P00, Trade, 10747.635, 171, P00, S20, 1
P00, Trade, 10750.327, 176, P00, B23, 1
P00, Trade, 10754.596, 169, P00, S06, 1
P00, Trade, 10761.654, 170, P00, B01, 1
P00, Trade, 10766.135, 169, P00, S00, 1
P00, Trade, 10770.288, 169, P00, B08, 1
P00, Trade, 10777.077, 168, P00, S10, 1
P00, Trade, 10781.904, 173, P00, B12, 1
P00, Trade, 10784.769, 171, P00, S06, 1
P00, Trade, 10790.865, 177, P00, B16, 1
P00, Trade, 10799.865, 166, P00, S09, 1
P00, Trade, 10800.750, 167, P00, B14, 1
P00, Trade, 10812.635, 168, P00, S05, 1
P00, Trade, 10820.500, 168, P00, B13, 1
P00, Trade, 10826.346, 168, P00, S05, 1
P00, Trade, 10829.788, 169, P00, B05, 1
P00, Trade, 10832.038, 169, P00, S20, 1
P00, Trade, 10839.096, 170, P00, B02, 1
P00, Trade, 10843.135, 170, S16, P00, 1
P00, Trade, 10846.827, 174, P00, B13, 1
P00, Trade, 10855.577, 174, P00, S18, 1
P00, Trade, 10859.731, 173, P00, B22, 1
P00, Trade, 10865.942, 169, P00, S10, 1
P00, Trade, 10870.712, 163, P00, B07, 1
P00, Trade, 10878.192, 173, P00, S24, 1
P00, Trade, 10886.615, 171, P00, B17, 1
P00, Trade, 10890.058, 168, P00, S14, 1
P00, Trade, 10893.346, 168, P00, B12, 1
P00, Trade, 10903.115, 163, P00, S00, 1
P00, Trade, 10904.442, 166, P00, B20, 1
P00, Trade, 10911.481, 170, P00, S16, 1
P00, Trade, 10914.635, 169, P00, B01, 1
P00, Trade, 10918.346, 172, P00, S04, 1
P00, Trade, 10928.192, 167, P00, B12, 1
P00, Trade, 10930.769, 168, P00, S04, 1
P00, Trade, 10935.077, 168, P00, B15, 1
P00, Trade, 10937.462, 167, P00, S20, 1
P00, Trade, 10939.750, 173, P00, B10, 1
P00, Trade, 10940.923, 170, P00, S15, 1
P00, Trade, 10946.000, 180, P00, B23, 1
P00, Trade, 10950.923, 171, P00, S06, 1
P00, Trade, 10956.000, 171, P00, B12, 1
P00, Trade, 10963.500, 168, P00, S18, 1
P00, Trade, 10968.904, 169, P00, B09, 1
P00, Trade, 10970.673, 166, P00, S01, 1
P00, Trade, 10985.731, 166, P00, B04, 1
P00, Trade, 10988.000, 166, P00, S19, 1
P00, Trade, 10995.423, 171, P00, B10, 1
P00, Trade, 11004.654, 170, P00, S12, 1
P00, Trade, 11008.058, 172, P00, B08, 1
P00, Trade, 11015.981, 165, P00, S09, 1
P00, Trade, 11017.192, 166, P00, B15, 1
P00, Trade, 11028.154, 174, P00, S14, 1
P00, Trade, 11029.673, 175, P00, B12, 1
P00, Trade, 11037.712, 169, P00, S17, 1
P00, Trade, 11042.500, 169, P00, B19, 1
P00, Trade, 11048.942, 166, P00, S17, 1
P00, Trade, 11051.712, 169, P00, B06, 1
P00, Trade, 11052.654, 168, P00, S24, 1
P00, Trade, 11055.423, 170, P00, B16, 1
P00, Trade, 11059.481, 172, P00, S04, 1
P00, Trade, 11060.673, 173, P00, B09, 1
P00, Trade, 11061.769, 169, P00, S11, 1
P00, Trade, 11065.288, 168, P00, B09, 1
P00, Trade, 11071.308, 174, P00, S04, 1
P00, Trade, 11075.962, 173, P00, B20, 1
P00, Trade, 11083.077, 173, P00, S16, 1
P00, Trade, 11087.712, 176, P00, B01, 1
P00, Trade, 11095.865, 171, P00, S03, 1
P00, Trade, 11104.769, 177, P00, B21, 1
P00, Trade, 11106.269, 175, P00, S01, 1
P00, Trade, 11128.404, 169, B09, P00, 1
P00, Trade, 11133.365, 168, P00, S20, 1
P00, Trade, 11137.500, 174, P00, B24, 1
P00, Trade, 11151.558, 174, P00, S21, 1
P00, Trade, 11153.596, 179, P00, B05, 1
P00, Trade, 11161.673, 168, P00, S08, 1
P00, Trade, 11166.827, 167, P00, B20, 1
P00, Trade, 11172.327, 171, P00, S15, 1
P00, Trade, 11175.750, 177, P00, B22, 1
P00, Trade, 11182.212, 175, P00, S03, 1
P00, Trade, 11187.615, 174, P00, B17, 1
P00, Trade, 11194.269, 175, P00, S01, 1
P00, Trade, 11203.731, 173, P00, B02, 1
P00, Trade, 11206.173, 173, P00, S24, 1
P00, Trade, 11215.212, 168, P00, B16, 1
P00, Trade, 11224.365, 171, P00, S18, 1
P00, Trade, 11226.173, 170, P00, B13, 1
P00, Trade, 11229.135, 170, P00, S21, 1
P00, Trade, 11235.827, 173, P00, B16, 1
P00, Trade, 11240.519, 169, P00, S18, 1
P00, Trade, 11242.808, 175, P00, B20, 1
P00, Trade, 11255.462, 168, P00, S06, 1
P00, Trade, 11262.308, 171, P00, B01, 1
P00, Trade, 11267.462, 166, P00, S17, 1
P00, Trade, 11271.808, 167, P00, B12, 1
P00, Trade, 11277.731, 164, P00, S10, 1
P00, Trade, 11279.192, 174, P00, B01, 1
P00, Trade, 11284.500, 172, P00, S13, 1
P00, Trade, 11293.423, 167, P00, B24, 1
P00, Trade, 11297.596, 174, P00, S24, 1
P00, Trade, 11299.654, 175, P00, B12, 1
P00, Trade, 11307.365, 167, P00, S00, 1
P00, Trade, 11309.096, 173, P00, B11, 1
P00, Trade, 11313.365, 170, P00, S10, 1
P00, Trade, 11314.885, 172, P00, B08, 1
P00, Trade, 11325.058, 170, P00, S01, 1
P00, Trade, 11328.462, 171, P00, B02, 1
P00, Trade, 11331.500, 168, P00, S10, 1
P00, Trade, 11334.231, 171, P00, B01, 1
P00, Trade, 11345.750, 167, P00, S18, 1
P00, Trade, 11347.231, 168, P00, B00, 1
P00, Trade, 11348.000, 167, P00, S10, 1
P00, Trade, 11354.231, 166, P00, B20, 1
P00, Trade, 11361.308, 175, P00, S02, 1
P00, Trade, 11367.077, 174, P00, B16, 1
P00, Trade, 11371.673, 172, P00, S10, 1
P00, Trade, 11373.788, 173, P00, B09, 1
P00, Trade, 11376.519, 168, P00, S23, 1
P00, Trade, 11383.269, 168, P00, B00, 1
P00, Trade, 11388.942, 167, P00, S06, 1
P00, Trade, 11394.808, 167, B04, P00, 1
P00, Trade, 11399.404, 170, P00, S13, 1
P00, Trade, 11402.904, 174, P00, B16, 1
P00, Trade, 11408.577, 168, P00, S02, 1
P00, Trade, 11412.731, 171, P00, B01, 1
P00, Trade, 11418.654, 165, P00, S18, 1
P00, Trade, 11419.731, 166, P00, B18, 1
P00, Trade, 11424.981, 168, P00, S00, 1
P00, Trade, 11434.000, 169, P00, B00, 1
P00, Trade, 11439.077, 171, P00, S20, 1
P00, Trade, 11443.519, 171, P00, B19, 1
P00, Trade, 11451.308, 169, P00, S14, 1
P00, Trade, 11459.423, 166, P00, B20, 1
P00, Trade, 11466.538, 167, P00, S23, 1
P00, Trade, 11475.404, 172, P00, B10, 1
P00, Trade, 11477.731, 171, P00, S22, 1
P00, Trade, 11480.577, 174, P00, B16, 1
P00, Trade, 11482.712, 170, P00, S19, 1
P00, Trade, 11494.750, 171, P00, B04, 1
P00, Trade, 11500.731, 172, P00, S01, 1
P00, Trade, 11503.385, 176, P00, B18, 1
P00, Trade, 11509.038, 177, P00, S20, 1
P00, Trade, 11518.019, 167, P00, B04, 1
P00, Trade, 11524.981, 165, P00, S13, 1
P00, Trade, 11532.365, 168, B21, P00, 1
P00, Trade, 11537.981, 170, P00, S02, 1
P00, Trade, 11541.769, 175, P00, B21, 1
P00, Trade, 11546.750, 176, P00, S14, 1
P00, Trade, 11550.846, 171, P00, B01, 1
P00, Trade, 11561.769, 169, P00, S09, 1
P00, Trade, 11563.692, 173, P00, B03, 1
P00, Trade, 11573.423, 170, P00, S07, 1
P00, Trade, 11583.808, 170, P00, B01, 1
P00, Trade, 11591.423, 171, P00, S22, 1
P00, Trade, 11595.423, 173, P00, B11, 1
P00, Trade, 11599.096, 175, P00, S04, 1
P00, Trade, 11614.000, 174, P00, B10, 1
P00, Trade, 11616.596, 166, P00, S00, 1
P00, Trade, 11620.308, 173, P00, B14, 1
P00, Trade, 11626.769, 171, P00, S04, 1
P00, Trade, 11633.731, 171, P00, B23, 1
P00, Trade, 11640.481, 169, P00, S01, 1
P00, Trade, 11644.577, 171, P00, B18, 1
P00, Trade, 11648.558, 168, P00, S15, 1
P00, Trade, 11650.885, 174, P00, B14, 1
P00, Trade, 11656.442, 171, P00, S13, 1
P00, Trade, 11662.923, 172, P00, B07, 1
P00, Trade, 11674.000, 169, P00, S05, 1
P00, Trade, 11680.923, 175, P00, B13, 1
P00, Trade, 11689.885, 175, P00, S11, 1
P00, Trade, 11694.904, 177, P00, B14, 1
P00, Trade, 11697.019, 170, P00, S15, 1
P00, Trade, 11703.904, 173, P00, B00, 1
P00, Trade, 11712.077, 167, P00, S10, 1
P00, Trade, 11718.135, 170, P00, B09, 1
P00, Trade, 11720.923, 168, P00, S14, 1
P00, Trade, 11732.788, 171, P00, B22, 1
P00, Trade, 11740.327, 169, P00, S17, 1
P00, Trade, 11744.115, 171, P00, B08, 1
P00, Trade, 11751.788, 175, P00, S11, 1
P00, Trade, 11755.827, 173, P00, B01, 1
P00, Trade, 11757.904, 170, P00, S22, 1
P00, Trade, 11762.058, 174, P00, B02, 1
P00, Trade, 11768.519, 168, P00, S08, 1
P00, Trade, 11772.596, 176, P00, B12, 1
P00, Trade, 11775.769, 172, P00, S05, 1
P00, Trade, 11779.885, 175, P00, B01, 1
P00, Trade, 11783.481, 171, P00, S17, 1
P00, Trade, 11792.077, 167, P00, B09, 1
P00, Trade, 11794.596, 170, P00, S17, 1
P00, Trade, 11806.038, 173, P00, B14, 1
P00, Trade, 11813.865, 171, P00, S19, 1
P00, Trade, 11815.519, 173, P00, B02, 1
P00, Trade, 11823.173, 175, P00, S01, 1
P00, Trade, 11836.788, 174, P00, B01, 1
P00, Trade, 11839.077, 167, P00, S01, 1
P00, Trade, 11846.115, 171, P00, B08, 1
P00, Trade, 11852.173, 171, P00, S00, 1
P00, Trade, 11853.577, 175, P00, B10, 1
P00, Trade, 11861.231, 164, P00, S04, 1
P00, Trade, 11866.981, 167, P00, B09, 1
P00, Trade, 11868.904, 164, P00, S18, 1
P00, Trade, 11872.423, 173, P00, B03, 1
P00, Trade, 11874.077, 171, P00, S20, 1
P00, Trade, 11876.750, 173, P00, B08, 1
P00, Trade, 11881.250, 169, P00, S00, 1
P00, Trade, 11889.365, 170, P00, B05, 1
P00, Trade, 11893.115, 170, P00, S18, 1
P00, Trade, 11896.981, 172, P00, B09, 1
P00, Trade, 11908.750, 175, P00, S01, 1
P00, Trade, 11916.962, 175, P00, B17, 1
P00, Trade, 11923.769, 161, P00, S24, 1
P00, Trade, 11927.288, 167, P00, B21, 1
P00, Trade, 11931.538, 169, P00, S23, 1
P00, Trade, 11935.654, 173, P00, B23, 1
P00, Trade, 11937.904, 167, P00, S03, 1
P00, Trade, 11941.538, 171, P00, B10, 1
P00, Trade, 11944.750, 169, P00, S20, 1
P00, Trade, 11948.769, 167, P00, B01, 1
P00, Trade, 11951.404, 163, P00, S01, 1
P00, Trade, 11955.577, 169, P00, B02, 1
P00, Trade, 11965.942, 170, P00, S13, 1
P00, Trade, 11966.635, 172, P00, B14, 1
P00, Trade, 11974.442, 169, P00, S09, 1
P00, Trade, 11980.404, 172, P00, B03, 1
P00, Trade, 11989.846, 174, P00, S10, 1
P00, Trade, 11996.519, 172, P00, B17, 1
P00, Trade, 12003.365, 173, P00, S12, 1
P00, Trade, 12008.712, 174, P00, B11, 1
P00, Trade, 12022.135, 167, P00, S02, 1
P00, Trade, 12023.404, 168, P00, B02, 1
P00, Trade, 12029.577, 163, P00, S21, 1
P00, Trade, 12037.365, 166, P00, B06, 1
P00, Trade, 12042.462, 166, P00, S18, 1
P00, Trade, 12043.327, 172, P00, B14, 1
P00, Trade, 12051.173, 172, P00, S13, 1
P00, Trade, 12056.904, 174, P00, B15, 1
P00, Trade, 12062.212, 169, P00, S22, 1
P00, Trade, 12063.038, 174, P00, B16, 1
P00, Trade, 12069.404, 170, P00, S16, 1
P00, Trade, 12080.731, 167, P00, B08, 1
P00, Trade, 12088.212, 170, P00, S15, 1
P00, Trade, 12094.038, 170, P00, B23, 1
P00, Trade, 12099.250, 170, P00, S02, 1
P00, Trade, 12106.500, 172, P00, B10, 1
P00, Trade, 12114.827, 169, P00, S10, 1
P00, Trade, 12117.192, 171, P00, B11, 1
P00, Trade, 12125.096, 171, P00, S10, 1
P00, Trade, 12132.154, 177, P00, B24, 1
P00, Trade, 12136.923, 168, P00, S22, 1
P00, Trade, 12138.865, 171, P00, B09, 1
P00, Trade, 12144.692, 165, P00, S24, 1
P00, Trade, 12154.500, 170, P00, B08, 1
P00, Trade, 12159.788, 173, P00, S11, 1
P00, Trade, 12166.923, 175, P00, B01, 1
P00, Trade, 12168.923, 168, P00, S00, 1
P00, Trade, 12172.077, 172, P00, B01, 1
P00, Trade, 12178.212, 170, P00, S01, 1
P00, Trade, 12183.558, 168, P00, B18, 1
P00, Trade, 12188.577, 170, P00, S05, 1
P00, Trade, 12189.923, 172, B11, P00, 1
P00, Trade, 12190.500, 172, P00, S11, 1
P00, Trade, 12203.192, 174, P00, B12, 1
P00, Trade, 12208.038, 176, P00, S01, 1
P00, Trade, 12212.173, 167, P00, B24, 1
P00, Trade, 12222.212, 165, P00, S09, 1
P00, Trade, 12224.231, 173, P00, B18, 1
P00, Trade, 12227.788, 170, P00, S00, 1
P00, Trade, 12233.404, 171, P00, B14, 1
P00, Trade, 12239.038, 172, P00, S10, 1
P00, Trade, 12253.308, 165, P00, B20, 1
P00, Trade, 12257.885, 167, P00, S04, 1
P00, Trade, 12266.596, 168, P00, B12, 1
P00, Trade, 12269.865, 171, P00, S13, 1
P00, Trade, 12273.231, 174, P00, B23, 1
P00, Trade, 12276.904, 172, P00, S04, 1
P00, Trade, 12277.827, 175, P00, B09, 1
P00, Trade, 12280.673, 175, P00, S00, 1
P00, Trade, 12282.404, 176, P00, B18, 1
P00, Trade, 12289.923, 171, P00, S04, 1
P00, Trade, 12291.788, 173, P00, B23, 1
P00, Trade, 12292.442, 170, P00, S19, 1
P00, Trade, 12298.750, 167, P00, B11, 1
P00, Trade, 12304.865, 168, P00, S13, 1
P00, Trade, 12307.981, 171, P00, B11, 1
P00, Trade, 12309.385, 171, P00, S15, 1
P00, Trade, 12315.731, 170, P00, B07, 1
P00, Trade, 12329.942, 169, P00, S00, 1
P00, Trade, 12332.346, 171, P00, B19, 1
P00, Trade, 12340.962, 165, P00, S20, 1
P00, Trade, 12347.038, 166, P00, B18, 1
P00, Trade, 12353.154, 175, P00, S23, 1
P00, Trade, 12356.250, 174, P00, B16, 1
P00, Trade, 12369.615, 163, P00, S15, 1
P00, Trade, 12374.673, 175, P00, B09, 1
P00, Trade, 12378.442, 168, P00, S07, 1
P00, Trade, 12382.904, 171, P00, B21, 1
P00, Trade, 12385.173, 170, P00, S12, 1
P00, Trade, 12387.673, 170, P00, B01, 1
P00, Trade, 12391.308, 166, P00, S06, 1
P00, Trade, 12403.308, 168, P00, B22, 1
P00, Trade, 12412.981, 166, P00, S22, 1
P00, Trade, 12417.481, 170, P00, B13, 1
P00, Trade, 12420.923, 170, P00, S03, 1
P00, Trade, 12426.904, 169, P00, B10, 1
P00, Trade, 12436.038, 173, P00, S17, 1
P00, Trade, 12439.654, 174, P00, B22, 1
P00, Trade, 12443.923, 171, P00, S10, 1
P00, Trade, 12457.788, 169, P00, B23, 1
P00, Trade, 12469.231, 171, P00, S19, 1
P00, Trade, 12475.865, 172, P00, B14, 1
P00, Trade, 12480.096, 168, P00, S07, 1
P00, Trade, 12485.096, 171, P00, B02, 1
P00, Trade, 12491.077, 170, P00, S09, 1
P00, Trade, 12495.115, 172, P00, B12, 1
P00, Trade, 12502.558, 173, P00, S19, 1
P00, Trade, 12509.404, 170, P00, B23, 1
P00, Trade, 12514.558, 170, P00, S04, 1
P00, Trade, 12518.404, 170, P00, B02, 1
P00, Trade, 12523.462, 169, P00, S04, 1
P00, Trade, 12525.538, 172, P00, B01, 1
P00, Trade, 12530.462, 167, P00, S24, 1
P00, Trade, 12533.404, 166, P00, B15, 1
P00, Trade, 12537.923, 179, P00, S06, 1
P00, Trade, 12549.423, 177, P00, B01, 1
P00, Trade, 12552.788, 176, P00, S15, 1
P00, Trade, 12557.692, 174, P00, B10, 1
P00, Trade, 12560.481, 166, P00, S17, 1
P00, Trade, 12562.308, 169, P00, B16, 1
P00, Trade, 12563.904, 168, P00, S18, 1
P00, Trade, 12566.731, 167, P00, B01, 1
P00, Trade, 12573.519, 166, P00, S15, 1
P00, Trade, 12576.481, 167, P00, B01, 1
P00, Trade, 12586.058, 167, P00, S06, 1
P00, Trade, 12592.096, 168, P00, B07, 1
P00, Trade, 12597.173, 168, P00, S10, 1
P00, Trade, 12597.808, 169, P00, B15, 1
P00, Trade, 12600.615, 168, P00, S16, 1
P00, Trade, 12604.327, 174, B00, P00, 1
P00, Trade, 12608.096, 194, P00, S00, 1
P00, Trade, 12616.885, 170, P00, B17, 1
P00, Trade, 12624.115, 166, P00, S06, 1
P00, Trade, 12625.269, 171, P00, B03, 1
P00, Trade, 12635.154, 167, P00, S13, 1
P00, Trade, 12638.077, 174, P00, B09, 1
P00, Trade, 12651.462, 170, P00, S01, 1
P00, Trade, 12655.462, 176, P00, B02, 1
P00, Trade, 12659.904, 168, P00, S15, 1
P00, Trade, 12664.538, 174, P00, B12, 1
P00, Trade, 12666.654, 170, P00, S10, 1
P00, Trade, 12676.731, 167, P00, B19, 1
P00, Trade, 12683.538, 166, P00, S13, 1
P00, Trade, 12687.385, 168, P00, B15, 1
P00, Trade, 12692.635, 173, P00, S05, 1
P00, Trade, 12695.173, 172, P00, B04, 1
P00, Trade, 12698.577, 166, P00, S18, 1
P00, Trade, 12702.577, 171, P00, B14, 1
P00, Trade, 12707.154, 173, P00, S10, 1
P00, Trade, 12714.115, 167, P00, B17, 1
P00, Trade, 12718.154, 174, P00, S22, 1
P00, Trade, 12719.135, 173, P00, B16, 1
P00, Trade, 12721.173, 170, P00, S09, 1
P00, Trade, 12729.654, 173, P00, B24, 1
P00, Trade, 12735.519, 173, P00, S10, 1
P00, Trade, 12739.885, 179, P00, B12, 1
P00, Trade, 12742.788, 174, P00, S03, 1
P00, Trade, 12749.096, 172, P00, B16, 1
P00, Trade, 12755.423, 175, P00, S24, 1
P00, Trade, 12767.827, 172, P00, B03, 1
P00, Trade, 12774.750, 168, P00, S10, 1
P00, Trade, 12784.423, 172, P00, B04, 1
P00, Trade, 12787.173, 171, P00, S02, 1
P00, Trade, 12793.327, 178, P00, B15, 1
P00, Trade, 12800.654, 175, P00, S15, 1
P00, Trade, 12804.692, 177, P00, B04, 1
P00, Trade, 12806.538, 176, P00, S11, 1
P00, Trade, 12809.673, 164, B05, P00, 1
P00, Trade, 12815.923, 168, P00, S19, 1
P00, Trade, 12825.635, 173, P00, B18, 1
P00, Trade, 12837.577, 172, P00, S04, 1
P00, Trade, 12845.769, 175, P00, B14, 1
P00, Trade, 12847.019, 171, P00, S10, 1
P00, Trade, 12850.769, 173, P00, B08, 1
P00, Trade, 12855.404, 169, P00, S11, 1
P00, Trade, 12856.865, 170, P00, B09, 1
P00, Trade, 12862.154, 166, P00, S14, 1
P00, Trade, 12865.231, 176, P00, B12, 1
P00, Trade, 12867.481, 172, P00, S24, 1
P00, Trade, 12875.885, 170, P00, B20, 1
P00, Trade, 12882.596, 169, P00, S10, 1
P00, Trade, 12891.615, 169, P00, B08, 1
P00, Trade, 12896.423, 172, P00, S21, 1
P00, Trade, 12901.788, 176, P00, B23, 1
P00, Trade, 12904.885, 178, P00, S00, 1
P00, Trade, 12914.596, 172, P00, B23, 1
P00, Trade, 12922.385, 171, P00, S01, 1
P00, Trade, 12925.346, 171, P00, B23, 1
P00, Trade, 12932.500, 175, P00, S16, 1
P00, Trade, 12935.288, 173, P00, B15, 1
P00, Trade, 12936.904, 169, S01, P00, 1
P00, Trade, 12948.365, 176, P00, B09, 1
P00, Trade, 12954.231, 174, P00, S10, 1
P00, Trade, 12964.538, 172, P00, B12, 1
P00, Trade, 12972.038, 170, P00, S15, 1
P00, Trade, 12981.981, 177, P00, B07, 1
P00, Trade, 12986.923, 170, P00, S23, 1
P00, Trade, 12996.596, 171, P00, B24, 1
P00, Trade, 12999.865, 169, P00, S21, 1
P00, Trade, 13007.654, 174, P00, B17, 1
P00, Trade, 13014.250, 172, P00, S08, 1
P00, Trade, 13023.096, 172, P00, B21, 1
P00, Trade, 13027.250, 166, P00, S11, 1
P00, Trade, 13033.769, 173, P00, B13, 1
P00, Trade, 13039.558, 171, P00, S17, 1
P00, Trade, 13050.538, 169, P00, B20, 1
P00, Trade, 13051.962, 169, P00, S10, 1
P00, Trade, 13064.308, 169, P00, B01, 1
P00, Trade, 13073.019, 169, P00, S06, 1
P00, Trade, 13076.327, 172, P00, B11, 1
P00, Trade, 13086.827, 173, P00, S20, 1
P00, Trade, 13091.385, 173, P00, B15, 1
P00, Trade, 13095.365, 170, P00, S00, 1
P00, Trade, 13099.000, 173, P00, B01, 1
P00, Trade, 13104.750, 175, P00, S22, 1
P00, Trade, 13116.904, 169, P00, B01, 1
P00, Trade, 13122.827, 167, P00, S10, 1
P00, Trade, 13123.615, 170, P00, B17, 1
P00, Trade, 13127.731, 169, P00, S22, 1
P00, Trade, 13133.500, 168, P00, B13, 1
P00, Trade, 13141.058, 174, P00, S02, 1
P00, Trade, 13147.519, 176, P00, B23, 1
P00, Trade, 13149.385, 173, P00, S04, 1
P00, Trade, 13153.538, 171, P00, B19, 1
P00, Trade, 13157.058, 176, P00, S11, 1
P00, Trade, 13158.500, 176, P00, B12, 1
P00, Trade, 13168.327, 171, P00, S04, 1
P00, Trade, 13178.288, 171, P00, B23, 1
P00, Trade, 13187.423, 171, P00, S17, 1
P00, Trade, 13191.038, 174, P00, B00, 1
P00, Trade, 13192.538, 171, P00, S15, 1
P00, Trade, 13193.827, 174, P00, B09, 1
P00, Trade, 13196.846, 171, P00, S00, 1
P00, Trade, 13202.615, 170, P00, B11, 1
P00, Trade, 13206.635, 162, P00, S03, 1
P00, Trade, 13208.346, 170, P00, B06, 1
P00, Trade, 13213.231, 170, P00, S13, 1
P00, Trade, 13220.423, 169, P00, B07, 1
P00, Trade, 13224.058, 171, P00, S17, 1
P00, Trade, 13224.788, 172, P00, B10, 1
P00, Trade, 13227.615, 169, P00, S09, 1
P00, Trade, 13231.077, 172, P00, B22, 1
P00, Trade, 13233.404, 169, P00, S03, 1
P00, Trade, 13235.558, 169, P00, B12, 1
P00, Trade, 13240.654, 173, P00, S04, 1
P00, Trade, 13249.231, 169, P00, B18, 1
P00, Trade, 13256.615, 167, P00, S23, 1
P00, Trade, 13263.712, 170, P00, B09, 1
P00, Trade, 13271.288, 169, P00, S09, 1
P00, Trade, 13278.558, 171, P00, B14, 1
P00, Trade, 13287.212, 173, P00, S20, 1
P00, Trade, 13291.000, 173, P00, B22, 1
P00, Trade, 13294.750, 174, P00, S07, 1
P00, Trade, 13295.808, 175, P00, B02, 1
P00, Trade, 13299.077, 176, P00, S10, 1
P00, Trade, 13303.692, 178, P00, B14, 1
P00, Trade, 13306.712, 175, P00, S24, 1
P00, Trade, 13316.135, 170, P00, B20, 1
P00, Trade, 13324.788, 175, P00, S12, 1
P00, Trade, 13326.308, 176, P00, B11, 1
P00, Trade, 13327.596, 175, P00, S18, 1
P00, Trade, 13342.308, 169, P00, B20, 1
P00, Trade, 13343.577, 167, P00, S11, 1
P00, Trade, 13346.385, 168, P00, B17, 1
P00, Trade, 13355.500, 164, P00, S20, 1
P00, Trade, 13356.500, 168, P00, B12, 1
P00, Trade, 13360.462, 169, P00, S14, 1
P00, Trade, 13362.231, 168, P00, B01, 1
P00, Trade, 13368.865, 171, P00, S16, 1
P00, Trade, 13373.404, 172, P00, B12, 1
P00, Trade, 13383.788, 172, P00, S11, 1
P00, Trade, 13389.750, 171, P00, B21, 1
P00, Trade, 13393.788, 169, P00, S22, 1
P00, Trade, 13406.346, 172, P00, B24, 1
P00, Trade, 13408.173, 171, P00, S04, 1
P00, Trade, 13414.346, 170, P00, B01, 1
P00, Trade, 13417.827, 171, P00, S18, 1
P00, Trade, 13421.442, 172, B20, P00, 1
P00, Trade, 13426.596, 178, P00, S15, 1
P00, Trade, 13434.462, 183, P00, B07, 1
P00, Trade, 13436.173, 173, P00, S11, 1
P00, Trade, 13442.154, 169, P00, B22, 1
P00, Trade, 13446.731, 175, P00, S15, 1
P00, Trade, 13456.635, 169, P00, B24, 1
P00, Trade, 13457.981, 171, P00, S14, 1
P00, Trade, 13465.788, 169, P00, B01, 1
P00, Trade, 13472.212, 174, P00, S03, 1
P00, Trade, 13476.346, 177, P00, B24, 1
P00, Trade, 13482.577, 170, P00, S14, 1
P00, Trade, 13487.981, 176, P00, B08, 1
P00, Trade, 13490.192, 170, P00, S20, 1
P00, Trade, 13500.481, 173, P00, B07, 1
P00, Trade, 13511.173, 170, P00, S14, 1
P00, Trade, 13519.808, 175, P00, B00, 1
P00, Trade, 13524.000, 174, P00, S11, 1
P00, Trade, 13531.615, 172, P00, B18, 1
P00, Trade, 13537.750, 174, P00, S14, 1
P00, Trade, 13543.846, 178, P00, B20, 1
P00, Trade, 13545.769, 174, P00, S22, 1
P00, Trade, 13546.885, 172, P00, B05, 1
P00, Trade, 13550.154, 172, P00, S19, 1
P00, Trade, 13555.327, 176, P00, B23, 1
P00, Trade, 13562.558, 173, P00, S04, 1
P00, Trade, 13567.923, 176, P00, B19, 1
P00, Trade, 13570.173, 174, P00, S20, 1
P00, Trade, 13573.750, 175, P00, B08, 1
P00, Trade, 13577.558, 170, P00, S18, 1
P00, Trade, 13580.096, 175, P00, B21, 1
P00, Trade, 13584.423, 172, P00, S18, 1
P00, Trade, 13594.577, 170, P00, B20, 1
P00, Trade, 13598.615, 170, P00, S17, 1
P00, Trade, 13607.942, 166, P00, B01, 1
P00, Trade, 13616.519, 172, P00, S17, 1
P00, Trade, 13622.904, 176, P00, B17, 1
P00, Trade, 13629.673, 172, P00, S09, 1
P00, Trade, 13633.904, 171, P00, B13, 1
P00, Trade, 13635.135, 169, P00, S11, 1
P00, Trade, 13639.712, 170, P00, B03, 1
P00, Trade, 13642.596, 167, P00, S20, 1
P00, Trade, 13644.635, 173, P00, B02, 1
P00, Trade, 13650.808, 165, P00, S02, 1
P00, Trade, 13657.404, 168, P00, B11, 1
P00, Trade, 13661.346, 172, P00, S18, 1
P00, Trade, 13666.962, 174, P00, B17, 1
P00, Trade, 13669.885, 170, P00, S09, 1
P00, Trade, 13671.154, 176, P00, B05, 1
P00, Trade, 13674.038, 172, P00, S17, 1
P00, Trade, 13678.173, 169, P00, B03, 1
P00, Trade, 13681.365, 166, P00, S00, 1
P00, Trade, 13682.923, 173, P00, B18, 1
P00, Trade, 13690.596, 167, P00, S16, 1
P00, Trade, 13696.500, 173, P00, B09, 1
P00, Trade, 13703.981, 168, P00, S17, 1
P00, Trade, 13707.192, 175, P00, B06, 1
P00, Trade, 13709.019, 172, P00, S19, 1
P00, Trade, 13709.615, 173, P00, B03, 1
P00, Trade, 13715.846, 170, P00, S18, 1
P00, Trade, 13721.538, 179, P00, B22, 1
P00, Trade, 13727.058, 173, P00, S06, 1
P00, Trade, 13735.923, 174, P00, B13, 1
P00, Trade, 13736.635, 169, P00, S13, 1
P00, Trade, 13744.596, 176, P00, B02, 1
P00, Trade, 13748.558, 171, P00, S20, 1
P00, Trade, 13754.846, 171, P00, B20, 1
P00, Trade, 13759.962, 171, P00, S01, 1
P00, Trade, 13765.596, 173, P00, B19, 1
P00, Trade, 13771.827, 168, P00, S10, 1
P00, Trade, 13783.519, 177, P00, B24, 1
P00, Trade, 13784.885, 175, P00, S08, 1
P00, Trade, 13787.923, 173, P00, B02, 1
P00, Trade, 13794.558, 171, P00, S20, 1
P00, Trade, 13799.481, 173, P00, B20, 1
P00, Trade, 13802.423, 172, S24, P00, 1
P00, Trade, 13807.077, 171, P00, B12, 1
P00, Trade, 13809.288, 167, S22, P00, 1
P00, Trade, 13813.327, 169, P00, B09, 1
P00, Trade, 13817.827, 171, P00, S00, 1
P00, Trade, 13820.615, 171, P00, B15, 1
P00, Trade, 13827.000, 168, P00, S22, 1
P00, Trade, 13830.635, 175, P00, B14, 1
P00, Trade, 13835.827, 173, P00, S08, 1
P00, Trade, 13849.577, 168, P00, B02, 1
P00, Trade, 13850.692, 167, P00, S02, 1
P00, Trade, 13855.404, 167, P00, B09, 1
P00, Trade, 13859.269, 167, P00, S20, 1
P00, Trade, 13861.558, 169, P00, B15, 1
P00, Trade, 13864.750, 170, P00, S09, 1
P00, Trade, 13865.519, 171, P00, B20, 1
P00, Trade, 13870.154, 169, P00, S08, 1
P00, Trade, 13873.827, 169, P00, B13, 1
P00, Trade, 13880.404, 172, P00, S01, 1
P00, Trade, 13884.673, 174, P00, B24, 1
P00, Trade, 13888.385, 169, P00, S21, 1
P00, Trade, 13895.288, 173, P00, B17, 1
P00, Trade, 13906.558, 169, P00, S12, 1
P00, Trade, 13909.865, 172, P00, B01, 1
P00, Trade, 13916.212, 171, P00, S18, 1
P00, Trade, 13924.577, 171, P00, B16, 1
P00, Trade, 13929.192, 168, P00, S13, 1
P00, Trade, 13931.808, 167, B05, P00, 1
P00, Trade, 13937.192, 166, P00, S06, 1
P00, Trade, 13944.731, 173, P00, B13, 1
P00, Trade, 13948.231, 172, P00, S11, 1
P00, Trade, 13951.250, 174, P00, B14, 1
P00, Trade, 13955.962, 172, P00, S06, 1
P00, Trade, 13956.904, 175, P00, B12, 1
P00, Trade, 13957.462, 171, P00, S17, 1
P00, Trade, 13962.423, 176, P00, B24, 1
P00, Trade, 13967.481, 173, P00, S11, 1
P00, Trade, 13971.096, 177, P00, B11, 1
P00, Trade, 13973.442, 178, S24, P00, 1
P00, Trade, 13981.308, 176, P00, B05, 1
P00, Trade, 13991.788, 168, P00, S15, 1
P00, Trade, 14004.308, 175, P00, B12, 1
P00, Trade, 14009.558, 171, P00, S04, 1
P00, Trade, 14012.808, 174, P00, B08, 1
P00, Trade, 14018.404, 172, P00, S15, 1
P00, Trade, 14020.885, 172, P00, B15, 1
P00, Trade, 14022.173, 170, P00, S15, 1
P00, Trade, 14024.154, 172, P00, B09, 1
P00, Trade, 14026.385, 164, P00, S03, 1
P00, Trade, 14028.462, 170, P00, B01, 1
P00, Trade, 14029.635, 167, P00, S01, 1
P00, Trade, 14035.942, 170, P00, B13, 1
P00, Trade, 14039.750, 170, P00, S20, 1
P00, Trade, 14045.442, 175, P00, B09, 1
P00, Trade, 14046.846, 174, P00, S02, 1
P00, Trade, 14050.923, 175, P00, B09, 1
P00, Trade, 14054.481, 170, P00, S06, 1
P00, Trade, 14060.769, 177, P00, B20, 1
P00, Trade, 14065.154, 167, P00, S02, 1
P00, Trade, 14068.385, 170, P00, B09, 1
P00, Trade, 14072.154, 167, P00, S03, 1
P00, Trade, 14079.173, 171, P00, B03, 1
P00, Trade, 14081.442, 167, P00, S09, 1
P00, Trade, 14086.615, 176, P00, B10, 1
P00, Trade, 14088.404, 175, P00, S05, 1
P00, Trade, 14094.308, 168, P00, B16, 1
P00, Trade, 14097.365, 165, P00, S00, 1
P00, Trade, 14099.962, 169, P00, B08, 1
P00, Trade, 14107.135, 168, P00, S06, 1
P00, Trade, 14109.365, 171, P00, B03, 1
P00, Trade, 14112.154, 168, P00, S24, 1
P00, Trade, 14113.096, 170, P00, B10, 1
P00, Trade, 14116.019, 171, P00, S00, 1
P00, Trade, 14120.327, 167, P00, B04, 1
P00, Trade, 14122.327, 166, P00, S00, 1
P00, Trade, 14124.615, 166, P00, B20, 1
P00, Trade, 14132.846, 172, P00, S20, 1
P00, Trade, 14135.442, 176, P00, B08, 1
P00, Trade, 14138.750, 173, P00, S12, 1
P00, Trade, 14144.519, 171, P00, B15, 1
P00, Trade, 14149.154, 169, P00, S17, 1
P00, Trade, 14153.885, 170, P00, B17, 1
P00, Trade, 14160.596, 170, P00, S01, 1
P00, Trade, 14167.212, 170, P00, B00, 1
P00, Trade, 14173.288, 172, P00, S14, 1
P00, Trade, 14182.058, 175, P00, B06, 1
P00, Trade, 14184.096, 174, P00, S15, 1
P00, Trade, 14189.404, 173, P00, B08, 1
P00, Trade, 14191.654, 163, P00, P01, 1
P00, Trade, 14197.346, 166, P00, B03, 1
P00, Trade, 14202.538, 170, P00, S17, 1
P00, Trade, 14213.981, 169, B18, P00, 1
P00, Trade, 14217.538, 171, P00, S16, 1
P00, Trade, 14225.615, 169, P00, B23, 1
P00, Trade, 14234.115, 172, P00, S10, 1
P00, Trade, 14239.808, 171, P00, B01, 1
P00, Trade, 14241.808, 173, P00, S07, 1
P00, Trade, 14245.923, 176, P00, B14, 1
P00, Trade, 14247.981, 171, P00, S22, 1
P00, Trade, 14253.135, 171, P00, B02, 1
P00, Trade, 14253.846, 166, P00, S15, 1
P00, Trade, 14259.500, 169, P00, B21, 1
P00, Trade, 14260.769, 168, P00, S08, 1
P00, Trade, 14273.462, 170, P00, B20, 1
P00, Trade, 14276.558, 167, P00, S14, 1
P00, Trade, 14283.404, 165, P00, B02, 1
P00, Trade, 14286.423, 167, P00, S21, 1
P00, Trade, 14289.962, 178, P00, B01, 1
P00, Trade, 14292.846, 171, P00, S01, 1
P00, Trade, 14296.115, 175, P00, B00, 1
P00, Trade, 14299.596, 174, P00, S00, 1
P00, Trade, 14305.692, 170, P00, B13, 1
P00, Trade, 14307.288, 167, P00, S19, 1
P00, Trade, 14314.346, 173, P00, B01, 1
P00, Trade, 14321.173, 173, P00, S11, 1
P00, Trade, 14321.981, 174, P00, B07, 1
P00, Trade, 14322.981, 172, P00, S00, 1
P00, Trade, 14324.635, 177, P00, B00, 1
P00, Trade, 14329.423, 173, P00, S06, 1
P00, Trade, 14333.923, 178, P00, B20, 1
P00, Trade, 14335.885, 177, P00, S20, 1
P00, Trade, 14343.538, 173, P00, B16, 1
P00, Trade, 14347.577, 172, P00, S09, 1
P00, Trade, 14353.231, 177, P00, B07, 1
P00, Trade, 14353.846, 172, P00, S18, 1
P00, Trade, 14363.500, 170, P00, B08, 1
P00, Trade, 14365.827, 172, P00, S16, 1
P00, Trade, 14374.077, 172, P00, B17, 1
P00, Trade, 14375.154, 167, P00, S13, 1
P00, Trade, 14378.154, 171, P00, B15, 1
P00, Trade, 14379.154, 171, P00, S17, 1
P00, Trade, 14390.731, 167, P00, B15, 1
P00, Trade, 14393.385, 165, P00, S16, 1
P00, Trade, 14396.981, 172, P00, B09, 1
P00, Trade, 14400.808, 165, P00, S16, 1
P00, Trade, 14407.058, 168, P00, B11, 1
P00, Trade, 14411.846, 169, P00, S15, 1
P00, Trade, 14419.019, 171, P00, B07, 1
P00, Trade, 14420.481, 167, P00, S10, 1
P00, Trade, 14436.327, 165, P00, B00, 1
P00, Trade, 14441.827, 170, P00, S14, 1
P00, Trade, 14452.173, 173, P00, B22, 1
P00, Trade, 14458.173, 169, P00, S03, 1
P00, Trade, 14464.558, 166, P00, B10, 1
P00, Trade, 14473.308, 164, P00, S14, 1
P00, Trade, 14477.673, 166, P00, B12, 1
P00, Trade, 14480.942, 168, P00, S02, 1
P00, Trade, 14488.750, 176, P00, B19, 1
P00, Trade, 14489.712, 174, P00, S02, 1
P00, Trade, 14492.212, 175, P00, B23, 1
P00, Trade, 14494.135, 173, P00, S00, 1
P00, Trade, 14505.942, 164, B15, P00, 1
P00, Trade, 14513.154, 174, P00, S01, 1
P00, Trade, 14516.288, 175, P00, B24, 1
P00, Trade, 14519.846, 174, P00, S17, 1
P00, Trade, 14533.442, 171, P00, B01, 1
P00, Trade, 14535.212, 170, P00, S09, 1
P00, Trade, 14540.538, 171, P00, B00, 1
P00, Trade, 14542.365, 162, P00, S17, 1
P00, Trade, 14550.250, 173, P00, B09, 1
P00, Trade, 14554.385, 164, P00, S15, 1
P00, Trade, 14555.250, 179, P00, B12, 1
P00, Trade, 14562.462, 165, P00, S15, 1
P00, Trade, 14564.654, 166, P00, B12, 1
P00, Trade, 14574.692, 169, P00, S18, 1
P00, Trade, 14579.500, 176, P00, B12, 1
P00, Trade, 14585.904, 169, P00, S13, 1
P00, Trade, 14593.750, 163, P00, B20, 1
P00, Trade, 14595.788, 171, P00, S07, 1
P00, Trade, 14598.673, 167, P00, B01, 1
P00, Trade, 14601.154, 164, P00, S20, 1
P00, Trade, 14602.519, 166, P00, B24, 1
P00, Trade, 14612.750, 164, P00, S20, 1
P00, Trade, 14626.173, 171, P00, B16, 1
P00, Trade, 14633.000, 171, P00, S16, 1
P00, Trade, 14640.231, 170, P00, B16, 1
P00, Trade, 14650.692, 169, P00, S16, 1
P00, Trade, 14653.962, 173, P00, B02, 1
P00, Trade, 14658.500, 170, P00, S17, 1
P00, Trade, 14664.596, 171, P00, B19, 1
P00, Trade, 14670.212, 174, P00, S13, 1
P00, Trade, 14683.846, 163, P00, B06, 1
P00, Trade, 14686.904, 167, P00, S18, 1
P00, Trade, 14689.481, 172, P00, B01, 1
P00, Trade, 14693.942, 169, P00, S18, 1
P00, Trade, 14697.308, 175, P00, B23, 1
P00, Trade, 14699.115, 171, P00, S22, 1
P00, Trade, 14704.500, 177, P00, B13, 1
P00, Trade, 14707.423, 175, P00, S10, 1
P00, Trade, 14717.442, 169, P00, B23, 1
P00, Trade, 14724.077, 169, P00, S04, 1
P00, Trade, 14727.654, 176, P00, B11, 1
P00, Trade, 14733.135, 175, P00, S04, 1
P00, Trade, 14736.346, 175, P00, B18, 1
P00, Trade, 14742.615, 171, P00, S00, 1
P00, Trade, 14753.404, 173, P00, B16, 1
P00, Trade, 14755.462, 169, P00, S22, 1
P00, Trade, 14761.288, 172, P00, B02, 1
P00, Trade, 14762.365, 171, P00, S17, 1
P00, Trade, 14766.442, 174, P00, B19, 1
P00, Trade, 14769.096, 173, P00, S08, 1
P00, Trade, 14771.788, 172, P00, B12, 1
P00, Trade, 14775.942, 164, P00, S09, 1
P00, Trade, 14776.712, 169, P00, B08, 1
P00, Trade, 14777.846, 163, P00, S20, 1
P00, Trade, 14781.346, 168, P00, B12, 1
P00, Trade, 14790.077, 171, P00, S15, 1
P00, Trade, 14798.308, 170, P00, B01, 1
P00, Trade, 14806.115, 183, P00, S09, 1
P00, Trade, 14807.519, 185, P00, B07, 1
P00, Trade, 14810.692, 186, P00, S04, 1
P00, Trade, 14821.731, 169, P00, B21, 1
P00, Trade, 14826.135, 164, P00, S00, 1
P00, Trade, 14831.385, 163, P00, B24, 1
P00, Trade, 14833.558, 165, P00, S10, 1
P00, Trade, 14835.192, 171, P00, B22, 1
P00, Trade, 14839.212, 172, P00, S18, 1
P00, Trade, 14844.942, 174, P00, B14, 1
P00, Trade, 14847.423, 165, P00, S03, 1
P00, Trade, 14849.000, 175, P00, B02, 1
P00, Trade, 14852.558, 169, P00, S13, 1
P00, Trade, 14862.288, 168, P00, B09, 1
P00, Trade, 14863.173, 163, P00, S18, 1
P00, Trade, 14870.769, 165, P00, B01, 1
P00, Trade, 14872.558, 164, P00, S17, 1
P00, Trade, 14875.442, 166, P00, B08, 1
P00, Trade, 14881.192, 169, P00, S06, 1
P00, Trade, 14898.808, 173, P00, B14, 1
P00, Trade, 14903.865, 167, P00, S17, 1
P00, Trade, 14906.846, 173, P00, B02, 1
P00, Trade, 14908.981, 168, P00, S00, 1
P00, Trade, 14915.846, 167, P00, B08, 1
P00, Trade, 14919.673, 173, P00, S20, 1
P00, Trade, 14925.538, 175, P00, B12, 1
P00, Trade, 14933.038, 178, P00, S22, 1
P00, Trade, 14935.481, 174, P00, B00, 1
P00, Trade, 14942.346, 167, P00, S18, 1
P00, Trade, 14948.173, 166, P00, B12, 1
P00, Trade, 14956.423, 167, P00, S00, 1
P00, Trade, 14963.596, 172, P00, B10, 1
P00, Trade, 14967.346, 168, P00, S17, 1
P00, Trade, 14969.442, 170, P00, B19, 1
P00, Trade, 14974.442, 168, P00, S18, 1
P00, Trade, 14978.192, 170, P00, B09, 1
P00, Trade, 14986.058, 174, P00, S13, 1
P00, Trade, 14988.000, 173, P00, B08, 1
P00, Trade, 15003.212, 169, P00, S17, 1
P00, Trade, 15004.058, 174, P00, B20, 1
P00, Trade, 15008.692, 173, P00, S04, 1
P00, Trade, 15013.000, 169, P00, B01, 1
P00, Trade, 15024.923, 166, P00, S02, 1
P00, Trade, 15028.692, 170, P00, B12, 1
P00, Trade, 15035.788, 172, P00, S07, 1
P00, Trade, 15038.788, 175, P00, B17, 1
P00, Trade, 15039.865, 175, P00, S08, 1
P00, Trade, 15042.308, 174, P00, B08, 1
P00, Trade, 15044.577, 163, P00, S04, 1
P00, Trade, 15054.865, 172, P00, B06, 1
P00, Trade, 15055.635, 171, P00, S09, 1
P00, Trade, 15060.269, 170, P00, B19, 1
P00, Trade, 15067.750, 172, P00, S01, 1
P00, Trade, 15075.885, 167, P00, B24, 1
P00, Trade, 15079.981, 167, S08, P00, 1
P00, Trade, 15086.250, 168, P00, B20, 1
P00, Trade, 15093.942, 164, P00, S18, 1
P00, Trade, 15096.808, 165, P00, B07, 1
P00, Trade, 15097.212, 162, P00, S13, 1
P00, Trade, 15100.404, 171, P00, B14, 1
P00, Trade, 15104.135, 167, P00, S00, 1
P00, Trade, 15107.885, 169, P00, B08, 1
P00, Trade, 15109.788, 168, P00, S00, 1
P00, Trade, 15114.981, 167, P00, B14, 1
P00, Trade, 15119.269, 167, P00, S17, 1
P00, Trade, 15124.231, 168, P00, B07, 1
P00, Trade, 15125.288, 164, P00, S03, 1
P00, Trade, 15127.885, 169, P00, B05, 1
P00, Trade, 15130.385, 166, P00, S04, 1
P00, Trade, 15133.462, 169, P00, B17, 1
P00, Trade, 15135.365, 165, P00, S19, 1
P00, Trade, 15141.135, 172, P00, B23, 1
P00, Trade, 15141.404, 167, P00, S16, 1
P00, Trade, 15145.538, 172, P00, B24, 1
P00, Trade, 15148.250, 170, P00, S17, 1
P00, Trade, 15152.385, 164, P00, B22, 1
P00, Trade, 15158.288, 165, P00, S03, 1
P00, Trade, 15162.865, 171, P00, B08, 1
P00, Trade, 15166.192, 164, P00, S15, 1
P00, Trade, 15171.346, 170, P00, B04, 1
P00, Trade, 15173.173, 169, P00, S21, 1
P00, Trade, 15182.692, 170, P00, B05, 1
P00, Trade, 15183.788, 169, P00, S05, 1
P00, Trade, 15186.019, 167, P00, B20, 1
P00, Trade, 15192.212, 167, P00, S24, 1
P00, Trade, 15200.654, 166, P00, B09, 1
P00, Trade, 15213.904, 174, P00, S10, 1
P00, Trade, 15223.558, 176, P00, B00, 1
P00, Trade, 15225.327, 168, P00, S12, 1
P00, Trade, 15230.923, 169, P00, B03, 1
P00, Trade, 15236.096, 171, P00, S14, 1
P00, Trade, 15240.558, 174, P00, B22, 1
P00, Trade, 15244.712, 172, P00, S23, 1
P00, Trade, 15249.192, 167, P00, B01, 1
P00, Trade, 15253.385, 169, P00, S15, 1
P00, Trade, 15254.192, 170, P00, B13, 1
P00, Trade, 15257.500, 175, P00, S20, 1
P00, Trade, 15259.423, 175, P00, B09, 1
P00, Trade, 15267.442, 169, P00, S00, 1
P00, Trade, 15274.192, 169, P00, B03, 1
P00, Trade, 15279.654, 168, P00, S14, 1
P00, Trade, 15287.788, 170, P00, B20, 1
P00, Trade, 15295.538, 172, P00, S10, 1
P00, Trade, 15300.192, 173, P00, B15, 1
P00, Trade, 15305.500, 170, P00, S11, 1
P00, Trade, 15310.365, 163, P00, B02, 1
P00, Trade, 15312.846, 167, P00, S19, 1
P00, Trade, 15315.423, 173, P00, B12, 1
P00, Trade, 15319.615, 175, P00, S04, 1
P00, Trade, 15322.327, 176, P00, B24, 1
P00, Trade, 15326.750, 171, P00, S20, 1
P00, Trade, 15336.308, 169, P00, B24, 1
P00, Trade, 15338.981, 168, P00, S04, 1
P00, Trade, 15344.481, 171, P00, B08, 1
P00, Trade, 15350.192, 166, P00, S08, 1
P00, Trade, 15352.635, 173, B12, P00, 1
P00, Trade, 15356.327, 172, P00, S04, 1
P00, Trade, 15367.019, 170, P00, B21, 1
P00, Trade, 15370.423, 169, P00, S19, 1
P00, Trade, 15375.769, 168, P00, B07, 1
P00, Trade, 15377.692, 165, P00, S24, 1
P00, Trade, 15380.635, 164, P00, B04, 1
P00, Trade, 15382.019, 168, P00, S08, 1
P00, Trade, 15383.096, 169, P00, B08, 1
P00, Trade, 15384.596, 166, P00, S00, 1
P00, Trade, 15386.481, 168, P00, B15, 1
P00, Trade, 15389.788, 167, P00, S02, 1
P00, Trade, 15394.942, 165, P00, B16, 1
P00, Trade, 15398.808, 166, P00, S13, 1
P00, Trade, 15399.481, 172, P00, B08, 1
P00, Trade, 15416.327, 167, P00, S22, 1
P00, Trade, 15418.442, 169, P00, B17, 1
P00, Trade, 15425.154, 169, P00, S07, 1
P00, Trade, 15437.942, 170, P00, B10, 1
P00, Trade, 15439.231, 167, P00, S19, 1
P00, Trade, 15443.808, 171, B13, P00, 1
P00, Trade, 15448.654, 173, P00, S17, 1
P00, Trade, 15464.577, 163, P00, B03, 1
P00, Trade, 15468.404, 169, P00, S04, 1
P00, Trade, 15472.885, 171, P00, B09, 1
P00, Trade, 15476.077, 168, P00, S13, 1
P00, Trade, 15481.981, 167, P00, B00, 1
P00, Trade, 15488.481, 166, P00, S23, 1
P00, Trade, 15492.904, 173, P00, B04, 1
P00, Trade, 15499.942, 172, P00, S07, 1
P00, Trade, 15501.865, 173, P00, B08, 1
P00, Trade, 15505.288, 173, P00, S22, 1
P00, Trade, 15517.308, 166, P00, B07, 1
P00, Trade, 15525.577, 171, P00, S06, 1
P00, Trade, 15527.962, 168, P00, B23, 1
P00, Trade, 15534.846, 171, P00, S22, 1
P00, Trade, 15536.615, 175, P00, B24, 1
P00, Trade, 15541.635, 170, P00, S04, 1
P00, Trade, 15544.250, 170, P00, B12, 1
P00, Trade, 15546.096, 163, P00, S17, 1
P00, Trade, 15556.058, 172, P00, B01, 1
P00, Trade, 15560.462, 168, P00, S18, 1
P00, Trade, 15563.288, 171, P00, B23, 1
P00, Trade, 15568.596, 165, P00, S15, 1
P00, Trade, 15575.192, 172, P00, B11, 1
P00, Trade, 15578.115, 171, P00, S22, 1
P00, Trade, 15588.019, 169, P00, B22, 1
P00, Trade, 15593.577, 167, P00, S10, 1
P00, Trade, 15597.385, 173, P00, B17, 1
P00, Trade, 15598.673, 173, P00, S17, 1
P00, Trade, 15602.558, 174, P00, B22, 1
P00, Trade, 15604.077, 171, P00, S02, 1
P00, Trade, 15610.154, 169, B18, P00, 1
P00, Trade, 15613.654, 168, P00, S00, 1
P00, Trade, 15617.269, 172, P00, B00, 1
P00, Trade, 15619.135, 169, P00, S04, 1
P00, Trade, 15632.154, 168, P00, B22, 1
P00, Trade, 15635.404, 166, P00, S06, 1
P00, Trade, 15638.615, 167, P00, B02, 1
P00, Trade, 15643.423, 184, P00, S12, 1
P00, Trade, 15649.288, 174, P00, B13, 1
P00, Trade, 15655.269, 170, P00, S15, 1
P00, Trade, 15656.981, 171, P00, B24, 1
P00, Trade, 15661.250, 174, P00, S00, 1
P00, Trade, 15669.212, 171, P00, B05, 1
P00, Trade, 15672.212, 168, P00, S05, 1
P00, Trade, 15681.308, 171, P00, B12, 1
P00, Trade, 15682.288, 170, P00, S05, 1
P00, Trade, 15686.577, 169, P00, B00, 1
P00, Trade, 15690.346, 166, P00, S04, 1
P00, Trade, 15692.558, 168, P00, B09, 1
P00, Trade, 15695.635, 167, P00, S03, 1
P00, Trade, 15710.135, 171, P00, B09, 1
P00, Trade, 15713.462, 171, P00, S00, 1
P00, Trade, 15716.154, 173, P00, B10, 1
P00, Trade, 15719.904, 174, P00, S07, 1
P00, Trade, 15725.019, 170, P00, B14, 1
P00, Trade, 15728.558, 168, P00, S20, 1
P00, Trade, 15730.154, 172, P00, B16, 1
P00, Trade, 15735.712, 167, P00, S24, 1
P00, Trade, 15741.212, 172, P00, B02, 1
P00, Trade, 15744.327, 170, P00, S15, 1
P00, Trade, 15746.827, 170, P00, B12, 1
P00, Trade, 15748.404, 169, P00, S22, 1
P00, Trade, 15750.173, 171, P00, B00, 1
P00, Trade, 15758.462, 170, P00, S15, 1
P00, Trade, 15765.000, 174, P00, B12, 1
P00, Trade, 15771.500, 169, P00, S00, 1
P00, Trade, 15774.827, 169, P00, B00, 1
P00, Trade, 15780.769, 166, P00, S14, 1
P00, Trade, 15785.654, 166, P00, B09, 1
P00, Trade, 15789.865, 163, P00, S10, 1
P00, Trade, 15793.904, 175, P00, B14, 1
P00, Trade, 15797.385, 171, P00, S02, 1
P00, Trade, 15808.846, 175, P00, B17, 1
P00, Trade, 15813.635, 168, P00, S09, 1
P00, Trade, 15818.692, 166, P00, B16, 1
P00, Trade, 15821.288, 164, P00, S06, 1
P00, Trade, 15823.769, 170, P00, B12, 1
P00, Trade, 15825.404, 165, P00, S15, 1
P00, Trade, 15828.077, 171, P00, B01, 1
P00, Trade, 15831.962, 170, P00, S13, 1
P00, Trade, 15836.692, 171, P00, B09, 1
P00, Trade, 15838.000, 168, S12, P00, 1
P00, Trade, 15843.942, 168, P00, B01, 1
P00, Trade, 15852.269, 171, P00, S00, 1
P00, Trade, 15861.077, 175, P00, B15, 1
P00, Trade, 15862.654, 173, P00, S06, 1
P00, Trade, 15867.885, 169, P00, B19, 1
P00, Trade, 15874.923, 167, P00, S24, 1
P00, Trade, 15877.115, 168, P00, B08, 1
P00, Trade, 15879.327, 171, P00, S12, 1
P00, Trade, 15883.808, 172, P00, B12, 1
P00, Trade, 15892.365, 171, P00, S04, 1
P00, Trade, 15898.308, 173, P00, B21, 1
P00, Trade, 15903.846, 172, P00, S22, 1
P00, Trade, 15909.808, 165, P00, B20, 1
P00, Trade, 15913.462, 163, P00, S20, 1
P00, Trade, 15925.500, 175, P00, B00, 1
P00, Trade, 15937.115, 167, P00, S07, 1
P00, Trade, 15946.288, 168, P00, B03, 1
P00, Trade, 15948.865, 166, P00, S08, 1
P00, Trade, 15952.846, 171, P00, B09, 1
P00, Trade, 15954.115, 165, P00, S01, 1
P00, Trade, 15958.769, 169, P00, B08, 1
P00, Trade, 15960.288, 166, P00, S18, 1
P00, Trade, 15965.288, 169, P00, B01, 1
P00, Trade, 15971.673, 168, P00, S06, 1
P00, Trade, 15976.596, 164, B06, P00, 1
P00, Trade, 15983.692, 172, P00, S15, 1
P00, Trade, 15989.288, 176, P00, B24, 1
P00, Trade, 15990.654, 175, P00, S24, 1
P00, Trade, 15991.481, 176, P00, B20, 1
P00, Trade, 15993.846, 171, P00, S15, 1
P00, Trade, 16000.462, 172, P00, B00, 1
P00, Trade, 16006.885, 169, P00, S09, 1
P00, Trade, 16009.000, 174, P00, B06, 1
P00, Trade, 16019.038, 171, P00, S10, 1
P00, Trade, 16028.423, 174, P00, B17, 1
P00, Trade, 16036.596, 168, P00, S15, 1
P00, Trade, 16048.135, 174, P00, B12, 1
P00, Trade, 16050.442, 176, P00, S22, 1
P00, Trade, 16064.058, 167, P00, B01, 1
P00, Trade, 16071.462, 169, P00, S10, 1
P00, Trade, 16090.077, 170, P00, B00, 1
P00, Trade, 16094.288, 168, P00, S06, 1
P00, Trade, 16095.404, 170, P00, B01, 1
P00, Trade, 16098.865, 168, P00, S00, 1
P00, Trade, 16105.327, 167, P00, B09, 1
P00, Trade, 16107.519, 167, P00, S23, 1
P00, Trade, 16116.558, 168, P00, B16, 1
P00, Trade, 16120.558, 169, P00, S22, 1
P00, Trade, 16122.154, 169, P00, B09, 1
P00, Trade, 16126.827, 166, P00, S16, 1
P00, Trade, 16129.942, 175, P00, B20, 1
P00, Trade, 16134.615, 171, P00, S05, 1
P00, Trade, 16137.481, 172, P00, B12, 1
P00, Trade, 16138.846, 167, P00, S09, 1
P00, Trade, 16142.192, 167, P00, B00, 1
P00, Trade, 16147.346, 166, P00, S08, 1
P00, Trade, 16151.596, 168, P00, B13, 1
P00, Trade, 16157.692, 170, P00, S13, 1
P00, Trade, 16163.904, 181, P00, B09, 1
P00, Trade, 16170.231, 167, P00, S11, 1
P00, Trade, 16173.788, 176, P00, B12, 1
P00, Trade, 16182.019, 169, P00, S09, 1
P00, Trade, 16188.192, 170, P00, B22, 1
P00, Trade, 16194.481, 170, P00, S22, 1
P00, Trade, 16211.577, 167, P00, B13, 1
P00, Trade, 16217.865, 164, P00, S04, 1
P00, Trade, 16224.615, 170, P00, B05, 1
P00, Trade, 16228.096, 168, P00, S11, 1
P00, Trade, 16231.712, 171, P00, B02, 1
P00, Trade, 16236.019, 170, P00, S07, 1
P00, Trade, 16240.327, 173, P00, B19, 1
P00, Trade, 16243.115, 167, P00, S13, 1
P00, Trade, 16252.692, 172, P00, B02, 1
P00, Trade, 16259.462, 168, P00, S03, 1
P00, Trade, 16262.769, 166, B04, P00, 1
P00, Trade, 16268.731, 169, P00, S04, 1
P00, Trade, 16282.808, 170, P00, B19, 1
P00, Trade, 16289.673, 170, P00, S01, 1
P00, Trade, 16294.058, 170, P00, B00, 1
P00, Trade, 16301.365, 176, P00, S07, 1
P00, Trade, 16302.846, 179, P00, B07, 1
P00, Trade, 16307.154, 171, P00, S17, 1
P00, Trade, 16309.192, 170, P00, B01, 1
P00, Trade, 16318.173, 176, P00, S05, 1
P00, Trade, 16327.500, 168, P00, B18, 1
P00, Trade, 16332.885, 166, P00, S09, 1
P00, Trade, 16337.538, 172, P00, B12, 1
P00, Trade, 16342.827, 168, P00, S12, 1
P00, Trade, 16344.135, 173, P00, B08, 1
P00, Trade, 16354.519, 173, P00, S00, 1
P00, Trade, 16362.904, 170, P00, B08, 1
P00, Trade, 16365.404, 169, P00, S13, 1
P00, Trade, 16367.865, 171, P00, B14, 1
P00, Trade, 16370.558, 170, P00, S15, 1
P00, Trade, 16385.827, 165, B03, P00, 1
P00, Trade, 16389.212, 167, P00, S05, 1
P00, Trade, 16390.269, 172, P00, B12, 1
P00, Trade, 16395.192, 168, P00, S03, 1
P00, Trade, 16402.288, 172, P00, B23, 1
P00, Trade, 16404.173, 168, P00, S09, 1
P00, Trade, 16406.596, 176, P00, B08, 1
P00, Trade, 16407.096, 173, P00, S22, 1
P00, Trade, 16409.712, 168, P00, B11, 1
P00, Trade, 16418.596, 167, P00, S04, 1
P00, Trade, 16422.365, 170, P00, B23, 1
P00, Trade, 16429.154, 167, P00, S07, 1
P00, Trade, 16431.635, 169, P00, B15, 1
P00, Trade, 16433.750, 168, P00, S03, 1
P00, Trade, 16440.269, 170, P00, B12, 1
P00, Trade, 16443.885, 170, P00, S22, 1
P00, Trade, 16449.019, 174, P00, B07, 1
P00, Trade, 16452.596, 168, P00, S10, 1
P00, Trade, 16459.885, 175, P00, B20, 1
P00, Trade, 16466.404, 175, P00, S13, 1
P00, Trade, 16476.154, 167, P00, B11, 1
P00, Trade, 16479.750, 166, P00, S08, 1
P00, Trade, 16485.673, 165, P00, B12, 1
P00, Trade, 16493.365, 166, P00, S19, 1
P00, Trade, 16496.096, 172, P00, B22, 1
P00, Trade, 16507.846, 167, P00, S09, 1
P00, Trade, 16512.385, 172, P00, B03, 1
P00, Trade, 16519.788, 169, P00, S07, 1
P00, Trade, 16523.558, 167, P00, B08, 1
P00, Trade, 16526.192, 164, P00, S19, 1
P00, Trade, 16528.558, 165, P00, B19, 1
P00, Trade, 16534.808, 167, P00, S17, 1
P00, Trade, 16544.269, 173, P00, B08, 1
P00, Trade, 16546.673, 170, S06, P00, 1
P00, Trade, 16551.365, 170, P00, B19, 1
P00, Trade, 16559.038, 170, P00, S00, 1
P00, Trade, 16563.269, 170, P00, B09, 1
P00, Trade, 16565.462, 167, P00, S13, 1
P00, Trade, 16567.135, 168, P00, B23, 1
P00, Trade, 16575.327, 166, P00, S24, 1
P00, Trade, 16579.327, 173, P00, B17, 1
P00, Trade, 16581.731, 171, P00, S11, 1
P00, Trade, 16582.481, 172, P00, B08, 1
P00, Trade, 16585.173, 169, P00, S15, 1
P00, Trade, 16586.385, 169, P00, B01, 1
P00, Trade, 16598.423, 171, P00, S11, 1
P00, Trade, 16600.231, 171, P00, B09, 1
P00, Trade, 16601.346, 169, P00, S16, 1
P00, Trade, 16605.154, 171, P00, B14, 1
P00, Trade, 16610.885, 175, P00, S00, 1
P00, Trade, 16613.404, 182, P00, B13, 1
P00, Trade, 16617.327, 174, P00, S00, 1
P00, Trade, 16620.904, 167, P00, B14, 1
P00, Trade, 16623.846, 165, P00, S20, 1
P00, Trade, 16627.269, 168, P00, B17, 1
P00, Trade, 16628.673, 167, P00, S01, 1
P00, Trade, 16634.135, 166, P00, B12, 1
P00, Trade, 16641.115, 170, P00, S10, 1
P00, Trade, 16644.481, 172, P00, B09, 1
P00, Trade, 16651.038, 171, P00, S04, 1
P00, Trade, 16653.269, 174, P00, B16, 1
P00, Trade, 16660.173, 171, P00, S12, 1
P00, Trade, 16665.596, 169, P00, B13, 1
P00, Trade, 16669.500, 163, P00, S14, 1
P00, Trade, 16674.327, 167, P00, B20, 1
P00, Trade, 16682.500, 165, P00, S23, 1
P00, Trade, 16683.654, 173, P00, B16, 1
P00, Trade, 16689.769, 168, P00, S08, 1
P00, Trade, 16692.769, 171, P00, B11, 1
P00, Trade, 16697.788, 167, P00, S19, 1
P00, Trade, 16701.942, 176, P00, B02, 1
P00, Trade, 16707.558, 176, P00, S04, 1
P00, Trade, 16718.692, 166, P00, B09, 1
P00, Trade, 16728.404, 171, P00, S24, 1
P00, Trade, 16737.154, 169, P00, B12, 1
P00, Trade, 16744.058, 169, P00, S04, 1
P00, Trade, 16745.962, 177, P00, B14, 1
P00, Trade, 16750.962, 173, P00, S20, 1
P00, Trade, 16755.846, 169, P00, B04, 1
P00, Trade, 16761.365, 168, P00, S12, 1
P00, Trade, 16768.519, 169, P00, B07, 1
P00, Trade, 16776.827, 170, P00, S10, 1
P00, Trade, 16778.692, 174, P00, B09, 1
P00, Trade, 16782.904, 166, P00, S17, 1
P00, Trade, 16790.712, 166, P00, B17, 1
P00, Trade, 16794.404, 162, P00, S19, 1
P00, Trade, 16795.904, 169, P00, B05, 1
P00, Trade, 16798.481, 168, P00, S15, 1
P00, Trade, 16801.019, 169, P00, B22, 1
P00, Trade, 16806.135, 170, P00, S00, 1
P00, Trade, 16811.712, 166, P00, B21, 1
P00, Trade, 16814.923, 165, P00, S18, 1
P00, Trade, 16820.192, 173, P00, B12, 1
P00, Trade, 16829.000, 166, P00, S20, 1
P00, Trade, 16835.154, 168, P00, B18, 1
P00, Trade, 16839.885, 168, P00, S16, 1
P00, Trade, 16843.923, 170, P00, B15, 1
P00, Trade, 16845.692, 169, P00, S09, 1
P00, Trade, 16849.365, 171, P00, B17, 1
P00, Trade, 16854.058, 167, P00, S04, 1
P00, Trade, 16859.750, 171, P00, B15, 1
P00, Trade, 16868.962, 171, P00, S07, 1
P00, Trade, 16871.904, 165, P00, B00, 1
P00, Trade, 16877.327, 175, P00, S05, 1
P00, Trade, 16881.615, 171, B12, P00, 1
P00, Trade, 16885.692, 164, P00, S23, 1
P00, Trade, 16896.481, 172, P00, B19, 1
P00, Trade, 16899.750, 173, P00, S08, 1
P00, Trade, 16903.615, 172, P00, B24, 1
P00, Trade, 16905.827, 169, P00, S00, 1
P00, Trade, 16908.942, 169, P00, B12, 1
P00, Trade, 16914.635, 170, P00, S22, 1
P00, Trade, 16919.212, 171, P00, B22, 1
P00, Trade, 16922.288, 168, P00, S01, 1
P00, Trade, 16925.077, 171, P00, B08, 1
P00, Trade, 16929.038, 172, P00, S15, 1
P00, Trade, 16938.827, 172, P00, B06, 1
P00, Trade, 16946.231, 170, P00, S17, 1
P00, Trade, 16950.865, 170, P00, B01, 1
P00, Trade, 16957.423, 176, P00, S15, 1
P00, Trade, 16959.942, 176, P00, B14, 1
P00, Trade, 16964.404, 173, P00, S17, 1
P00, Trade, 16969.596, 169, B21, P00, 1
P00, Trade, 16971.019, 167, P00, S00, 1
P00, Trade, 16973.500, 170, P00, B01, 1
P00, Trade, 16982.442, 171, P00, S17, 1
P00, Trade, 16987.019, 174, P00, B12, 1
P00, Trade, 16990.519, 170, P00, S00, 1
P00, Trade, 17002.808, 169, P00, B21, 1
P00, Trade, 17007.308, 167, P00, S18, 1
P00, Trade, 17011.712, 168, P00, B24, 1
P00, Trade, 17014.462, 166, P00, S02, 1
P00, Trade, 17016.288, 169, P00, B01, 1
P00, Trade, 17024.519, 170, P00, S06, 1
P00, Trade, 17031.250, 171, P00, B17, 1
P00, Trade, 17037.673, 171, P00, S12, 1
P00, Trade, 17041.442, 168, P00, B09, 1
P00, Trade, 17043.000, 166, P00, S17, 1
P00, Trade, 17044.788, 166, P00, B24, 1
P00, Trade, 17051.404, 163, P00, S10, 1
P00, Trade, 17053.192, 174, P00, B10, 1
P00, Trade, 17058.385, 175, P00, S19, 1
P00, Trade, 17066.404, 173, P00, B01, 1
P00, Trade, 17070.942, 168, P00, S04, 1
P00, Trade, 17075.731, 171, P00, B11, 1
P00, Trade, 17084.558, 170, P00, S01, 1
P00, Trade, 17087.615, 171, P00, B17, 1
P00, Trade, 17097.654, 172, P00, S23, 1
P00, Trade, 17103.019, 176, P00, B17, 1
P00, Trade, 17109.462, 169, P00, S08, 1
P00, Trade, 17115.538, 174, P00, B19, 1
P00, Trade, 17120.981, 173, P00, S00, 1
P00, Trade, 17125.731, 175, P00, B09, 1
P00, Trade, 17127.596, 174, P00, S20, 1
P00, Trade, 17132.115, 166, P00, B01, 1
P00, Trade, 17137.135, 174, P00, S23, 1
P00, Trade, 17139.731, 175, P00, B14, 1
P00, Trade, 17141.173, 180, P00, S08, 1
P00, Trade, 17150.596, 167, P00, B01, 1
P00, Trade, 17154.712, 169, P00, S04, 1
P00, Trade, 17160.481, 170, P00, B07, 1
P00, Trade, 17165.308, 167, P00, S16, 1
P00, Trade, 17174.712, 172, P00, B12, 1
P00, Trade, 17182.692, 169, P00, S10, 1
P00, Trade, 17184.288, 176, P00, B08, 1
P00, Trade, 17190.596, 171, P00, S04, 1
P00, Trade, 17195.212, 171, P00, B00, 1
P00, Trade, 17197.885, 169, P00, S08, 1
P00, Trade, 17203.731, 173, P00, B11, 1
P00, Trade, 17206.404, 166, P00, S05, 1
P00, Trade, 17211.327, 168, P00, B08, 1
P00, Trade, 17215.712, 166, P00, S04, 1
P00, Trade, 17216.673, 172, P00, B24, 1
P00, Trade, 17218.269, 169, P00, S09, 1
P00, Trade, 17221.654, 173, P00, B01, 1
P00, Trade, 17224.250, 169, P00, S13, 1
P00, Trade, 17232.500, 170, P00, B01, 1
P00, Trade, 17238.308, 171, P00, S03, 1
P00, Trade, 17242.462, 169, P00, B12, 1
P00, Trade, 17245.538, 168, P00, S00, 1
P00, Trade, 17247.846, 170, P00, B12, 1
P00, Trade, 17252.846, 167, P00, S15, 1
P00, Trade, 17256.712, 168, P00, B20, 1
P00, Trade, 17260.000, 166, P00, S00, 1
P00, Trade, 17268.577, 176, P00, B16, 1
P00, Trade, 17268.827, 173, P00, S18, 1
P00, Trade, 17286.846, 167, P00, B00, 1
P00, Trade, 17294.519, 164, P00, S04, 1
P00, Trade, 17300.192, 170, P00, B20, 1
P00, Trade, 17302.038, 170, P00, S07, 1
P00, Trade, 17305.942, 168, P00, B18, 1
P00, Trade, 17316.327, 171, P00, S18, 1
P00, Trade, 17319.192, 174, P00, B11, 1
P00, Trade, 17325.000, 170, P00, S18, 1
P00, Trade, 17328.827, 170, P00, B17, 1
P00, Trade, 17331.962, 168, P00, S04, 1
P00, Trade, 17340.308, 170, P00, B12, 1
P00, Trade, 17345.173, 172, P00, S11, 1
P00, Trade, 17350.442, 170, P00, B20, 1
P00, Trade, 17356.962, 167, P00, S07, 1
P00, Trade, 17362.788, 170, P00, B20, 1
P00, Trade, 17366.385, 168, P00, S12, 1
P00, Trade, 17372.635, 175, P00, B16, 1
P00, Trade, 17379.173, 172, P00, S00, 1
P00, Trade, 17379.827, 173, P00, B04, 1
P00, Trade, 17382.423, 168, P00, S06, 1
P00, Trade, 17384.615, 173, P00, B10, 1
P00, Trade, 17392.442, 171, P00, S00, 1
P00, Trade, 17396.538, 172, P00, B23, 1
P00, Trade, 17399.404, 169, P00, S17, 1
P00, Trade, 17402.942, 171, P00, B03, 1
P00, Trade, 17410.596, 165, P00, S20, 1
P00, Trade, 17418.404, 168, P00, B17, 1
P00, Trade, 17428.000, 168, P00, S13, 1
P00, Trade, 17432.058, 174, P00, B08, 1
P00, Trade, 17438.000, 165, P00, S04, 1
P00, Trade, 17442.077, 166, P00, B10, 1
P00, Trade, 17447.577, 176, P00, S03, 1
P00, Trade, 17454.058, 172, P00, B00, 1
P00, Trade, 17462.827, 171, P00, S00, 1
P00, Trade, 17464.212, 173, P00, B19, 1
P00, Trade, 17471.365, 172, P00, S10, 1
P00, Trade, 17479.865, 173, P00, B16, 1
P00, Trade, 17485.538, 170, P00, S22, 1
P00, Trade, 17488.192, 171, P00, B04, 1
P00, Trade, 17493.731, 168, P00, S23, 1
P00, Trade, 17503.808, 177, P00, B08, 1
P00, Trade, 17507.269, 176, P00, S11, 1
P00, Trade, 17522.577, 170, P00, B01, 1
P00, Trade, 17528.827, 171, P00, S20, 1
P00, Trade, 17530.788, 172, P00, B12, 1
P00, Trade, 17531.615, 171, P00, S22, 1
P00, Trade, 17532.346, 172, P00, B23, 1
P00, Trade, 17537.846, 168, P00, S10, 1
P00, Trade, 17540.288, 170, P00, B16, 1
P00, Trade, 17543.173, 168, P00, S15, 1
P00, Trade, 17548.942, 167, P00, B22, 1
P00, Trade, 17556.365, 175, P00, S15, 1
P00, Trade, 17561.423, 173, P00, B00, 1
P00, Trade, 17568.769, 169, P00, S10, 1
P00, Trade, 17571.000, 172, P00, B03, 1
P00, Trade, 17574.077, 172, P00, S05, 1
P00, Trade, 17575.038, 172, P00, B21, 1
P00, Trade, 17580.750, 171, P00, S19, 1
P00, Trade, 17586.327, 173, P00, B12, 1
P00, Trade, 17588.250, 174, P00, S15, 1
P00, Trade, 17592.538, 171, P00, B08, 1
P00, Trade, 17596.346, 170, P00, S20, 1
P00, Trade, 17609.096, 171, P00, B02, 1
P00, Trade, 17610.538, 168, P00, S00, 1
P00, Trade, 17613.250, 177, P00, B19, 1
P00, Trade, 17619.250, 165, P00, S14, 1
P00, Trade, 17622.250, 159, P00, B07, 1
P00, Trade, 17623.692, 159, P00, S08, 1
P00, Trade, 17626.462, 165, P00, B20, 1
P00, Trade, 17635.308, 171, P00, S20, 1
P00, Trade, 17638.769, 173, P00, B01, 1
P00, Trade, 17641.000, 172, P00, S10, 1
P00, Trade, 17649.827, 171, P00, B12, 1
P00, Trade, 17657.712, 179, P00, S12, 1
P00, Trade, 17660.635, 179, P00, B24, 1
P00, Trade, 17661.173, 176, P00, S01, 1
P00, Trade, 17666.250, 164, P00, B12, 1
P00, Trade, 17668.365, 165, P00, S14, 1
P00, Trade, 17669.827, 166, P00, B08, 1
P00, Trade, 17674.077, 173, P00, P01, 1
P00, Trade, 17685.385, 174, P00, B22, 1
P00, Trade, 17689.923, 171, P00, S17, 1
P00, Trade, 17694.058, 177, P00, B20, 1
P00, Trade, 17704.404, 171, P00, S04, 1
P00, Trade, 17707.231, 171, P00, B11, 1
P00, Trade, 17709.192, 168, P00, S01, 1
P00, Trade, 17713.808, 171, P00, B00, 1
P00, Trade, 17717.288, 174, P00, S00, 1
P00, Trade, 17723.654, 166, P00, B22, 1
P00, Trade, 17727.019, 165, P00, S20, 1
P00, Trade, 17730.808, 167, P00, B09, 1
P00, Trade, 17732.058, 164, P00, S22, 1
P00, Trade, 17741.135, 170, P00, B01, 1
P00, Trade, 17743.808, 167, P00, S06, 1
P00, Trade, 17753.596, 169, P00, B15, 1
P00, Trade, 17758.058, 168, P00, S22, 1
P00, Trade, 17761.231, 170, P00, B22, 1
P00, Trade, 17770.442, 166, P00, S19, 1
P00, Trade, 17771.231, 167, P00, B16, 1
P00, Trade, 17778.981, 171, P00, S03, 1
P00, Trade, 17785.827, 170, P00, B13, 1
P00, Trade, 17793.423, 167, P00, S06, 1
P00, Trade, 17796.404, 169, P00, B02, 1
P00, Trade, 17802.538, 167, P00, S24, 1
P00, Trade, 17806.077, 172, P00, B20, 1
P00, Trade, 17809.596, 168, P00, S02, 1
P00, Trade, 17811.904, 173, P00, B12, 1
P00, Trade, 17814.923, 172, P00, S00, 1
P00, Trade, 17819.923, 174, P00, B20, 1
P00, Trade, 17825.385, 172, P00, S11, 1
P00, Trade, 17834.712, 173, P00, B22, 1
P00, Trade, 17837.423, 172, P00, S17, 1
P00, Trade, 17839.269, 174, P00, B08, 1
P00, Trade, 17841.500, 175, P00, S24, 1
P00, Trade, 17847.154, 175, P00, B09, 1
P00, Trade, 17849.365, 170, P00, S08, 1
P00, Trade, 17854.808, 170, P00, B07, 1
P00, Trade, 17857.462, 171, P00, S02, 1
P00, Trade, 17858.615, 170, P00, B05, 1
P00, Trade, 17863.673, 172, P00, S16, 1
P00, Trade, 17866.327, 173, P00, B09, 1
P00, Trade, 17873.365, 173, P00, S05, 1
P00, Trade, 17876.769, 174, P00, B09, 1
P00, Trade, 17881.942, 175, P00, S00, 1
P00, Trade, 17890.250, 170, P00, B11, 1
P00, Trade, 17891.288, 170, P00, S11, 1
P00, Trade, 17896.750, 170, P00, B11, 1
P00, Trade, 17904.731, 174, P00, S16, 1
P00, Trade, 17911.058, 173, P00, B18, 1
P00, Trade, 17912.192, 170, S08, P00, 1
P00, Trade, 17921.250, 171, P00, B09, 1
P00, Trade, 17930.462, 171, P00, S06, 1
P00, Trade, 17934.327, 173, P00, B15, 1
P00, Trade, 17935.558, 172, P00, S23, 1
P00, Trade, 17939.635, 168, P00, B07, 1
P00, Trade, 17941.135, 165, P00, S02, 1
P00, Trade, 17946.038, 173, P00, B12, 1
P00, Trade, 17950.231, 165, P00, S10, 1
P00, Trade, 17957.019, 173, P00, B12, 1
P00, Trade, 17958.962, 172, P00, S16, 1
P00, Trade, 17969.558, 174, P00, B12, 1
P00, Trade, 17972.327, 170, P00, S22, 1
P00, Trade, 17976.019, 173, P00, B17, 1
P00, Trade, 17980.750, 169, P00, S13, 1
P00, Trade, 17985.808, 164, B15, P00, 1
P00, Trade, 17993.981, 168, P00, S09, 1
P00, Trade, 17995.827, 170, P00, B07, 1
P00, Trade, 18003.750, 172, P00, S12, 1
P00, Trade, 18011.692, 171, P00, B04, 1
P00, Trade, 18015.692, 168, P00, S02, 1
P00, Trade, 18030.385, 168, P00, B17, 1
P00, Trade, 18030.750, 166, P00, S15, 1
P00, Trade, 18032.250, 169, P00, B18, 1
P00, Trade, 18033.481, 169, P00, S06, 1
P00, Trade, 18035.846, 171, P00, B03, 1
P00, Trade, 18038.077, 166, P00, S19, 1
P00, Trade, 18047.923, 170, P00, B01, 1
P00, Trade, 18052.115, 168, P00, S06, 1
P00, Trade, 18056.173, 171, P00, B22, 1
P00, Trade, 18062.000, 178, P00, S08, 1
P00, Trade, 18062.635, 180, P00, B22, 1
P00, Trade, 18069.635, 164, P00, S01, 1
P00, Trade, 18073.538, 163, B06, P00, 1
P00, Trade, 18075.442, 162, P00, S17, 1
P00, Trade, 18078.000, 162, P00, B09, 1
P00, Trade, 18082.788, 167, P00, S02, 1
P00, Trade, 18085.327, 173, P00, B08, 1
P00, Trade, 18093.308, 170, P00, S15, 1
P00, Trade, 18094.827, 178, B14, P00, 1
P00, Trade, 18096.462, 171, P00, S21, 1
P00, Trade, 18103.692, 166, P00, B18, 1
P00, Trade, 18116.115, 165, P00, S14, 1
P00, Trade, 18124.192, 170, P00, B07, 1
P00, Trade, 18126.231, 169, P00, S18, 1
P00, Trade, 18131.827, 166, P00, B13, 1
P00, Trade, 18132.904, 169, P00, S00, 1
P00, Trade, 18135.308, 173, P00, B23, 1
P00, Trade, 18137.577, 169, P00, S05, 1
P00, Trade, 18142.769, 170, P00, B08, 1
P00, Trade, 18145.115, 167, P00, S00, 1
P00, Trade, 18148.192, 171, B09, P00, 1
P00, Trade, 18149.635, 170, P00, S15, 1
P00, Trade, 18155.538, 168, P00, B11, 1
P00, Trade, 18166.692, 165, P00, S13, 1
P00, Trade, 18168.923, 167, P00, B13, 1
P00, Trade, 18175.269, 168, P00, S21, 1
P00, Trade, 18176.846, 173, P00, B01, 1
P00, Trade, 18184.827, 164, P00, S03, 1
P00, Trade, 18188.173, 169, P00, B15, 1
P00, Trade, 18194.519, 165, P00, S01, 1
P00, Trade, 18195.885, 172, P00, B03, 1
P00, Trade, 18200.442, 164, P00, S15, 1
P00, Trade, 18213.865, 170, P00, B00, 1
P00, Trade, 18220.904, 171, P00, S00, 1
P00, Trade, 18222.846, 173, P00, B23, 1
P00, Trade, 18225.077, 171, P00, S10, 1
P00, Trade, 18232.077, 171, P00, B11, 1
P00, Trade, 18236.385, 167, P00, S10, 1
P00, Trade, 18238.519, 174, P00, B01, 1
P00, Trade, 18245.327, 173, P00, S11, 1
P00, Trade, 18250.442, 171, P00, B18, 1
P00, Trade, 18262.692, 166, P00, S06, 1
P00, Trade, 18266.635, 169, P00, B08, 1
P00, Trade, 18275.019, 169, S05, P00, 1
P00, Trade, 18278.865, 169, P00, B15, 1
P00, Trade, 18288.385, 163, P00, S06, 1
P00, Trade, 18295.750, 168, P00, B20, 1
P00, Trade, 18299.788, 173, P00, S04, 1
P00, Trade, 18304.058, 174, P00, B09, 1
P00, Trade, 18309.442, 173, P00, S09, 1
P00, Trade, 18316.077, 168, P00, B09, 1
P00, Trade, 18324.635, 169, P00, S14, 1
P00, Trade, 18329.096, 173, P00, B09, 1
P00, Trade, 18331.173, 174, P00, S06, 1
P00, Trade, 18342.538, 164, P00, B03, 1
P00, Trade, 18352.115, 171, P00, S13, 1
P00, Trade, 18359.788, 174, P00, B08, 1
P00, Trade, 18366.192, 168, P00, S15, 1
P00, Trade, 18372.481, 169, P00, B23, 1
P00, Trade, 18378.615, 179, P00, S07, 1
P00, Trade, 18387.231, 172, P00, B20, 1
P00, Trade, 18391.654, 170, P00, S21, 1
P00, Trade, 18395.808, 166, P00, B19, 1
P00, Trade, 18397.212, 164, P00, S01, 1
P00, Trade, 18402.558, 173, P00, B01, 1
P00, Trade, 18409.808, 167, P00, S00, 1
P00, Trade, 18418.692, 171, P00, B03, 1
P00, Trade, 18420.250, 169, P00, S04, 1
P00, Trade, 18421.269, 172, P00, B17, 1
P00, Trade, 18424.212, 170, P00, S00, 1
P00, Trade, 18427.077, 173, P00, B06, 1
P00, Trade, 18430.635, 172, P00, S13, 1
P00, Trade, 18435.769, 166, P00, B03, 1
P00, Trade, 18443.135, 169, P00, S03, 1
P00, Trade, 18445.635, 171, P00, B17, 1
P00, Trade, 18446.135, 167, P00, S04, 1
P00, Trade, 18464.212, 170, P00, B00, 1
P00, Trade, 18467.904, 167, P00, S20, 1
P00, Trade, 18469.442, 170, P00, B09, 1
P00, Trade, 18475.269, 168, P00, S12, 1
P00, Trade, 18478.173, 172, P00, B21, 1
P00, Trade, 18480.865, 174, P00, S14, 1
P00, Trade, 18485.519, 176, P00, B09, 1
P00, Trade, 18486.346, 175, P00, S10, 1
P00, Trade, 18494.327, 168, P00, B00, 1
P00, Trade, 18499.481, 167, P00, S18, 1
P00, Trade, 18502.923, 176, P00, B08, 1
P00, Trade, 18505.577, 167, P00, S13, 1
P00, Trade, 18510.423, 168, P00, B09, 1
P00, Trade, 18520.154, 170, P00, S00, 1
P00, Trade, 18526.192, 169, P00, B06, 1
P00, Trade, 18529.904, 169, P00, S04, 1
P00, Trade, 18537.596, 170, P00, B22, 1
P00, Trade, 18545.288, 173, P00, S18, 1
P00, Trade, 18547.962, 174, P00, B00, 1
P00, Trade, 18551.712, 172, P00, S06, 1
P00, Trade, 18560.077, 169, P00, B21, 1
P00, Trade, 18563.981, 167, P00, S05, 1
P00, Trade, 18567.885, 170, P00, B22, 1
P00, Trade, 18574.462, 170, P00, S01, 1
P00, Trade, 18576.712, 171, P00, B02, 1
P00, Trade, 18579.865, 170, P00, S15, 1
P00, Trade, 18582.981, 172, P00, B03, 1
P00, Trade, 18587.135, 168, P00, S00, 1
P00, Trade, 18594.481, 170, P00, B16, 1
P00, Trade, 18598.135, 167, P00, S13, 1
P00, Trade, 18602.788, 169, P00, B03, 1
P00, Trade, 18609.885, 171, P00, S01, 1
P00, Trade, 18616.365, 170, P00, B22, 1
P00, Trade, 18619.231, 165, P00, S01, 1
P00, Trade, 18628.538, 164, P00, B20, 1
P00, Trade, 18635.173, 165, P00, S07, 1
P00, Trade, 18636.750, 164, P00, B12, 1
P00, Trade, 18638.712, 163, P00, S16, 1
P00, Trade, 18644.288, 168, P00, B02, 1
P00, Trade, 18646.769, 167, P00, S06, 1
P00, Trade, 18655.462, 175, P00, B09, 1
P00, Trade, 18658.962, 166, P00, S17, 1
P00, Trade, 18666.635, 167, P00, B11, 1
P00, Trade, 18675.962, 175, P00, S10, 1
P00, Trade, 18683.712, 176, P00, B09, 1
P00, Trade, 18687.212, 172, P00, S04, 1
P00, Trade, 18693.231, 168, P00, B20, 1
P00, Trade, 18698.827, 169, P00, S02, 1
P00, Trade, 18701.288, 171, P00, B09, 1
P00, Trade, 18706.423, 176, P00, S15, 1
P00, Trade, 18716.654, 174, P00, B12, 1
P00, Trade, 18720.365, 168, P00, S21, 1
P00, Trade, 18726.981, 176, P00, B18, 1
P00, Trade, 18731.577, 173, P00, S22, 1
P00, Trade, 18734.115, 164, P00, B16, 1
P00, Trade, 18741.058, 172, P00, S04, 1
P00, Trade, 18748.000, 177, P00, B04, 1
P00, Trade, 18753.538, 173, P00, S19, 1
P00, Trade, 18758.712, 172, P00, B22, 1
P00, Trade, 18765.808, 172, P00, S04, 1
P00, Trade, 18789.712, 169, P00, B09, 1
P00, Trade, 18797.308, 174, P00, S21, 1
P00, Trade, 18807.558, 172, P00, B20, 1
P00, Trade, 18816.173, 164, P00, S03, 1
P00, Trade, 18818.673, 168, P00, B08, 1
P00, Trade, 18827.673, 170, P00, S03, 1
P00, Trade, 18829.846, 169, P00, B12, 1
P00, Trade, 18834.404, 168, P00, S04, 1
P00, Trade, 18836.558, 170, P00, B08, 1
P00, Trade, 18838.115, 165, P00, S00, 1
P00, Trade, 18839.731, 170, P00, B07, 1
P00, Trade, 18842.827, 165, P00, S15, 1
P00, Trade, 18848.827, 165, P00, B19, 1
P00, Trade, 18852.019, 168, P00, S04, 1
P00, Trade, 18856.269, 173, P00, B14, 1
P00, Trade, 18861.827, 167, P00, S22, 1
P00, Trade, 18868.692, 169, P00, B08, 1
P00, Trade, 18875.692, 168, P00, S10, 1
P00, Trade, 18883.923, 170, P00, B08, 1
P00, Trade, 18889.577, 166, P00, S21, 1
P00, Trade, 18891.442, 172, P00, B10, 1
P00, Trade, 18896.154, 172, P00, S02, 1
P00, Trade, 18901.923, 173, P00, B14, 1
P00, Trade, 18909.808, 168, P00, S18, 1
P00, Trade, 18910.731, 169, P00, B01, 1
P00, Trade, 18915.250, 170, P00, S20, 1
P00, Trade, 18920.673, 170, P00, B12, 1
P00, Trade, 18922.865, 173, P00, S16, 1
P00, Trade, 18926.308, 178, P00, B14, 1
P00, Trade, 18934.500, 169, P00, S04, 1
P00, Trade, 18935.904, 171, P00, B03, 1
P00, Trade, 18938.635, 162, P00, S03, 1
P00, Trade, 18943.962, 164, P00, B12, 1
P00, Trade, 18952.173, 168, P00, S22, 1
P00, Trade, 18956.481, 175, P00, B16, 1
P00, Trade, 18957.635, 168, P00, S15, 1
P00, Trade, 18963.538, 170, P00, B20, 1
P00, Trade, 18967.635, 171, P00, S10, 1
P00, Trade, 18974.385, 172, P00, B20, 1
P00, Trade, 18975.904, 171, P00, S22, 1
P00, Trade, 18977.385, 172, P00, B08, 1
P00, Trade, 18986.346, 173, P00, S20, 1
P00, Trade, 18994.596, 171, P00, B08, 1
P00, Trade, 18998.135, 168, P00, S14, 1
P00, Trade, 19000.654, 169, P00, B03, 1
P00, Trade, 19011.923, 174, P00, S15, 1
P00, Trade, 19020.404, 170, P00, B22, 1
P00, Trade, 19030.115, 167, P00, S04, 1
P00, Trade, 19033.962, 168, P00, B02, 1
P00, Trade, 19042.231, 167, P00, S13, 1
P00, Trade, 19044.942, 173, P00, B14, 1
P00, Trade, 19048.500, 169, P00, S07, 1
P00, Trade, 19050.038, 172, P00, B00, 1
P00, Trade, 19055.308, 167, P00, S15, 1
P00, Trade, 19058.000, 169, P00, B13, 1
P00, Trade, 19060.462, 170, P00, S15, 1
P00, Trade, 19062.769, 172, P00, B03, 1
P00, Trade, 19068.212, 172, P00, S04, 1
P00, Trade, 19076.538, 168, P00, B06, 1
P00, Trade, 19077.615, 167, P00, S19, 1
P00, Trade, 19083.173, 171, P00, B22, 1
P00, Trade, 19084.096, 170, P00, S01, 1
P00, Trade, 19089.885, 169, P00, B19, 1
P00, Trade, 19094.365, 164, S03, P00, 1
P00, Trade, 19098.577, 164, P00, B06, 1
P00, Trade, 19100.558, 169, P00, S03, 1
P00, Trade, 19109.654, 174, P00, B20, 1
P00, Trade, 19120.250, 171, P00, S07, 1
P00, Trade, 19124.365, 176, P00, B01, 1
P00, Trade, 19126.788, 172, P00, S04, 1
P00, Trade, 19136.615, 176, P00, B08, 1
P00, Trade, 19142.538, 172, P00, S04, 1
P00, Trade, 19145.654, 175, P00, B08, 1
P00, Trade, 19152.288, 170, P00, S14, 1
P00, Trade, 19159.269, 171, P00, B12, 1
P00, Trade, 19164.635, 170, P00, S20, 1
P00, Trade, 19168.981, 171, P00, B20, 1
P00, Trade, 19172.692, 169, P00, S13, 1
P00, Trade, 19174.712, 169, P00, B05, 1
P00, Trade, 19186.327, 176, P00, S24, 1
P00, Trade, 19196.115, 167, P00, B17, 1
P00, Trade, 19202.981, 168, P00, S13, 1
P00, Trade, 19204.077, 173, P00, B22, 1
P00, Trade, 19206.077, 171, P00, S17, 1
P00, Trade, 19208.365, 172, P00, B02, 1
P00, Trade, 19215.288, 169, P00, S07, 1
P00, Trade, 19218.904, 174, P00, B01, 1
P00, Trade, 19222.923, 170, P00, S17, 1
P00, Trade, 19231.673, 166, P00, B11, 1
P00, Trade, 19238.904, 168, P00, S18, 1
P00, Trade, 19240.635, 170, P00, B18, 1
P00, Trade, 19244.538, 166, P00, S18, 1
P00, Trade, 19248.769, 170, P00, B12, 1
P00, Trade, 19254.173, 173, P00, S18, 1
P00, Trade, 19256.038, 172, P00, B14, 1
P00, Trade, 19261.442, 163, S13, P00, 1
P00, Trade, 19265.288, 167, P00, B16, 1
P00, Trade, 19271.212, 166, P00, S04, 1
P00, Trade, 19278.827, 171, P00, B22, 1
P00, Trade, 19287.712, 171, P00, S14, 1
P00, Trade, 19292.654, 176, P00, B12, 1
P00, Trade, 19296.673, 175, P00, S00, 1
P00, Trade, 19300.788, 177, P00, B17, 1
P00, Trade, 19308.942, 170, P00, S01, 1
P00, Trade, 19311.288, 171, P00, B24, 1
P00, Trade, 19317.385, 169, P00, S04, 1
P00, Trade, 19321.192, 170, P00, B04, 1
P00, Trade, 19326.538, 168, P00, S06, 1
P00, Trade, 19330.212, 176, P00, B17, 1
P00, Trade, 19337.962, 173, P00, S19, 1
P00, Trade, 19340.192, 168, P00, B00, 1
P00, Trade, 19352.192, 172, P00, S24, 1
P00, Trade, 19362.942, 176, P00, B16, 1
P00, Trade, 19366.865, 172, P00, S00, 1
P00, Trade, 19373.192, 169, P00, B16, 1
P00, Trade, 19380.481, 171, P00, S17, 1
P00, Trade, 19388.058, 172, P00, B20, 1
P00, Trade, 19396.712, 178, P00, S03, 1
P00, Trade, 19404.962, 175, P00, B12, 1
P00, Trade, 19408.500, 168, P00, S13, 1
P00, Trade, 19410.615, 169, P00, B03, 1
P00, Trade, 19422.423, 168, P00, S17, 1
P00, Trade, 19426.635, 169, P00, B04, 1
P00, Trade, 19430.288, 178, P00, S24, 1
P00, Trade, 19436.808, 178, P00, B09, 1
P00, Trade, 19451.365, 171, P00, S21, 1
P00, Trade, 19459.346, 171, P00, B20, 1
P00, Trade, 19463.481, 173, P00, S07, 1
P00, Trade, 19466.538, 173, P00, B10, 1
P00, Trade, 19474.731, 171, P00, S17, 1
P00, Trade, 19487.346, 168, P00, B03, 1
P00, Trade, 19499.981, 169, P00, S13, 1
P00, Trade, 19508.712, 173, P00, B22, 1
P00, Trade, 19510.231, 170, P00, S04, 1
P00, Trade, 19515.788, 176, P00, B11, 1
P00, Trade, 19521.808, 173, P00, S09, 1
P00, Trade, 19525.538, 171, P00, B12, 1
P00, Trade, 19527.365, 165, P00, S19, 1
P00, Trade, 19528.558, 166, B05, P00, 1
P00, Trade, 19536.346, 174, P00, S19, 1
P00, Trade, 19545.750, 172, P00, B20, 1
P00, Trade, 19554.154, 171, P00, S07, 1
P00, Trade, 19565.135, 170, P00, B12, 1
P00, Trade, 19570.365, 168, P00, S10, 1
P00, Trade, 19579.096, 166, P00, B16, 1
P00, Trade, 19582.596, 169, P00, S14, 1
P00, Trade, 19593.788, 168, P00, B08, 1
P00, Trade, 19598.923, 172, P00, S14, 1
P00, Trade, 19603.423, 171, P00, B19, 1
P00, Trade, 19607.635, 170, P00, S15, 1
P00, Trade, 19611.731, 174, P00, B12, 1
P00, Trade, 19614.404, 171, P00, S19, 1
P00, Trade, 19618.135, 176, P00, B00, 1
P00, Trade, 19623.558, 173, P00, S10, 1
P00, Trade, 19625.231, 177, P00, B20, 1
P00, Trade, 19633.096, 171, P00, S15, 1
P00, Trade, 19634.923, 172, P00, B13, 1
P00, Trade, 19653.288, 171, P00, S18, 1
P00, Trade, 19657.269, 173, P00, B09, 1
P00, Trade, 19663.904, 171, P00, S03, 1
P00, Trade, 19669.115, 167, P00, B02, 1
P00, Trade, 19673.385, 167, P00, S09, 1
P00, Trade, 19678.692, 173, P00, B03, 1
P00, Trade, 19682.423, 173, P00, S15, 1
P00, Trade, 19685.942, 176, P00, B14, 1
P00, Trade, 19694.212, 173, P00, S14, 1
P00, Trade, 19699.519, 172, P00, B11, 1
P00, Trade, 19700.596, 165, S00, P00, 1
P00, Trade, 19708.596, 175, P00, B02, 1
P00, Trade, 19711.115, 170, P00, S24, 1
P00, Trade, 19721.808, 169, P00, B17, 1
P00, Trade, 19729.750, 166, P00, S20, 1
P00, Trade, 19732.846, 167, P00, B03, 1
P00, Trade, 19737.712, 169, P00, S13, 1
P00, Trade, 19741.904, 175, P00, B08, 1
P00, Trade, 19749.423, 171, P00, S05, 1
P00, Trade, 19757.712, 168, P00, B17, 1
P00, Trade, 19761.019, 167, P00, S16, 1
P00, Trade, 19765.019, 170, P00, B15, 1
P00, Trade, 19766.115, 167, P00, S20, 1
P00, Trade, 19769.769, 170, P00, B09, 1
P00, Trade, 19775.231, 166, P00, S07, 1
P00, Trade, 19777.481, 172, P00, B09, 1
P00, Trade, 19781.385, 170, P00, S06, 1
P00, Trade, 19785.327, 173, P00, B09, 1
P00, Trade, 19791.635, 170, P00, S19, 1
P00, Trade, 19800.154, 173, P00, B23, 1
P00, Trade, 19804.596, 171, P00, S24, 1
P00, Trade, 19808.635, 172, P00, B12, 1
P00, Trade, 19813.385, 176, P00, S12, 1
P00, Trade, 19815.462, 176, P00, B09, 1
P00, Trade, 19819.827, 172, P00, S14, 1
P00, Trade, 19826.481, 173, P00, B02, 1
P00, Trade, 19834.346, 173, P00, S04, 1
P00, Trade, 19844.308, 169, P00, B02, 1
P00, Trade, 19855.788, 174, P00, S15, 1
P00, Trade, 19856.865, 175, P00, B24, 1
P00, Trade, 19859.750, 173, P00, S06, 1
P00, Trade, 19863.500, 175, P00, B03, 1
P00, Trade, 19871.327, 172, P00, S24, 1
P00, Trade, 19875.365, 173, P00, B17, 1
P00, Trade, 19876.635, 172, P00, S03, 1
P00, Trade, 19879.904, 173, P00, B09, 1
P00, Trade, 19882.481, 164, P00, S02, 1
P00, Trade, 19884.096, 165, P00, B10, 1
P00, Trade, 19890.135, 165, P00, S10, 1
P00, Trade, 19894.712, 174, P00, B14, 1
P00, Trade, 19898.519, 167, P00, S14, 1
P00, Trade, 19908.635, 165, P00, B03, 1
P00, Trade, 19915.942, 168, P00, S14, 1
P00, Trade, 19922.615, 165, P00, B20, 1
P00, Trade, 19928.308, 171, P00, S04, 1
P00, Trade, 19930.423, 171, P00, B24, 1
P00, Trade, 19935.038, 165, P00, S17, 1
P00, Trade, 19937.365, 168, P00, B23, 1
P00, Trade, 19941.096, 168, P00, S03, 1
P00, Trade, 19944.077, 173, P00, B08, 1
P00, Trade, 19949.481, 170, P00, S02, 1
P00, Trade, 19951.538, 171, P00, B02, 1
P00, Trade, 19952.385, 170, S24, P00, 1
P00, Trade, 19955.173, 171, P00, B09, 1
P00, Trade, 19957.654, 169, P00, S18, 1
P00, Trade, 19961.288, 174, P00, B03, 1
P00, Trade, 19965.404, 170, P00, S06, 1
P00, Trade, 19976.173, 177, P00, B01, 1
P00, Trade, 19982.827, 166, P00, S17, 1
P00, Trade, 19988.673, 171, P00, B10, 1
P00, Trade, 19992.038, 170, P00, S02, 1
P00, Trade, 20003.750, 172, P00, B01, 1
P00, Trade, 20006.038, 166, P00, S00, 1
P00, Trade, 20008.385, 170, P00, B19, 1
P00, Trade, 20011.462, 169, P00, S15, 1
P00, Trade, 20013.654, 171, P00, B12, 1
P00, Trade, 20020.135, 175, P00, S03, 1
P00, Trade, 20025.538, 172, P00, B13, 1
P00, Trade, 20029.308, 170, P00, S24, 1
P00, Trade, 20034.288, 171, P00, B23, 1
P00, Trade, 20040.981, 170, P00, S13, 1
P00, Trade, 20044.462, 174, P00, B20, 1
P00, Trade, 20055.673, 174, P00, S06, 1
P00, Trade, 20057.269, 185, P00, B24, 1
P00, Trade, 20059.846, 175, P00, S20, 1
P00, Trade, 20069.827, 164, P00, B13, 1
P00, Trade, 20072.327, 161, P00, S16, 1
P00, Trade, 20079.115, 168, P00, B06, 1
P00, Trade, 20082.154, 168, P00, S19, 1
P00, Trade, 20083.365, 173, P00, B12, 1
P00, Trade, 20088.327, 171, P00, S00, 1
P00, Trade, 20090.212, 171, P00, B02, 1
P00, Trade, 20095.250, 166, P00, S22, 1
P00, Trade, 20098.750, 168, P00, B07, 1
P00, Trade, 20107.423, 174, P00, S13, 1
P00, Trade, 20109.827, 175, P00, B08, 1
P00, Trade, 20115.615, 169, P00, S23, 1
P00, Trade, 20119.000, 172, P00, B13, 1
P00, Trade, 20122.192, 169, P00, S00, 1
P00, Trade, 20127.346, 171, P00, B11, 1
P00, Trade, 20128.538, 165, P00, S14, 1
P00, Trade, 20136.654, 162, P00, B13, 1
P00, Trade, 20139.635, 162, P00, S19, 1
P00, Trade, 20144.423, 168, P00, B06, 1
P00, Trade, 20151.481, 165, P00, S11, 1
P00, Trade, 20152.442, 166, P00, B23, 1
P00, Trade, 20155.577, 165, P00, S19, 1
P00, Trade, 20157.712, 167, P00, B08, 1
P00, Trade, 20161.462, 174, P00, S00, 1
P00, Trade, 20173.635, 162, P00, B12, 1
P00, Trade, 20180.404, 166, P00, S07, 1
P00, Trade, 20181.346, 168, P00, B01, 1
P00, Trade, 20187.308, 171, P00, S14, 1
P00, Trade, 20195.769, 169, P00, B17, 1
P00, Trade, 20200.904, 180, P00, S15, 1
P00, Trade, 20208.808, 171, P00, B22, 1
P00, Trade, 20216.635, 170, P00, S22, 1
P00, Trade, 20224.346, 170, P00, B08, 1
P00, Trade, 20228.885, 166, P00, S09, 1
P00, Trade, 20231.462, 172, P00, B02, 1
P00, Trade, 20236.442, 168, P00, S00, 1
P00, Trade, 20243.423, 173, P00, B20, 1
P00, Trade, 20253.635, 168, P00, S11, 1
P00, Trade, 20260.096, 177, P00, B18, 1
P00, Trade, 20260.942, 163, P00, S04, 1
P00, Trade, 20264.423, 172, P00, B14, 1
P00, Trade, 20269.654, 171, P00, S18, 1
P00, Trade, 20273.596, 174, P00, B09, 1
P00, Trade, 20276.635, 172, P00, S00, 1
P00, Trade, 20280.808, 168, P00, B01, 1
P00, Trade, 20283.865, 164, P00, S09, 1
P00, Trade, 20285.673, 170, P00, B16, 1
P00, Trade, 20290.885, 170, P00, S07, 1
P00, Trade, 20292.923, 172, P00, B20, 1
P00, Trade, 20297.000, 169, P00, S14, 1
P00, Trade, 20303.442, 170, P00, B08, 1
P00, Trade, 20307.462, 174, P00, S21, 1
P00, Trade, 20314.288, 173, P00, B22, 1
P00, Trade, 20319.615, 171, P00, S15, 1
P00, Trade, 20325.904, 168, P00, B03, 1
P00, Trade, 20327.904, 166, P00, S10, 1
P00, Trade, 20328.135, 167, B18, P00, 1
P00, Trade, 20329.288, 165, P00, S16, 1
P00, Trade, 20334.250, 169, P00, B01, 1
P00, Trade, 20337.019, 168, P00, S02, 1
P00, Trade, 20342.269, 170, P00, B20, 1
P00, Trade, 20347.827, 173, P00, S10, 1
P00, Trade, 20358.846, 175, P00, B23, 1
P00, Trade, 20362.538, 172, P00, S15, 1
P00, Trade, 20364.019, 174, P00, B11, 1
P00, Trade, 20372.865, 175, P00, S03, 1
P00, Trade, 20377.808, 170, P00, B23, 1
P00, Trade, 20382.942, 170, P00, S08, 1
P00, Trade, 20395.500, 172, P00, B15, 1
P00, Trade, 20406.385, 168, P00, S17, 1
P00, Trade, 20408.769, 171, P00, B10, 1
P00, Trade, 20413.500, 171, P00, S09, 1
P00, Trade, 20416.519, 170, P00, B03, 1
P00, Trade, 20418.615, 169, P00, S21, 1
P00, Trade, 20421.481, 166, P00, B09, 1
P00, Trade, 20427.981, 171, P00, S18, 1
P00, Trade, 20436.731, 167, P00, B22, 1
P00, Trade, 20437.346, 164, S10, P00, 1
P00, Trade, 20442.269, 171, P00, B14, 1
P00, Trade, 20449.558, 176, S18, P00, 1
P00, Trade, 20459.885, 170, P00, B00, 1
P00, Trade, 20462.846, 175, P00, S03, 1
P00, Trade, 20468.000, 166, P00, B05, 1
P00, Trade, 20472.192, 168, P00, S24, 1
P00, Trade, 20473.788, 170, P00, B09, 1
P00, Trade, 20479.750, 171, P00, S01, 1
P00, Trade, 20484.500, 171, P00, B08, 1
P00, Trade, 20490.096, 168, P00, S06, 1
P00, Trade, 20494.500, 175, P00, B02, 1
P00, Trade, 20496.558, 169, P00, S12, 1
P00, Trade, 20500.212, 171, P00, B23, 1
P00, Trade, 20504.000, 166, P00, S02, 1
P00, Trade, 20507.635, 173, P00, B23, 1
P00, Trade, 20508.654, 171, P00, S20, 1
P00, Trade, 20513.404, 174, P00, B09, 1
P00, Trade, 20519.635, 168, P00, S15, 1
P00, Trade, 20522.423, 171, P00, B04, 1
P00, Trade, 20524.250, 169, P00, S16, 1
P00, Trade, 20529.788, 168, P00, B17, 1
P00, Trade, 20538.962, 168, P00, S19, 1
P00, Trade, 20539.692, 177, P00, B09, 1
P00, Trade, 20554.423, 173, P00, S01, 1
P00, Trade, 20556.385, 171, P00, B16, 1
P00, Trade, 20564.269, 169, P00, S04, 1
P00, Trade, 20565.173, 172, P00, B03, 1
P00, Trade, 20572.635, 169, P00, S15, 1
P00, Trade, 20579.654, 166, P00, B19, 1
P00, Trade, 20587.038, 171, P00, S02, 1
P00, Trade, 20591.212, 171, P00, B02, 1
P00, Trade, 20593.269, 168, P00, S10, 1
P00, Trade, 20595.404, 171, P00, B24, 1
P00, Trade, 20601.654, 171, P00, S05, 1
P00, Trade, 20604.885, 172, P00, B01, 1
P00, Trade, 20612.192, 167, P00, S04, 1
P00, Trade, 20615.558, 167, P00, B21, 1
P00, Trade, 20619.038, 168, P00, S01, 1
P00, Trade, 20620.865, 174, P00, B14, 1
P00, Trade, 20625.981, 169, P00, S00, 1
P00, Trade, 20628.135, 172, P00, B19, 1
P00, Trade, 20630.481, 168, P00, S08, 1
P00, Trade, 20632.038, 169, P00, B15, 1
P00, Trade, 20634.865, 168, P00, S18, 1
P00, Trade, 20639.058, 169, P00, B20, 1
P00, Trade, 20645.288, 170, P00, S10, 1
P00, Trade, 20652.192, 173, P00, B03, 1
P00, Trade, 20665.942, 167, P00, S07, 1
P00, Trade, 20670.231, 170, P00, B24, 1
P00, Trade, 20675.327, 169, P00, S09, 1
P00, Trade, 20684.500, 167, P00, B19, 1
P00, Trade, 20690.423, 164, P00, S22, 1
P00, Trade, 20693.615, 167, P00, B23, 1
P00, Trade, 20705.673, 173, P00, S05, 1
P00, Trade, 20711.558, 173, P00, B13, 1
P00, Trade, 20716.308, 170, P00, S04, 1
P00, Trade, 20717.981, 164, P00, B05, 1
P00, Trade, 20723.673, 164, P00, S02, 1
P00, Trade, 20727.827, 167, P00, B17, 1
P00, Trade, 20734.827, 165, P00, S00, 1
P00, Trade, 20736.058, 167, P00, B13, 1
P00, Trade, 20746.212, 170, P00, S06, 1
P00, Trade, 20753.750, 173, P00, B00, 1
P00, Trade, 20764.692, 169, P00, S08, 1
P00, Trade, 20768.154, 170, P00, B07, 1
P00, Trade, 20773.846, 167, P00, S19, 1
P00, Trade, 20781.385, 172, P00, B09, 1
P00, Trade, 20784.962, 166, P00, S06, 1
P00, Trade, 20792.173, 169, P00, B14, 1
P00, Trade, 20794.942, 168, P00, S04, 1
P00, Trade, 20798.154, 170, P00, B08, 1
P00, Trade, 20805.481, 167, P00, S10, 1
P00, Trade, 20808.442, 170, P00, B16, 1
P00, Trade, 20812.250, 167, P00, S21, 1
P00, Trade, 20820.577, 172, P00, B12, 1
P00, Trade, 20823.404, 169, P00, S15, 1
P00, Trade, 20825.750, 171, P00, B10, 1
P00, Trade, 20829.096, 164, P00, S04, 1
P00, Trade, 20832.135, 170, P00, B13, 1
P00, Trade, 20834.288, 168, P00, S24, 1
P00, Trade, 20836.250, 169, P00, B05, 1
P00, Trade, 20841.385, 172, P00, S00, 1
P00, Trade, 20845.058, 171, P00, B09, 1
P00, Trade, 20845.769, 168, P00, S03, 1
P00, Trade, 20847.846, 169, P00, B06, 1
P00, Trade, 20855.000, 166, P00, S09, 1
P00, Trade, 20858.192, 168, P00, B16, 1
P00, Trade, 20859.423, 164, P00, S20, 1
P00, Trade, 20863.135, 169, P00, B04, 1
P00, Trade, 20866.500, 171, P00, S11, 1
P00, Trade, 20869.404, 174, P00, B21, 1
P00, Trade, 20870.981, 165, P00, S10, 1
P00, Trade, 20874.327, 166, P00, B12, 1
P00, Trade, 20878.058, 165, P00, S04, 1
P00, Trade, 20882.212, 170, P00, B08, 1
P00, Trade, 20886.635, 164, P00, S19, 1
P00, Trade, 20889.173, 165, P00, B08, 1
P00, Trade, 20894.615, 167, P00, S07, 1
P00, Trade, 20898.788, 172, P00, B01, 1
P00, Trade, 20904.673, 170, P00, S16, 1
P00, Trade, 20907.942, 169, P00, B19, 1
P00, Trade, 20915.192, 172, P00, S20, 1
P00, Trade, 20920.558, 169, P00, B08, 1
P00, Trade, 20922.327, 165, P00, S10, 1
P00, Trade, 20924.077, 167, P00, B20, 1
P00, Trade, 20928.846, 165, P00, S17, 1
P00, Trade, 20931.615, 170, P00, B21, 1
P00, Trade, 20935.750, 167, P00, S14, 1
P00, Trade, 20952.173, 170, P00, B16, 1
P00, Trade, 20953.942, 171, P00, S15, 1
P00, Trade, 20958.135, 173, P00, B23, 1
P00, Trade, 20960.481, 166, P00, S19, 1
P00, Trade, 20962.750, 172, P00, B05, 1
P00, Trade, 20965.404, 171, P00, S04, 1
P00, Trade, 20973.615, 167, P00, B24, 1
P00, Trade, 20977.346, 166, P00, S14, 1
P00, Trade, 20979.808, 168, P00, B03, 1
P00, Trade, 20981.250, 167, P00, S07, 1
P00, Trade, 20991.692, 174, P00, B02, 1
P00, Trade, 20997.615, 169, P00, S24, 1
P00, Trade, 21000.923, 170, P00, B02, 1
P00, Trade, 21002.038, 164, P00, S23, 1
P00, Trade, 21006.981, 173, P00, B20, 1
P00, Trade, 21011.558, 175, P00, S04, 1
P00, Trade, 21026.462, 165, P00, B00, 1
P00, Trade, 21030.154, 165, P00, S01, 1
P00, Trade, 21033.712, 171, P00, B12, 1
P00, Trade, 21036.558, 168, P00, S13, 1
P00, Trade, 21038.038, 170, P00, B12, 1
P00, Trade, 21039.596, 169, P00, S18, 1
P00, Trade, 21046.385, 170, P00, B19, 1
P00, Trade, 21050.635, 170, P00, S06, 1
P00, Trade, 21053.962, 170, P00, B13, 1
P00, Trade, 21059.538, 167, P00, S22, 1
P00, Trade, 21061.096, 169, P00, B13, 1
P00, Trade, 21066.212, 168, P00, S10, 1
P00, Trade, 21066.942, 172, P00, B14, 1
P00, Trade, 21072.981, 173, P00, S24, 1
P00, Trade, 21076.038, 174, P00, B23, 1
P00, Trade, 21079.192, 169, P00, S23, 1
P00, Trade, 21080.442, 173, P00, B17, 1
P00, Trade, 21082.038, 172, P00, S04, 1
P00, Trade, 21086.096, 173, P00, B18, 1
P00, Trade, 21091.135, 173, P00, S22, 1
P00, Trade, 21095.635, 173, P00, B00, 1
P00, Trade, 21098.115, 171, P00, S19, 1
P00, Trade, 21105.269, 170, P00, B09, 1
P00, Trade, 21106.558, 167, P00, S15, 1
P00, Trade, 21109.250, 169, P00, B11, 1
P00, Trade, 21113.481, 170, P00, S22, 1
P00, Trade, 21115.135, 171, P00, B03, 1
P00, Trade, 21121.115, 178, P00, S10, 1
P00, Trade, 21125.212, 177, P00, B15, 1
P00, Trade, 21127.365, 174, P00, S05, 1
P00, Trade, 21133.481, 171, P00, B08, 1
P00, Trade, 21138.500, 169, P00, S22, 1
P00, Trade, 21140.346, 171, P00, B07, 1
P00, Trade, 21144.385, 168, P00, S00, 1
P00, Trade, 21146.577, 168, P00, B20, 1
P00, Trade, 21153.692, 170, P00, S24, 1
P00, Trade, 21157.173, 170, P00, B08, 1
P00, Trade, 21163.846, 169, P00, S17, 1
P00, Trade, 21167.250, 176, P00, B09, 1
P00, Trade, 21179.500, 173, P00, S00, 1
P00, Trade, 21182.808, 173, P00, B08, 1
P00, Trade, 21185.385, 176, P00, S22, 1
P00, Trade, 21195.462, 169, P00, B08, 1
P00, Trade, 21200.692, 167, P00, S15, 1
P00, Trade, 21202.423, 172, P00, B23, 1
P00, Trade, 21206.231, 165, P00, S19, 1
P00, Trade, 21211.327, 169, P00, B19, 1
P00, Trade, 21213.481, 168, P00, S15, 1
P00, Trade, 21219.769, 176, P00, B03, 1
P00, Trade, 21227.173, 169, P00, S04, 1
P00, Trade, 21231.596, 172, P00, B08, 1
P00, Trade, 21243.538, 173, P00, S07, 1
P00, Trade, 21250.904, 166, P00, B02, 1
P00, Trade, 21258.596, 164, P00, S04, 1
P00, Trade, 21262.827, 168, P00, B19, 1
P00, Trade, 21272.558, 173, P00, S05, 1
P00, Trade, 21277.577, 170, P00, B18, 1
P00, Trade, 21278.077, 167, P00, S04, 1
P00, Trade, 21279.481, 167, P00, B08, 1
P00, Trade, 21282.827, 166, P00, S09, 1
P00, Trade, 21285.712, 163, P00, B12, 1
P00, Trade, 21289.346, 181, P00, S17, 1
P00, Trade, 21299.827, 173, P00, B18, 1
P00, Trade, 21304.615, 169, P00, S17, 1
P00, Trade, 21307.577, 171, P00, B16, 1
P00, Trade, 21310.423, 168, P00, S18, 1
P00, Trade, 21312.942, 174, P00, B12, 1
P00, Trade, 21317.154, 172, P00, S17, 1
P00, Trade, 21321.212, 174, P00, B08, 1
P00, Trade, 21322.923, 173, P00, S05, 1
P00, Trade, 21327.538, 170, P00, B13, 1
P00, Trade, 21329.154, 166, P00, S18, 1
P00, Trade, 21329.923, 167, P00, B21, 1
P00, Trade, 21335.423, 166, P00, S03, 1
P00, Trade, 21339.385, 171, P00, B19, 1
P00, Trade, 21339.962, 169, P00, S21, 1
P00, Trade, 21344.327, 169, P00, B10, 1
P00, Trade, 21348.923, 168, P00, S17, 1
P00, Trade, 21355.308, 170, P00, B03, 1
P00, Trade, 21357.212, 165, P00, S02, 1
P00, Trade, 21364.615, 165, P00, B10, 1
P00, Trade, 21370.788, 164, P00, S17, 1
P00, Trade, 21373.269, 169, P00, B12, 1
P00, Trade, 21378.019, 173, P00, S18, 1
P00, Trade, 21380.269, 174, P00, B08, 1
P00, Trade, 21382.635, 170, P00, S09, 1
P00, Trade, 21389.750, 163, P00, B07, 1
P00, Trade, 21399.000, 165, P00, S02, 1
P00, Trade, 21403.712, 168, P00, B06, 1
P00, Trade, 21406.288, 170, P00, S03, 1
P00, Trade, 21410.192, 170, P00, B14, 1
P00, Trade, 21415.635, 166, P00, S07, 1
P00, Trade, 21417.462, 173, P00, B22, 1
P00, Trade, 21424.192, 166, P00, S04, 1
P00, Trade, 21431.885, 166, P00, B02, 1
P00, Trade, 21436.750, 170, P00, S22, 1
P00, Trade, 21443.654, 164, P00, B00, 1
P00, Trade, 21446.327, 167, S20, P00, 1
P00, Trade, 21449.077, 170, P00, B24, 1
P00, Trade, 21454.692, 174, P00, S09, 1
P00, Trade, 21462.442, 173, P00, B17, 1
P00, Trade, 21466.904, 165, P00, S12, 1
P00, Trade, 21471.269, 170, P00, B07, 1
P00, Trade, 21482.404, 175, P00, S01, 1
P00, Trade, 21490.365, 165, P00, B12, 1
P00, Trade, 21492.808, 160, P00, S03, 1
P00, Trade, 21500.423, 163, P00, B06, 1
P00, Trade, 21501.173, 162, P00, S16, 1
P00, Trade, 21508.981, 169, P00, B10, 1
P00, Trade, 21510.173, 169, P00, S18, 1
P00, Trade, 21514.038, 171, P00, B10, 1
P00, Trade, 21518.442, 169, P00, S10, 1
P00, Trade, 21520.481, 170, P00, B06, 1
P00, Trade, 21522.538, 168, P00, S05, 1
P00, Trade, 21524.538, 169, P00, B23, 1
P00, Trade, 21526.212, 166, P00, S16, 1
P00, Trade, 21531.058, 174, P00, B18, 1
P00, Trade, 21535.096, 172, P00, S11, 1
P00, Trade, 21544.038, 170, P00, B20, 1
P00, Trade, 21547.019, 167, P00, S07, 1
P00, Trade, 21548.077, 169, P00, B14, 1
P00, Trade, 21556.250, 163, P00, S20, 1
P00, Trade, 21557.577, 168, P00, B21, 1
P00, Trade, 21563.654, 168, P00, S19, 1
P00, Trade, 21567.577, 166, P00, B13, 1
P00, Trade, 21577.077, 169, P00, S00, 1
P00, Trade, 21578.673, 176, P00, B07, 1
P00, Trade, 21583.942, 173, P00, S05, 1
P00, Trade, 21589.231, 170, P00, B03, 1
P00, Trade, 21598.000, 169, P00, S06, 1
P00, Trade, 21604.519, 171, P00, B08, 1
P00, Trade, 21615.288, 163, P00, S01, 1
P00, Trade, 21620.000, 170, P00, B20, 1
P00, Trade, 21621.962, 165, P00, S18, 1
P00, Trade, 21625.308, 169, P00, B07, 1
P00, Trade, 21631.327, 174, P00, S17, 1
P00, Trade, 21638.077, 169, P00, B19, 1
P00, Trade, 21647.596, 171, P00, S15, 1
P00, Trade, 21654.212, 173, P00, B05, 1
P00, Trade, 21656.769, 171, P00, S18, 1
P00, Trade, 21658.962, 172, P00, B17, 1
P00, Trade, 21662.173, 166, P00, S00, 1
P00, Trade, 21665.327, 171, P00, B08, 1
P00, Trade, 21670.904, 163, P00, S03, 1
P00, Trade, 21672.481, 166, P00, B09, 1
P00, Trade, 21674.673, 167, P00, S22, 1
P00, Trade, 21680.538, 172, P00, B24, 1
P00, Trade, 21684.519, 170, P00, S05, 1
P00, Trade, 21686.212, 171, P00, B19, 1
P00, Trade, 21688.712, 171, P00, S00, 1
P00, Trade, 21689.942, 174, P00, B20, 1
P00, Trade, 21693.942, 173, P00, S11, 1
P00, Trade, 21697.596, 169, P00, B13, 1
P00, Trade, 21704.865, 169, P00, S10, 1
P00, Trade, 21707.308, 171, B04, P00, 1
P00, Trade, 21709.288, 171, P00, S07, 1
P00, Trade, 21717.212, 171, P00, B18, 1
P00, Trade, 21719.231, 166, P00, S16, 1
P00, Trade, 21726.788, 164, B05, P00, 1
P00, Trade, 21737.481, 169, P00, S19, 1
P00, Trade, 21747.058, 169, B03, P00, 1
P00, Trade, 21750.885, 172, P00, S08, 1
P00, Trade, 21756.192, 172, P00, B06, 1
P00, Trade, 21759.115, 168, P00, S13, 1
P00, Trade, 21761.423, 172, P00, B11, 1
P00, Trade, 21764.096, 170, P00, S10, 1
P00, Trade, 21773.538, 166, P00, B20, 1
P00, Trade, 21776.635, 162, P00, S07, 1
P00, Trade, 21778.596, 169, P00, B12, 1
P00, Trade, 21790.519, 170, P00, S20, 1
P00, Trade, 21805.192, 168, P00, B18, 1
P00, Trade, 21811.904, 168, P00, S18, 1
P00, Trade, 21814.077, 171, P00, B09, 1
P00, Trade, 21818.827, 167, P00, S13, 1
P00, Trade, 21820.615, 171, P00, B00, 1
P00, Trade, 21831.481, 168, P00, S13, 1
P00, Trade, 21835.865, 169, P00, B17, 1
P00, Trade, 21843.154, 166, P00, S16, 1
P00, Trade, 21845.212, 168, P00, B18, 1
P00, Trade, 21853.846, 170, P00, S07, 1
P00, Trade, 21860.962, 166, P00, B06, 1
P00, Trade, 21864.481, 166, P00, S04, 1
P00, Trade, 21865.731, 168, P00, B03, 1
P00, Trade, 21870.808, 165, P00, S09, 1
P00, Trade, 21879.019, 165, P00, B20, 1
P00, Trade, 21881.231, 165, P00, S06, 1
P00, Trade, 21886.038, 169, P00, B13, 1
P00, Trade, 21889.962, 165, P00, S14, 1
P00, Trade, 21896.692, 165, P00, B14, 1
P00, Trade, 21900.558, 167, P00, S17, 1
P00, Trade, 21906.173, 171, P00, B07, 1
P00, Trade, 21913.654, 169, P00, S13, 1
P00, Trade, 21917.538, 173, P00, B01, 1
P00, Trade, 21925.038, 171, P00, S07, 1
P00, Trade, 21930.346, 164, P00, B09, 1
P00, Trade, 21931.712, 161, P00, S22, 1
P00, Trade, 21939.000, 164, P00, B20, 1
P00, Trade, 21945.385, 173, P00, S00, 1
P00, Trade, 21950.519, 173, P00, B14, 1
P00, Trade, 21956.596, 169, P00, S16, 1
P00, Trade, 21961.942, 167, P00, B10, 1
P00, Trade, 21968.923, 168, P00, S01, 1
P00, Trade, 21974.385, 172, P00, B21, 1
P00, Trade, 21977.923, 170, P00, S12, 1
P00, Trade, 21981.981, 171, P00, B09, 1
P00, Trade, 21992.673, 163, P00, S22, 1
P00, Trade, 21999.173, 168, P00, B13, 1
P00, Trade, 22001.231, 167, P00, S19, 1
P00, Trade, 22006.135, 170, P00, B09, 1
P00, Trade, 22010.827, 165, P00, S15, 1
P00, Trade, 22014.673, 171, P00, B02, 1
P00, Trade, 22016.769, 171, P00, S24, 1
P00, Trade, 22019.635, 172, P00, B10, 1
P00, Trade, 22021.269, 170, P00, S22, 1
P00, Trade, 22031.404, 164, P00, B12, 1
P00, Trade, 22034.423, 166, P00, S10, 1
P00, Trade, 22041.346, 171, P00, B13, 1
P00, Trade, 22045.962, 167, P00, S10, 1
P00, Trade, 22054.635, 172, P00, B08, 1
P00, Trade, 22056.692, 172, P00, S23, 1
P00, Trade, 22059.058, 175, P00, B24, 1
P00, Trade, 22061.327, 171, P00, S17, 1
P00, Trade, 22070.981, 166, P00, B12, 1
P00, Trade, 22073.462, 164, P00, S12, 1
P00, Trade, 22077.154, 167, P00, B09, 1
P00, Trade, 22079.154, 168, P00, S24, 1
P00, Trade, 22082.615, 168, P00, B20, 1
P00, Trade, 22084.635, 166, P00, S06, 1
P00, Trade, 22085.269, 171, P00, B16, 1
P00, Trade, 22093.942, 169, P00, S02, 1
P00, Trade, 22095.423, 171, P00, B20, 1
P00, Trade, 22097.846, 169, P00, S16, 1
P00, Trade, 22110.577, 173, P00, B09, 1
P00, Trade, 22116.019, 173, P00, S18, 1
P00, Trade, 22124.019, 167, P00, B01, 1
P00, Trade, 22127.288, 168, P00, S17, 1
P00, Trade, 22139.615, 170, P00, B01, 1
P00, Trade, 22147.654, 178, P00, S01, 1
P00, Trade, 22149.135, 176, P00, B12, 1
P00, Trade, 22151.846, 169, P00, S16, 1
P00, Trade, 22154.885, 170, P00, B08, 1
P00, Trade, 22164.731, 163, P00, S20, 1
P00, Trade, 22168.135, 167, P00, B16, 1
P00, Trade, 22170.192, 166, P00, S01, 1
P00, Trade, 22174.712, 169, P00, B14, 1
P00, Trade, 22176.538, 167, P00, S10, 1
P00, Trade, 22180.846, 170, P00, B10, 1
P00, Trade, 22184.923, 168, P00, S15, 1
P00, Trade, 22189.423, 169, P00, B24, 1
P00, Trade, 22195.981, 169, P00, S10, 1
P00, Trade, 22199.615, 167, P00, B17, 1
P00, Trade, 22205.019, 166, P00, S10, 1
P00, Trade, 22205.923, 170, P00, B19, 1
P00, Trade, 22211.192, 168, P00, S06, 1
P00, Trade, 22215.481, 173, P00, B04, 1
P00, Trade, 22219.135, 173, P00, S00, 1
P00, Trade, 22226.615, 164, P00, B16, 1
P00, Trade, 22232.135, 170, P00, S20, 1
P00, Trade, 22241.462, 169, P00, B21, 1
P00, Trade, 22246.577, 168, P00, S19, 1
P00, Trade, 22250.423, 170, P00, B00, 1
P00, Trade, 22256.519, 167, P00, S16, 1
P00, Trade, 22260.692, 165, P00, B20, 1
P00, Trade, 22269.712, 163, P00, S02, 1
P00, Trade, 22272.038, 169, P00, B08, 1
P00, Trade, 22278.731, 171, P00, S03, 1
P00, Trade, 22280.077, 172, P00, B10, 1
P00, Trade, 22281.423, 169, S11, P00, 1
P00, Trade, 22287.500, 165, P00, B17, 1
P00, Trade, 22293.615, 166, P00, S06, 1
P00, Trade, 22295.615, 167, P00, B08, 1
P00, Trade, 22305.212, 167, P00, S06, 1
P00, Trade, 22306.038, 177, P00, B02, 1
P00, Trade, 22308.423, 168, P00, S17, 1
P00, Trade, 22313.038, 168, P00, B24, 1
P00, Trade, 22315.500, 167, P00, S18, 1
P00, Trade, 22319.231, 169, P00, B08, 1
P00, Trade, 22328.250, 166, P00, S04, 1
P00, Trade, 22335.308, 173, P00, B01, 1
P00, Trade, 22341.058, 167, P00, S22, 1
P00, Trade, 22343.423, 168, P00, B07, 1
P00, Trade, 22352.135, 167, P00, S15, 1
P00, Trade, 22355.442, 172, P00, B22, 1
P00, Trade, 22357.096, 167, P00, S00, 1
P00, Trade, 22361.173, 171, P00, B16, 1
P00, Trade, 22368.635, 170, P00, S07, 1
P00, Trade, 22379.269, 171, P00, B20, 1
P00, Trade, 22385.115, 166, P00, S18, 1
P00, Trade, 22386.788, 169, P00, B07, 1
P00, Trade, 22391.981, 168, P00, S13, 1
P00, Trade, 22395.077, 170, P00, B10, 1
P00, Trade, 22399.788, 169, P00, S17, 1
P00, Trade, 22411.635, 164, P00, B17, 1
P00, Trade, 22416.615, 170, P00, S10, 1
P00, Trade, 22427.519, 170, P00, B03, 1
P00, Trade, 22430.769, 168, P00, S08, 1
P00, Trade, 22439.481, 166, P00, B19, 1
P00, Trade, 22452.827, 164, P00, S10, 1
P00, Trade, 22459.865, 172, P00, B08, 1
P00, Trade, 22465.904, 166, P00, S11, 1
P00, Trade, 22473.308, 165, P00, B09, 1
P00, Trade, 22474.788, 160, P00, S18, 1
P00, Trade, 22478.519, 162, P00, B16, 1
P00, Trade, 22482.538, 162, P00, S04, 1
P00, Trade, 22485.673, 167, P00, B08, 1
P00, Trade, 22495.308, 165, P00, S19, 1
P00, Trade, 22506.808, 163, P00, B16, 1
P00, Trade, 22512.019, 172, P00, S18, 1
P00, Trade, 22515.462, 167, P00, B12, 1
P00, Trade, 22520.538, 165, P00, S20, 1
P00, Trade, 22523.288, 167, P00, B01, 1
P00, Trade, 22526.808, 167, P00, S06, 1
P00, Trade, 22534.692, 172, P00, B20, 1
P00, Trade, 22538.769, 166, P00, S18, 1
P00, Trade, 22544.212, 170, P00, B08, 1
P00, Trade, 22551.558, 162, P00, S18, 1
P00, Trade, 22554.288, 171, P00, B15, 1
P00, Trade, 22557.846, 168, P00, S15, 1
P00, Trade, 22570.712, 172, P00, B08, 1
P00, Trade, 22575.942, 171, P00, S19, 1
P00, Trade, 22578.712, 174, P00, B02, 1
P00, Trade, 22582.942, 168, P00, S05, 1
P00, Trade, 22586.346, 168, P00, B20, 1
P00, Trade, 22591.942, 173, P00, S09, 1
P00, Trade, 22599.558, 176, P00, B12, 1
P00, Trade, 22601.981, 172, P00, S05, 1
P00, Trade, 22607.788, 168, P00, B10, 1
P00, Trade, 22611.346, 161, P00, S22, 1
P00, Trade, 22618.885, 173, P00, B05, 1
P00, Trade, 22620.673, 173, P00, S15, 1
P00, Trade, 22622.904, 174, P00, B13, 1
P00, Trade, 22626.192, 166, P00, S17, 1
P00, Trade, 22629.442, 169, P00, B08, 1
P00, Trade, 22639.058, 171, P00, S14, 1
P00, Trade, 22643.981, 171, P00, B19, 1
P00, Trade, 22654.654, 167, P00, S22, 1
P00, Trade, 22662.385, 167, P00, B16, 1
P00, Trade, 22666.635, 166, P00, S00, 1
P00, Trade, 22670.673, 165, P00, B11, 1
P00, Trade, 22675.500, 165, P00, S19, 1
P00, Trade, 22676.173, 168, P00, B02, 1
P00, Trade, 22692.308, 175, P00, S10, 1
P00, Trade, 22703.365, 168, P00, B14, 1
P00, Trade, 22710.808, 171, P00, S16, 1
P00, Trade, 22717.712, 169, P00, B17, 1
P00, Trade, 22723.288, 165, P00, S04, 1
P00, Trade, 22724.635, 171, P00, B12, 1
P00, Trade, 22731.808, 168, P00, S21, 1
P00, Trade, 22738.077, 169, P00, B04, 1
P00, Trade, 22743.154, 167, P00, S08, 1
P00, Trade, 22748.019, 165, P00, B06, 1
P00, Trade, 22757.712, 171, P00, S00, 1
P00, Trade, 22758.154, 176, P00, B08, 1
P00, Trade, 22762.462, 171, P00, S17, 1
P00, Trade, 22764.654, 171, P00, B14, 1
P00, Trade, 22769.212, 162, S05, P00, 1
P00, Trade, 22773.846, 172, P00, B20, 1
P00, Trade, 22782.519, 168, P00, S04, 1
P00, Trade, 22784.077, 169, P00, B13, 1
P00, Trade, 22797.750, 167, P00, S03, 1
P00, Trade, 22803.615, 169, P00, B08, 1
P00, Trade, 22810.192, 171, P00, S24, 1
P00, Trade, 22816.096, 164, P00, B04, 1
P00, Trade, 22816.750, 162, P00, S19, 1
P00, Trade, 22821.231, 163, P00, B03, 1
P00, Trade, 22824.923, 168, P00, S19, 1
P00, Trade, 22830.885, 170, P00, B04, 1
P00, Trade, 22834.846, 170, P00, S18, 1
P00, Trade, 22841.750, 168, P00, B21, 1
P00, Trade, 22848.173, 167, P00, S03, 1
P00, Trade, 22853.423, 170, P00, B21, 1
P00, Trade, 22856.808, 167, P00, S07, 1
P00, Trade, 22860.885, 173, P00, B01, 1
P00, Trade, 22867.346, 161, P00, S16, 1
P00, Trade, 22868.923, 166, P00, B03, 1
P00, Trade, 22878.538, 165, P00, S17, 1
P00, Trade, 22881.212, 172, P00, B01, 1
P00, Trade, 22883.904, 168, P00, S03, 1
P00, Trade, 22893.231, 169, P00, B07, 1
P00, Trade, 22906.942, 170, P00, S14, 1
P00, Trade, 22911.192, 170, P00, B24, 1
P00, Trade, 22914.750, 168, P00, S18, 1
P00, Trade, 22919.154, 173, P00, B01, 1
P00, Trade, 22920.154, 170, P00, S04, 1
P00, Trade, 22923.865, 175, P00, B01, 1
P00, Trade, 22925.519, 168, P00, S21, 1
P00, Trade, 22927.000, 168, P00, B02, 1
P00, Trade, 22931.250, 170, P00, S17, 1
P00, Trade, 22935.577, 167, P00, B00, 1
P00, Trade, 22937.154, 166, P00, S10, 1
P00, Trade, 22948.500, 165, P00, B20, 1
P00, Trade, 22951.000, 163, P00, S00, 1
P00, Trade, 22953.231, 168, P00, B14, 1
P00, Trade, 22955.846, 167, P00, S18, 1
P00, Trade, 22959.019, 170, P00, B18, 1
P00, Trade, 22969.038, 168, P00, S19, 1
P00, Trade, 22972.038, 173, P00, B20, 1
P00, Trade, 22983.019, 162, P00, S06, 1
P00, Trade, 22990.385, 163, P00, B05, 1
P00, Trade, 22995.423, 171, P00, S22, 1
P00, Trade, 22996.865, 174, P00, B12, 1
P00, Trade, 23002.846, 172, P00, S05, 1
P00, Trade, 23004.308, 169, P00, B13, 1
P00, Trade, 23012.038, 169, P00, S10, 1
P00, Trade, 23016.500, 168, P00, B02, 1
P00, Trade, 23027.192, 165, P00, S17, 1
P00, Trade, 23037.712, 171, P00, B17, 1
P00, Trade, 23044.000, 167, P00, S04, 1
P00, Trade, 23051.962, 160, P00, B24, 1
P00, Trade, 23057.904, 169, P00, S15, 1
P00, Trade, 23067.000, 173, P00, B11, 1
P00, Trade, 23072.923, 169, P00, S18, 1
P00, Trade, 23079.942, 169, P00, B14, 1
P00, Trade, 23090.942, 170, P00, S13, 1
P00, Trade, 23093.538, 174, P00, B11, 1
P00, Trade, 23100.942, 168, P00, S10, 1
P00, Trade, 23103.692, 171, P00, B19, 1
P00, Trade, 23105.231, 169, P00, S00, 1
P00, Trade, 23109.596, 172, P00, B23, 1
P00, Trade, 23110.154, 168, P00, S13, 1
P00, Trade, 23118.173, 175, P00, B16, 1
P00, Trade, 23126.385, 173, P00, S04, 1
P00, Trade, 23130.231, 170, P00, B00, 1
P00, Trade, 23132.481, 166, S15, P00, 1
P00, Trade, 23134.327, 169, P00, B12, 1
P00, Trade, 23138.096, 169, P00, S07, 1
P00, Trade, 23146.500, 169, P00, B07, 1
P00, Trade, 23150.077, 165, P00, S07, 1
P00, Trade, 23153.423, 170, P00, B12, 1
P00, Trade, 23159.692, 165, P00, S07, 1
P00, Trade, 23167.423, 171, P00, B12, 1
P00, Trade, 23171.538, 166, P00, S24, 1
P00, Trade, 23175.673, 168, P00, B23, 1
P00, Trade, 23178.519, 168, P00, S15, 1
P00, Trade, 23180.962, 174, P00, B09, 1
P00, Trade, 23186.981, 172, P00, S16, 1
P00, Trade, 23188.538, 174, P00, B12, 1
P00, Trade, 23191.404, 171, P00, S10, 1
P00, Trade, 23202.596, 163, P00, B09, 1
P00, Trade, 23208.673, 169, P00, S07, 1
P00, Trade, 23215.192, 167, P00, B19, 1
P00, Trade, 23222.596, 165, P00, S20, 1
P00, Trade, 23223.981, 167, P00, B08, 1
P00, Trade, 23225.692, 168, P00, S05, 1
P00, Trade, 23228.885, 171, P00, B07, 1
P00, Trade, 23240.500, 172, P00, S23, 1
P00, Trade, 23243.365, 172, P00, B02, 1
P00, Trade, 23247.538, 169, P00, S10, 1
P00, Trade, 23251.885, 168, P00, B01, 1
P00, Trade, 23258.538, 169, P00, S19, 1
P00, Trade, 23262.731, 171, P00, B20, 1
P00, Trade, 23264.788, 170, P00, S24, 1
P00, Trade, 23265.846, 170, P00, B23, 1
P00, Trade, 23277.096, 169, P00, S21, 1
P00, Trade, 23281.904, 167, P00, B03, 1
P00, Trade, 23290.904, 168, P00, S24, 1
P00, Trade, 23294.673, 168, P00, B11, 1
P00, Trade, 23298.250, 172, P00, S00, 1
P00, Trade, 23299.904, 173, P00, B14, 1
P00, Trade, 23300.962, 171, P00, S10, 1
P00, Trade, 23303.038, 170, P00, B09, 1
P00, Trade, 23306.231, 167, P00, S06, 1
P00, Trade, 23308.096, 173, P00, B16, 1
P00, Trade, 23311.577, 168, P00, S00, 1
P00, Trade, 23318.962, 165, P00, B12, 1
P00, Trade, 23324.981, 167, P00, S16, 1
P00, Trade, 23326.365, 169, P00, B09, 1
P00, Trade, 23330.308, 167, P00, S20, 1
P00, Trade, 23334.481, 167, P00, B10, 1
P00, Trade, 23344.212, 173, P00, S15, 1
P00, Trade, 23363.269, 169, B05, P00, 1
P00, Trade, 23365.269, 171, P00, S15, 1
P00, Trade, 23371.827, 167, P00, B23, 1
P00, Trade, 23372.250, 165, P00, S12, 1
P00, Trade, 23382.904, 165, P00, B16, 1
P00, Trade, 23384.865, 167, P00, S15, 1
P00, Trade, 23389.058, 169, P00, B10, 1
P00, Trade, 23392.058, 168, P00, S03, 1
P00, Trade, 23395.385, 171, P00, B23, 1
P00, Trade, 23401.788, 166, P00, S24, 1
P00, Trade, 23403.923, 167, P00, B01, 1
P00, Trade, 23412.385, 163, P00, S03, 1
P00, Trade, 23415.635, 164, P00, B07, 1
P00, Trade, 23421.538, 164, P00, S09, 1
P00, Trade, 23422.846, 168, P00, B08, 1
P00, Trade, 23428.135, 167, P00, S07, 1
P00, Trade, 23431.981, 172, P00, B04, 1
P00, Trade, 23434.596, 172, P00, S10, 1
P00, Trade, 23437.442, 172, P00, B13, 1
P00, Trade, 23444.423, 170, P00, S04, 1
P00, Trade, 23457.058, 169, P00, B11, 1
P00, Trade, 23461.173, 163, P00, S02, 1
P00, Trade, 23463.115, 164, P00, B01, 1
P00, Trade, 23470.538, 166, P00, S19, 1
P00, Trade, 23473.423, 169, P00, B22, 1
P00, Trade, 23478.192, 169, P00, S22, 1
P00, Trade, 23483.250, 170, P00, B17, 1
P00, Trade, 23487.365, 167, P00, S14, 1
P00, Trade, 23492.346, 168, P00, B11, 1
P00, Trade, 23496.673, 161, P00, S00, 1
P00, Trade, 23499.654, 166, P00, B24, 1
P00, Trade, 23514.942, 165, P00, S00, 1
P00, Trade, 23519.942, 169, P00, B09, 1
P00, Trade, 23523.769, 170, P00, S05, 1
P00, Trade, 23528.269, 172, P00, B12, 1
P00, Trade, 23529.750, 165, P00, S16, 1
P00, Trade, 23537.654, 169, P00, B14, 1
P00, Trade, 23544.231, 168, P00, S03, 1
P00, Trade, 23551.923, 170, P00, B03, 1
P00, Trade, 23555.942, 168, P00, S09, 1
P00, Trade, 23560.442, 170, P00, B01, 1
P00, Trade, 23566.865, 168, P00, S23, 1
P00, Trade, 23568.769, 174, P00, B09, 1
P00, Trade, 23571.788, 173, P00, S19, 1
P00, Trade, 23585.423, 171, P00, B11, 1
P00, Trade, 23590.077, 167, P00, S02, 1
P00, Trade, 23596.250, 174, P00, B22, 1
P00, Trade, 23600.885, 166, P00, S13, 1
P00, Trade, 23601.750, 167, P00, B24, 1
P00, Trade, 23603.673, 169, P00, S17, 1
P00, Trade, 23609.404, 175, P00, B02, 1
P00, Trade, 23617.269, 167, P00, S22, 1
P00, Trade, 23627.615, 168, P00, B20, 1
P00, Trade, 23635.615, 165, P00, S17, 1
P00, Trade, 23638.346, 166, P00, B11, 1
P00, Trade, 23640.846, 164, P00, S14, 1
P00, Trade, 23643.942, 167, P00, B22, 1
P00, Trade, 23656.385, 167, P00, S06, 1
P00, Trade, 23660.154, 174, P00, B02, 1
P00, Trade, 23665.135, 174, S24, P00, 1
P00, Trade, 23669.288, 172, P00, B12, 1
P00, Trade, 23674.904, 168, P00, S09, 1
P00, Trade, 23679.038, 170, P00, B12, 1
P00, Trade, 23682.635, 169, P00, S15, 1
P00, Trade, 23686.981, 172, P00, B01, 1
P00, Trade, 23694.788, 170, P00, S19, 1
P00, Trade, 23698.269, 169, P00, B02, 1
P00, Trade, 23702.712, 166, P00, S17, 1
P00, Trade, 23703.788, 170, P00, B19, 1
P00, Trade, 23716.212, 167, P00, S07, 1
P00, Trade, 23721.288, 169, P00, B16, 1
P00, Trade, 23727.250, 171, P00, S17, 1
P00, Trade, 23737.442, 167, P00, B07, 1
P00, Trade, 23745.346, 174, P00, S15, 1
P00, Trade, 23757.192, 170, P00, B24, 1
P00, Trade, 23760.269, 164, P00, S03, 1
P00, Trade, 23762.231, 172, P00, B02, 1
P00, Trade, 23764.558, 172, P00, S02, 1
P00, Trade, 23772.923, 174, P00, B12, 1
P00, Trade, 23778.808, 171, P00, S14, 1
P00, Trade, 23789.942, 171, P00, B18, 1
P00, Trade, 23795.558, 172, P00, S13, 1
P00, Trade, 23800.173, 173, P00, B05, 1
P00, Trade, 23802.115, 172, P00, S00, 1
P00, Trade, 23816.750, 164, P00, B09, 1
P00, Trade, 23828.096, 171, P00, S17, 1
P00, Trade, 23831.885, 165, P00, B17, 1
P00, Trade, 23842.192, 168, P00, S17, 1
P00, Trade, 23843.654, 172, P00, B08, 1
P00, Trade, 23849.212, 170, P00, S14, 1
P00, Trade, 23857.788, 169, P00, B22, 1
P00, Trade, 23863.154, 165, P00, S19, 1
P00, Trade, 23866.173, 170, P00, B08, 1
P00, Trade, 23866.692, 167, P00, S10, 1
P00, Trade, 23870.692, 168, P00, B01, 1
P00, Trade, 23872.923, 167, P00, S06, 1
P00, Trade, 23874.365, 172, P00, B03, 1
P00, Trade, 23877.654, 168, P00, S04, 1
P00, Trade, 23884.615, 169, P00, B09, 1
P00, Trade, 23888.365, 167, P00, S24, 1
P00, Trade, 23890.577, 167, P00, B10, 1
P00, Trade, 23892.231, 166, P00, S02, 1
P00, Trade, 23893.442, 171, P00, B01, 1
P00, Trade, 23895.712, 168, P00, S13, 1
P00, Trade, 23900.173, 171, P00, B08, 1
P00, Trade, 23904.942, 173, P00, S10, 1
P00, Trade, 23908.808, 179, P00, B10, 1
P00, Trade, 23916.423, 177, P00, S22, 1
P00, Trade, 23921.558, 172, P00, B20, 1
P00, Trade, 23926.904, 167, P00, S17, 1
P00, Trade, 23928.981, 170, P00, B11, 1
P00, Trade, 23935.077, 165, P00, S00, 1
P00, Trade, 23936.885, 169, B04, P00, 1
P00, Trade, 23940.596, 164, P00, S04, 1
P00, Trade, 23942.115, 166, P00, B16, 1
P00, Trade, 23946.500, 166, P00, S09, 1
P00, Trade, 23954.173, 172, P00, B14, 1
P00, Trade, 23958.404, 167, P00, S05, 1
P00, Trade, 23968.115, 172, P00, B05, 1
P00, Trade, 23969.962, 170, P00, S10, 1
P00, Trade, 23973.615, 172, P00, B23, 1
P00, Trade, 23978.481, 170, P00, S00, 1
P00, Trade, 23980.000, 173, P00, B08, 1
P00, Trade, 23983.519, 161, P00, S04, 1
P00, Trade, 23987.885, 164, P00, B22, 1
P00, Trade, 23993.250, 163, P00, S19, 1
P00, Trade, 23996.000, 169, P00, B04, 1
P00, Trade, 23999.731, 171, P00, S00, 1
P00, Trade, 24003.750, 174, P00, B12, 1
P00, Trade, 24011.404, 177, P00, S09, 1
P00, Trade, 24023.596, 166, P00, B01, 1
P00, Trade, 24027.404, 165, P00, S00, 1
P00, Trade, 24031.038, 171, P00, B20, 1
P00, Trade, 24033.885, 170, P00, S17, 1
P00, Trade, 24040.058, 174, P00, B08, 1
P00, Trade, 24043.519, 168, P00, S06, 1
P00, Trade, 24048.808, 169, P00, B03, 1
P00, Trade, 24053.519, 167, P00, S01, 1
P00, Trade, 24060.404, 173, P00, B08, 1
P00, Trade, 24067.808, 162, P00, S07, 1
P00, Trade, 24070.615, 163, P00, B09, 1
P00, Trade, 24080.346, 167, P00, S06, 1
P00, Trade, 24088.019, 168, P00, B09, 1
P00, Trade, 24089.923, 168, P00, S17, 1
P00, Trade, 24093.308, 169, P00, B24, 1
P00, Trade, 24095.365, 166, P00, S00, 1
P00, Trade, 24097.519, 174, P00, B20, 1
P00, Trade, 24100.135, 172, P00, S11, 1
P00, Trade, 24111.635, 166, P00, B16, 1
P00, Trade, 24117.615, 166, P00, S07, 1
P00, Trade, 24124.058, 166, P00, B13, 1
P00, Trade, 24135.827, 171, P00, S08, 1
P00, Trade, 24140.654, 171, P00, B21, 1
P00, Trade, 24142.058, 171, P00, S24, 1
P00, Trade, 24144.942, 174, P00, B17, 1
P00, Trade, 24148.615, 171, P00, S03, 1
P00, Trade, 24153.000, 165, P00, B20, 1
P00, Trade, 24158.769, 165, P00, S22, 1
P00, Trade, 24160.231, 170, P00, B24, 1
P00, Trade, 24162.212, 169, P00, S00, 1
P00, Trade, 24168.346, 168, P00, B01, 1
P00, Trade, 24174.212, 163, P00, S17, 1
P00, Trade, 24179.019, 167, P00, B10, 1
P00, Trade, 24183.385, 164, P00, S19, 1
P00, Trade, 24189.365, 167, P00, B20, 1
P00, Trade, 24190.519, 165, P00, S15, 1
P00, Trade, 24191.788, 166, P00, B17, 1
P00, Trade, 24200.000, 166, P00, S13, 1
P00, Trade, 24204.635, 169, P00, B10, 1
P00, Trade, 24212.731, 165, P00, S15, 1
P00, Trade, 24223.288, 169, P00, B04, 1
P00, Trade, 24225.577, 172, P00, S21, 1
P00, Trade, 24232.058, 174, P00, B11, 1
P00, Trade, 24235.827, 171, P00, S08, 1
P00, Trade, 24239.538, 165, P00, B10, 1
P00, Trade, 24246.500, 171, P00, S22, 1
P00, Trade, 24256.135, 173, P00, B09, 1
P00, Trade, 24262.519, 167, P00, S02, 1
P00, Trade, 24266.846, 179, P00, B23, 1
P00, Trade, 24274.154, 166, P00, S00, 1
P00, Trade, 24278.385, 175, P00, B12, 1
P00, Trade, 24288.558, 167, P00, S24, 1
P00, Trade, 24291.731, 169, P00, B09, 1
P00, Trade, 24294.827, 167, P00, S24, 1
P00, Trade, 24297.942, 168, P00, B08, 1
P00, Trade, 24304.212, 163, P00, S22, 1
P00, Trade, 24310.462, 170, P00, B17, 1
P00, Trade, 24318.846, 168, P00, S15, 1
P00, Trade, 24319.365, 169, P00, B17, 1
P00, Trade, 24324.808, 170, P00, S19, 1
P00, Trade, 24329.346, 167, P00, B23, 1
P00, Trade, 24335.269, 164, P00, S21, 1
P00, Trade, 24337.635, 165, P00, B21, 1
P00, Trade, 24339.288, 165, P00, S07, 1
P00, Trade, 24341.385, 166, P00, B19, 1
P00, Trade, 24341.904, 165, P00, S06, 1
P00, Trade, 24343.135, 172, P00, B23, 1
P00, Trade, 24346.538, 167, P00, S15, 1
P00, Trade, 24350.904, 171, P00, B12, 1
P00, Trade, 24356.846, 165, P00, S01, 1
P00, Trade, 24360.923, 165, P00, B13, 1
P00, Trade, 24369.154, 164, P00, S14, 1
P00, Trade, 24374.288, 169, P00, B23, 1
P00, Trade, 24376.962, 166, P00, S04, 1
P00, Trade, 24381.904, 169, P00, B00, 1
P00, Trade, 24386.058, 167, P00, S13, 1
P00, Trade, 24394.558, 172, P00, B01, 1
P00, Trade, 24404.788, 163, P00, S09, 1
P00, Trade, 24411.615, 169, P00, B02, 1
P00, Trade, 24431.058, 169, P00, S07, 1
P00, Trade, 24439.096, 167, P00, B02, 1
P00, Trade, 24442.712, 169, P00, S17, 1
P00, Trade, 24444.538, 170, P00, B06, 1
P00, Trade, 24454.923, 171, P00, S06, 1
P00, Trade, 24459.154, 175, P00, B02, 1
P00, Trade, 24461.423, 165, P00, S01, 1
P00, Trade, 24471.692, 167, P00, B16, 1
P00, Trade, 24476.481, 171, P00, S03, 1
P00, Trade, 24480.769, 167, P00, B10, 1
P00, Trade, 24489.404, 170, P00, S17, 1
P00, Trade, 24490.731, 173, P00, B04, 1
P00, Trade, 24492.212, 172, S12, P00, 1
P00, Trade, 24496.885, 173, P00, B08, 1
P00, Trade, 24499.442, 169, P00, S24, 1
P00, Trade, 24505.654, 164, P00, B11, 1
P00, Trade, 24510.173, 162, P00, S15, 1
P00, Trade, 24511.038, 164, P00, B17, 1
P00, Trade, 24512.788, 163, P00, S16, 1
P00, Trade, 24519.212, 171, P00, B05, 1
P00, Trade, 24525.423, 171, P00, S20, 1
P00, Trade, 24526.519, 175, P00, B01, 1
P00, Trade, 24530.827, 168, P00, S00, 1
P00, Trade, 24537.135, 168, P00, B09, 1
P00, Trade, 24542.712, 167, P00, S13, 1
P00, Trade, 24545.135, 172, P00, B01, 1
P00, Trade, 24555.173, 168, P00, S10, 1
P00, Trade, 24556.712, 171, P00, B21, 1
P00, Trade, 24559.692, 171, P00, S20, 1
P00, Trade, 24564.173, 171, P00, B09, 1
P00, Trade, 24569.404, 171, P00, S00, 1
P00, Trade, 24578.481, 173, P00, B24, 1
P00, Trade, 24583.615, 164, P00, S02, 1
P00, Trade, 24590.769, 166, P00, B00, 1
P00, Trade, 24598.135, 168, P00, S00, 1
P00, Trade, 24602.692, 169, P00, B12, 1
P00, Trade, 24610.038, 166, P00, S07, 1
P00, Trade, 24614.135, 173, P00, B23, 1
P00, Trade, 24621.731, 166, P00, S03, 1
P00, Trade, 24626.154, 165, P00, B03, 1
P00, Trade, 24627.712, 159, P00, S14, 1
P00, Trade, 24632.385, 172, P00, B17, 1
P00, Trade, 24636.135, 173, P00, S01, 1
P00, Trade, 24637.250, 174, P00, B05, 1
P00, Trade, 24638.692, 172, P00, S18, 1
P00, Trade, 24640.462, 172, P00, B10, 1
P00, Trade, 24646.192, 166, P00, S03, 1
P00, Trade, 24652.942, 169, P00, B08, 1
P00, Trade, 24657.077, 167, P00, S22, 1
P00, Trade, 24657.788, 173, P00, B09, 1
P00, Trade, 24662.404, 169, P00, S10, 1
P00, Trade, 24663.019, 170, P00, B16, 1
P00, Trade, 24665.904, 167, P00, S19, 1
P00, Trade, 24668.750, 170, P00, B21, 1
P00, Trade, 24671.096, 168, P00, S13, 1
P00, Trade, 24674.769, 168, P00, B13, 1
P00, Trade, 24678.577, 168, P00, S15, 1
P00, Trade, 24685.346, 170, P00, B02, 1
P00, Trade, 24690.212, 167, P00, S00, 1
P00, Trade, 24692.365, 167, P00, B17, 1
P00, Trade, 24700.808, 168, P00, S16, 1
P00, Trade, 24704.308, 175, P00, B11, 1
P00, Trade, 24708.981, 168, P00, S01, 1
P00, Trade, 24714.731, 163, P00, B23, 1
P00, Trade, 24724.192, 163, P00, S14, 1
P00, Trade, 24728.288, 169, P00, B13, 1
P00, Trade, 24732.385, 170, P00, S17, 1
P00, Trade, 24736.558, 168, P00, B19, 1
P00, Trade, 24740.038, 166, P00, S03, 1
P00, Trade, 24740.885, 168, P00, B24, 1
P00, Trade, 24746.577, 173, P00, S07, 1
P00, Trade, 24750.712, 173, P00, B23, 1
P00, Trade, 24753.500, 171, P00, S11, 1
P00, Trade, 24762.269, 168, P00, B14, 1
P00, Trade, 24768.577, 166, P00, S11, 1
P00, Trade, 24771.558, 167, P00, B20, 1
P00, Trade, 24774.673, 165, P00, S18, 1
P00, Trade, 24784.846, 169, P00, B10, 1
P00, Trade, 24792.462, 166, P00, S06, 1
P00, Trade, 24801.000, 173, P00, B23, 1
P00, Trade, 24803.904, 168, S01, P00, 1
P00, Trade, 24807.192, 167, P00, B01, 1
P00, Trade, 24819.615, 168, P00, S02, 1
P00, Trade, 24827.154, 167, P00, B16, 1
P00, Trade, 24834.692, 166, P00, S06, 1
P00, Trade, 24841.442, 168, P00, B18, 1
P00, Trade, 24845.115, 162, P00, S09, 1
P00, Trade, 24850.192, 167, P00, B11, 1
P00, Trade, 24857.038, 166, P00, S20, 1
P00, Trade, 24857.481, 165, P00, B12, 1
P00, Trade, 24860.865, 166, P00, S22, 1
P00, Trade, 24868.615, 165, P00, B12, 1
P00, Trade, 24876.731, 173, P00, S15, 1
P00, Trade, 24877.404, 175, P00, B23, 1
P00, Trade, 24880.962, 175, P00, S00, 1
P00, Trade, 24891.192, 171, P00, B01, 1
P00, Trade, 24892.481, 160, P00, S17, 1
P00, Trade, 24902.673, 167, P00, B01, 1
P00, Trade, 24904.712, 162, P00, S04, 1
P00, Trade, 24914.500, 172, P00, B12, 1
P00, Trade, 24917.923, 169, P00, S14, 1
P00, Trade, 24921.538, 172, P00, B19, 1
P00, Trade, 24925.115, 165, P00, S16, 1
P00, Trade, 24930.904, 163, P00, B10, 1
P00, Trade, 24936.865, 172, P00, S09, 1
P00, Trade, 24940.519, 170, P00, B12, 1
P00, Trade, 24945.500, 164, P00, S18, 1
P00, Trade, 24952.115, 165, P00, B23, 1
P00, Trade, 24956.827, 168, P00, S03, 1
P00, Trade, 24964.481, 165, P00, B19, 1
P00, Trade, 24971.577, 162, P00, S17, 1
P00, Trade, 24976.212, 171, P00, B22, 1
P00, Trade, 24980.346, 165, P00, S04, 1
P00, Trade, 24982.019, 165, P00, B06, 1
P00, Trade, 24986.404, 163, P00, S06, 1
P00, Trade, 24987.712, 166, P00, B16, 1
P00, Trade, 24997.038, 166, P00, S15, 1
P00, Trade, 25001.404, 168, P00, B01, 1
P00, Trade, 25007.519, 172, P00, S06, 1
P00, Trade, 25012.288, 178, P00, B11, 1
P00, Trade, 25014.288, 168, P00, S13, 1
P00, Trade, 25021.327, 169, P00, B23, 1
P00, Trade, 25027.077, 170, P00, S03, 1
P00, Trade, 25030.769, 171, P00, B05, 1
P00, Trade, 25033.577, 164, P00, S05, 1
P00, Trade, 25040.865, 173, P00, B13, 1
P00, Trade, 25042.577, 172, P00, S09, 1
P00, Trade, 25049.327, 172, P00, B08, 1
P00, Trade, 25057.750, 171, P00, S06, 1
P00, Trade, 25069.038, 175, P00, B12, 1
P00, Trade, 25071.712, 170, P00, S01, 1
P00, Trade, 25080.327, 170, P00, B19, 1
P00, Trade, 25088.135, 168, P00, S17, 1
P00, Trade, 25093.577, 172, P00, B17, 1
P00, Trade, 25096.942, 173, P00, S22, 1
P00, Trade, 25101.865, 172, P00, B22, 1
P00, Trade, 25110.731, 163, P00, S10, 1
P00, Trade, 25113.962, 166, P00, B02, 1
P00, Trade, 25119.615, 163, P00, S13, 1
P00, Trade, 25121.308, 162, P00, B18, 1
P00, Trade, 25124.231, 160, P00, S00, 1
P00, Trade, 25126.346, 162, P00, B03, 1
P00, Trade, 25130.808, 162, P00, S16, 1
P00, Trade, 25134.154, 165, P00, B11, 1
P00, Trade, 25138.038, 163, P00, S07, 1
P00, Trade, 25150.635, 161, P00, B19, 1
P00, Trade, 25162.269, 166, P00, S04, 1
P00, Trade, 25165.558, 169, P00, B12, 1
P00, Trade, 25176.019, 171, P00, S10, 1
P00, Trade, 25180.096, 171, P00, B02, 1
P00, Trade, 25183.212, 168, P00, S00, 1
P00, Trade, 25189.788, 166, P00, B24, 1
P00, Trade, 25196.135, 168, P00, S06, 1
P00, Trade, 25203.019, 172, P00, B01, 1
P00, Trade, 25204.365, 170, P00, S19, 1
P00, Trade, 25211.750, 168, P00, B14, 1
P00, Trade, 25215.865, 168, P00, S16, 1
P00, Trade, 25223.096, 167, P00, B16, 1
P00, Trade, 25227.423, 167, P00, S24, 1
P00, Trade, 25234.423, 167, P00, B08, 1
P00, Trade, 25241.962, 168, P00, S03, 1
P00, Trade, 25254.308, 168, P00, B06, 1
P00, Trade, 25261.731, 165, P00, S11, 1
P00, Trade, 25265.577, 170, P00, B03, 1
P00, Trade, 25272.981, 170, P00, S10, 1
P00, Trade, 25277.577, 172, P00, B13, 1
P00, Trade, 25282.500, 168, P00, S22, 1
P00, Trade, 25288.635, 170, P00, B17, 1
P00, Trade, 25292.827, 164, P00, S10, 1
P00, Trade, 25293.846, 170, P00, B21, 1
P00, Trade, 25300.423, 173, P00, S22, 1
P00, Trade, 25307.788, 170, P00, B01, 1
P00, Trade, 25316.269, 172, P00, S06, 1
P00, Trade, 25318.769, 172, P00, B08, 1
P00, Trade, 25327.673, 168, P00, S18, 1
P00, Trade, 25341.442, 165, P00, B01, 1
P00, Trade, 25348.558, 169, P00, S20, 1
P00, Trade, 25357.212, 165, P00, B12, 1
P00, Trade, 25369.538, 166, P00, S15, 1
P00, Trade, 25376.923, 166, B05, P00, 1
P00, Trade, 25391.635, 169, P00, S09, 1
P00, Trade, 25401.231, 176, P00, B11, 1
P00, Trade, 25403.038, 172, P00, S00, 1
P00, Trade, 25406.577, 169, P00, B00, 1
P00, Trade, 25410.481, 168, P00, S09, 1
P00, Trade, 25412.712, 171, P00, B12, 1
P00, Trade, 25418.058, 168, P00, S01, 1
P00, Trade, 25427.250, 163, P00, B01, 1
P00, Trade, 25433.731, 169, P00, S15, 1
P00, Trade, 25436.558, 174, P00, B13, 1
P00, Trade, 25445.577, 174, P00, S05, 1
P00, Trade, 25452.308, 172, P00, B17, 1
P00, Trade, 25454.442, 169, P00, S16, 1
P00, Trade, 25460.115, 173, P00, B01, 1
P00, Trade, 25462.404, 170, P00, S09, 1
P00, Trade, 25470.404, 169, P00, B05, 1
P00, Trade, 25473.250, 164, P00, S07, 1
P00, Trade, 25483.173, 170, P00, B00, 1
P00, Trade, 25487.673, 168, P00, S24, 1
P00, Trade, 25490.481, 169, P00, B00, 1
P00, Trade, 25496.346, 166, P00, S01, 1
P00, Trade, 25502.788, 168, P00, B06, 1
P00, Trade, 25508.519, 172, P00, S23, 1
P00, Trade, 25513.885, 168, P00, B17, 1
P00, Trade, 25517.942, 163, P00, S03, 1
P00, Trade, 25521.731, 166, P00, B16, 1
P00, Trade, 25533.635, 167, P00, S15, 1
P00, Trade, 25540.654, 172, P00, B13, 1
P00, Trade, 25543.192, 169, P00, S03, 1
P00, Trade, 25550.538, 169, P00, B07, 1
P00, Trade, 25555.019, 167, P00, S03, 1
P00, Trade, 25561.635, 170, P00, B22, 1
P00, Trade, 25564.673, 168, P00, S14, 1
P00, Trade, 25568.942, 168, P00, B09, 1
P00, Trade, 25579.423, 178, P00, S09, 1
P00, Trade, 25581.365, 175, P00, B24, 1
P00, Trade, 25584.231, 166, P00, S00, 1
P00, Trade, 25588.500, 169, P00, B01, 1
P00, Trade, 25593.250, 168, P00, S10, 1
P00, Trade, 25595.212, 170, P00, B06, 1
P00, Trade, 25596.442, 168, P00, S04, 1
P00, Trade, 25598.077, 173, P00, B00, 1
P00, Trade, 25602.769, 169, P00, S19, 1
P00, Trade, 25609.808, 170, P00, B19, 1
P00, Trade, 25614.731, 166, P00, S00, 1
P00, Trade, 25616.827, 172, P00, B20, 1
P00, Trade, 25620.269, 170, P00, S06, 1
P00, Trade, 25623.808, 168, P00, B24, 1
P00, Trade, 25625.923, 167, P00, S20, 1
P00, Trade, 25626.731, 170, P00, B08, 1
P00, Trade, 25633.673, 169, P00, S02, 1
P00, Trade, 25643.769, 171, P00, B12, 1
P00, Trade, 25653.000, 173, P00, S00, 1
P00, Trade, 25659.308, 171, P00, B19, 1
P00, Trade, 25662.769, 167, P00, S19, 1
P00, Trade, 25664.365, 170, P00, B01, 1
P00, Trade, 25669.942, 168, P00, S08, 1
P00, Trade, 25671.365, 169, P00, B03, 1
P00, Trade, 25681.212, 166, P00, S03, 1
P00, Trade, 25683.827, 169, P00, B06, 1
P00, Trade, 25686.577, 168, P00, S04, 1
P00, Trade, 25688.038, 171, P00, B03, 1
P00, Trade, 25690.442, 168, P00, S19, 1
P00, Trade, 25696.058, 168, P00, B07, 1
P00, Trade, 25700.904, 173, P00, S24, 1
P00, Trade, 25706.558, 168, P00, B23, 1
P00, Trade, 25710.212, 167, P00, S17, 1
P00, Trade, 25716.115, 168, P00, B22, 1
P00, Trade, 25718.288, 162, P00, S06, 1
P00, Trade, 25721.519, 164, P00, B11, 1
P00, Trade, 25726.250, 169, P00, S15, 1
P00, Trade, 25730.288, 168, P00, B09, 1
P00, Trade, 25735.288, 168, P00, S04, 1
P00, Trade, 25739.500, 172, P00, B09, 1
P00, Trade, 25743.231, 167, P00, S13, 1
P00, Trade, 25746.500, 168, P00, B18, 1
P00, Trade, 25753.962, 171, P00, S08, 1
P00, Trade, 25758.442, 170, P00, B22, 1
P00, Trade, 25764.385, 172, P00, S07, 1
P00, Trade, 25769.423, 167, P00, B24, 1
P00, Trade, 25774.481, 165, P00, S17, 1
P00, Trade, 25775.346, 173, P00, B12, 1
P00, Trade, 25778.712, 169, P00, S15, 1
P00, Trade, 25780.077, 175, P00, B17, 1
P00, Trade, 25780.865, 170, P00, S04, 1
P00, Trade, 25787.000, 172, P00, B00, 1
P00, Trade, 25789.615, 172, P00, S04, 1
P00, Trade, 25797.500, 169, P00, B12, 1
P00, Trade, 25799.692, 170, P00, S19, 1
P00, Trade, 25804.385, 176, P00, B10, 1
P00, Trade, 25805.481, 174, P00, S16, 1
P00, Trade, 25812.038, 166, P00, B04, 1
P00, Trade, 25813.135, 163, P00, S20, 1
P00, Trade, 25817.058, 163, P00, B01, 1
P00, Trade, 25824.962, 170, P00, S02, 1
P00, Trade, 25829.423, 177, P00, B22, 1
P00, Trade, 25831.846, 169, P00, S05, 1
P00, Trade, 25836.135, 164, P00, B02, 1
P00, Trade, 25844.000, 170, P00, S12, 1
P00, Trade, 25854.635, 165, P00, B04, 1
P00, Trade, 25856.154, 164, P00, S01, 1
P00, Trade, 25865.404, 166, P00, B06, 1
P00, Trade, 25866.327, 165, P00, S07, 1
P00, Trade, 25867.788, 171, P00, B20, 1
P00, Trade, 25876.269, 172, P00, S02, 1
P00, Trade, 25878.673, 176, P00, B24, 1
P00, Trade, 25882.288, 171, P00, S24, 1
P00, Trade, 25894.769, 168, P00, B07, 1
P00, Trade, 25899.327, 168, P00, S05, 1
P00, Trade, 25902.192, 168, P00, B05, 1
P00, Trade, 25906.654, 169, P00, S04, 1
P00, Trade, 25912.808, 168, P00, B01, 1
P00, Trade, 25920.558, 172, P00, S16, 1
P00, Trade, 25925.000, 174, P00, B09, 1
P00, Trade, 25927.442, 174, P00, S00, 1
P00, Trade, 25933.346, 167, P00, B00, 1
P00, Trade, 25936.538, 167, P00, S07, 1
P00, Trade, 25939.442, 168, P00, B13, 1
P00, Trade, 25947.500, 168, P00, S00, 1
P00, Trade, 25948.481, 169, P00, B17, 1
P00, Trade, 25952.904, 171, P00, S08, 1
P00, Trade, 25955.346, 171, P00, B22, 1
P00, Trade, 25960.885, 180, P00, S04, 1
P00, Trade, 25969.250, 169, P00, B16, 1
P00, Trade, 25976.231, 166, P00, S03, 1
P00, Trade, 25980.115, 171, P00, B00, 1
P00, Trade, 25989.327, 170, P00, S20, 1
P00, Trade, 25991.769, 178, P00, B11, 1
P00, Trade, 26000.615, 170, P00, S12, 1
P00, Trade, 26005.077, 169, P00, B16, 1
P00, Trade, 26007.385, 167, P00, S23, 1
P00, Trade, 26010.538, 172, P00, B18, 1
P00, Trade, 26018.404, 169, P00, S16, 1
P00, Trade, 26022.462, 170, P00, B00, 1
P00, Trade, 26028.346, 169, P00, S22, 1
P00, Trade, 26030.462, 170, P00, B01, 1
P00, Trade, 26033.788, 170, P00, S18, 1
P00, Trade, 26039.000, 171, P00, B08, 1
P00, Trade, 26044.712, 171, P00, S01, 1
P00, Trade, 26049.019, 169, P00, B15, 1
P00, Trade, 26052.346, 168, P00, S23, 1
P00, Trade, 26056.192, 169, P00, B17, 1
P00, Trade, 26059.577, 166, P00, S05, 1
P00, Trade, 26060.327, 168, P00, B20, 1
P00, Trade, 26063.173, 166, P00, S23, 1
P00, Trade, 26068.981, 172, P00, B00, 1
P00, Trade, 26070.346, 166, P00, S00, 1
P00, Trade, 26081.250, 167, P00, B08, 1
P00, Trade, 26082.096, 163, P00, S17, 1
P00, Trade, 26092.558, 169, P00, B17, 1
P00, Trade, 26094.654, 167, P00, S04, 1
P00, Trade, 26099.596, 169, P00, B08, 1
P00, Trade, 26101.365, 171, P00, S20, 1
P00, Trade, 26106.904, 169, P00, B07, 1
P00, Trade, 26111.769, 172, P00, S18, 1
P00, Trade, 26113.173, 173, P00, B05, 1
P00, Trade, 26114.635, 167, P00, S13, 1
P00, Trade, 26121.038, 172, P00, B11, 1
P00, Trade, 26122.423, 170, P00, S04, 1
P00, Trade, 26132.077, 170, P00, B13, 1
P00, Trade, 26135.615, 168, P00, S09, 1
P00, Trade, 26141.173, 174, P00, B02, 1
P00, Trade, 26145.788, 169, P00, S16, 1
P00, Trade, 26150.865, 168, P00, B04, 1
P00, Trade, 26155.635, 168, P00, S18, 1
P00, Trade, 26157.327, 171, B03, P00, 1
P00, Trade, 26160.750, 167, P00, S16, 1
P00, Trade, 26169.058, 173, P00, B16, 1
P00, Trade, 26169.712, 172, P00, S17, 1
P00, Trade, 26172.115, 173, P00, B22, 1
P00, Trade, 26174.462, 174, P00, S20, 1
P00, Trade, 26177.231, 172, P00, B09, 1
P00, Trade, 26180.596, 170, P00, S14, 1
P00, Trade, 26182.308, 172, P00, B06, 1
P00, Trade, 26185.115, 171, P00, S07, 1
P00, Trade, 26190.135, 176, P00, B23, 1
P00, Trade, 26196.096, 168, P00, S22, 1
P00, Trade, 26197.212, 169, P00, B05, 1
P00, Trade, 26201.115, 171, P00, S13, 1
P00, Trade, 26205.846, 172, P00, B15, 1
P00, Trade, 26209.308, 174, P00, S15, 1
P00, Trade, 26217.846, 169, P00, B13, 1
P00, Trade, 26221.500, 167, P00, S22, 1
P00, Trade, 26228.077, 169, P00, B04, 1
P00, Trade, 26230.615, 167, P00, S03, 1
P00, Trade, 26236.423, 169, P00, B08, 1
P00, Trade, 26240.192, 168, P00, S20, 1
P00, Trade, 26244.712, 172, P00, B03, 1
P00, Trade, 26250.769, 165, P00, S15, 1
P00, Trade, 26259.269, 168, P00, B09, 1
P00, Trade, 26262.942, 167, P00, S17, 1
P00, Trade, 26268.058, 168, P00, B12, 1
P00, Trade, 26271.846, 167, P00, S07, 1
P00, Trade, 26275.904, 168, P00, B22, 1
P00, Trade, 26281.038, 172, P00, S16, 1
P00, Trade, 26287.519, 168, P00, B07, 1
P00, Trade, 26290.096, 173, P00, S18, 1
P00, Trade, 26298.577, 168, P00, B20, 1
P00, Trade, 26301.577, 171, P00, S00, 1
P00, Trade, 26304.654, 168, P00, B02, 1
P00, Trade, 26306.769, 171, P00, S07, 1
P00, Trade, 26312.942, 166, P00, B19, 1
P00, Trade, 26316.038, 169, P00, S20, 1
P00, Trade, 26322.000, 184, P00, B00, 1
P00, Trade, 26325.615, 174, P00, S12, 1
P00, Trade, 26328.558, 174, P00, B08, 1
P00, Trade, 26329.481, 167, P00, S19, 1
P00, Trade, 26337.846, 171, P00, B03, 1
P00, Trade, 26341.212, 169, P00, S22, 1
P00, Trade, 26344.250, 171, P00, B12, 1
P00, Trade, 26350.923, 171, P00, S15, 1
P00, Trade, 26360.308, 169, P00, B17, 1
P00, Trade, 26363.385, 166, P00, S12, 1
P00, Trade, 26369.865, 171, B05, P00, 1
P00, Trade, 26374.577, 169, P00, S19, 1
P00, Trade, 26382.000, 169, P00, B03, 1
P00, Trade, 26391.212, 170, P00, S13, 1
P00, Trade, 26401.096, 173, P00, B22, 1
P00, Trade, 26414.308, 171, P00, S05, 1
P00, Trade, 26417.192, 173, P00, B16, 1
P00, Trade, 26422.288, 167, P00, S22, 1
P00, Trade, 26429.288, 172, P00, B10, 1
P00, Trade, 26435.404, 166, P00, S13, 1
P00, Trade, 26442.769, 176, P00, B00, 1
P00, Trade, 26447.269, 173, P00, S11, 1
P00, Trade, 26451.327, 174, P00, B10, 1
P00, Trade, 26458.962, 169, P00, S13, 1
P00, Trade, 26461.385, 174, P00, B16, 1
P00, Trade, 26466.654, 171, P00, S10, 1
P00, Trade, 26470.000, 170, P00, B07, 1
P00, Trade, 26481.692, 172, P00, S09, 1
P00, Trade, 26484.942, 171, P00, B15, 1
P00, Trade, 26489.596, 163, P00, S13, 1
P00, Trade, 26492.423, 164, P00, B22, 1
P00, Trade, 26496.885, 163, P00, S00, 1
P00, Trade, 26498.942, 171, P00, B00, 1
P00, Trade, 26503.962, 168, P00, S01, 1
P00, Trade, 26506.019, 167, P00, B12, 1
P00, Trade, 26512.365, 164, P00, S07, 1
P00, Trade, 26513.942, 165, P00, B21, 1
P00, Trade, 26517.250, 162, P00, S04, 1
P00, Trade, 26521.827, 168, P00, B02, 1
P00, Trade, 26527.327, 172, P00, S02, 1
P00, Trade, 26533.231, 176, P00, B09, 1
P00, Trade, 26534.635, 175, P00, S24, 1
P00, Trade, 26548.154, 172, P00, B03, 1
P00, Trade, 26549.173, 172, P00, S07, 1
P00, Trade, 26557.115, 171, P00, B08, 1
P00, Trade, 26558.115, 170, P00, S06, 1
P00, Trade, 26561.904, 173, P00, B09, 1
P00, Trade, 26563.038, 170, P00, S10, 1
P00, Trade, 26569.173, 168, P00, B13, 1
P00, Trade, 26573.135, 172, P00, S01, 1
P00, Trade, 26577.769, 175, P00, B09, 1
P00, Trade, 26579.077, 172, P00, S15, 1
P00, Trade, 26580.942, 174, P00, B17, 1
P00, Trade, 26590.058, 173, P00, S10, 1
P00, Trade, 26592.577, 177, P00, B02, 1
P00, Trade, 26593.423, 173, P00, S22, 1
P00, Trade, 26599.385, 173, P00, B09, 1
P00, Trade, 26602.212, 171, P00, S10, 1
P00, Trade, 26603.442, 171, P00, B08, 1
P00, Trade, 26605.308, 169, P00, S05, 1
P00, Trade, 26613.212, 171, P00, B04, 1
P00, Trade, 26614.731, 168, P00, S22, 1
P00, Trade, 26623.827, 166, P00, B03, 1
P00, Trade, 26628.000, 166, P00, S22, 1
P00, Trade, 26633.712, 168, P00, B22, 1
P00, Trade, 26636.808, 168, P00, S15, 1
P00, Trade, 26639.500, 166, P00, B17, 1
P00, Trade, 26642.808, 165, P00, S15, 1
P00, Trade, 26647.250, 169, P00, B01, 1
P00, Trade, 26652.981, 172, P00, S00, 1
P00, Trade, 26661.115, 172, P00, B22, 1
P00, Trade, 26669.692, 180, P00, S04, 1
P00, Trade, 26675.212, 169, P00, B21, 1
P00, Trade, 26677.327, 167, P00, S09, 1
P00, Trade, 26684.885, 170, P00, B02, 1
P00, Trade, 26689.192, 169, P00, S18, 1
P00, Trade, 26693.750, 172, P00, B10, 1
P00, Trade, 26698.558, 169, P00, S00, 1
P00, Trade, 26704.462, 176, P00, B08, 1
P00, Trade, 26706.058, 172, P00, S22, 1
P00, Trade, 26709.019, 173, P00, B22, 1
P00, Trade, 26712.308, 168, P00, S17, 1
P00, Trade, 26724.885, 168, P00, B16, 1
P00, Trade, 26737.346, 175, P00, S04, 1
P00, Trade, 26743.096, 170, P00, B14, 1
P00, Trade, 26747.462, 170, P00, S15, 1
P00, Trade, 26749.904, 173, P00, B07, 1
P00, Trade, 26754.192, 169, P00, S22, 1
P00, Trade, 26759.904, 175, P00, B08, 1
P00, Trade, 26769.058, 175, P00, S18, 1
P00, Trade, 26778.154, 173, P00, B16, 1
P00, Trade, 26783.019, 170, P00, S04, 1
P00, Trade, 26788.231, 175, P00, B11, 1
P00, Trade, 26789.615, 173, P00, S03, 1
P00, Trade, 26795.385, 173, P00, B00, 1
P00, Trade, 26800.212, 166, P00, S14, 1
P00, Trade, 26805.865, 168, P00, B11, 1
P00, Trade, 26811.865, 170, P00, S22, 1
P00, Trade, 26818.577, 173, P00, B18, 1
P00, Trade, 26824.250, 170, P00, S19, 1
P00, Trade, 26829.308, 171, P00, B11, 1
P00, Trade, 26835.288, 169, P00, S16, 1
P00, Trade, 26845.000, 171, P00, B24, 1
P00, Trade, 26846.385, 168, P00, S15, 1
P00, Trade, 26851.173, 166, P00, B19, 1
P00, Trade, 26859.096, 166, P00, S10, 1
P00, Trade, 26860.250, 168, P00, B17, 1
P00, Trade, 26865.077, 166, P00, S23, 1
P00, Trade, 26872.308, 171, P00, B11, 1
P00, Trade, 26879.077, 169, P00, S02, 1
P00, Trade, 26883.846, 169, P00, B19, 1
P00, Trade, 26885.731, 164, P00, S03, 1
P00, Trade, 26890.808, 164, P00, B03, 1
P00, Trade, 26893.096, 165, P00, S01, 1
P00, Trade, 26899.096, 171, P00, B20, 1
P00, Trade, 26902.788, 172, P00, S10, 1
P00, Trade, 26914.192, 168, P00, B17, 1
P00, Trade, 26916.288, 165, P00, S15, 1
P00, Trade, 26922.904, 178, P00, B19, 1
P00, Trade, 26926.635, 174, P00, S20, 1
P00, Trade, 26932.692, 169, P00, B09, 1
P00, Trade, 26939.154, 171, P00, S18, 1
P00, Trade, 26941.885, 170, P00, B08, 1
P00, Trade, 26946.058, 171, P00, S00, 1
P00, Trade, 26950.192, 173, P00, B09, 1
P00, Trade, 26955.269, 172, P00, S06, 1
P00, Trade, 26959.442, 171, P00, B17, 1
P00, Trade, 26966.019, 170, P00, S04, 1
P00, Trade, 26967.865, 173, P00, B03, 1
P00, Trade, 26973.385, 170, P00, S04, 1
P00, Trade, 26974.692, 172, P00, B09, 1
P00, Trade, 26981.558, 172, P00, S20, 1
P00, Trade, 26987.365, 178, P00, B24, 1
P00, Trade, 26996.385, 172, P00, S00, 1
P00, Trade, 27002.385, 174, P00, B12, 1
P00, Trade, 27008.981, 171, S24, P00, 1
P00, Trade, 27009.827, 173, P00, B05, 1
P00, Trade, 27015.288, 174, P00, S15, 1
P00, Trade, 27026.865, 168, P00, B08, 1
P00, Trade, 27034.692, 165, P00, S00, 1
P00, Trade, 27038.846, 173, P00, B01, 1
P00, Trade, 27049.923, 172, P00, S17, 1
P00, Trade, 27051.827, 173, P00, B05, 1
P00, Trade, 27059.673, 178, P00, S13, 1
P00, Trade, 27066.865, 174, P00, B03, 1
P00, Trade, 27069.865, 171, P00, S24, 1
P00, Trade, 27076.808, 169, P00, B08, 1
P00, Trade, 27079.731, 169, P00, S01, 1
P00, Trade, 27083.135, 170, P00, B24, 1
P00, Trade, 27087.827, 166, P00, S09, 1
P00, Trade, 27093.385, 178, P00, B20, 1
P00, Trade, 27098.231, 180, P00, S19, 1
P00, Trade, 27104.673, 179, B07, P00, 1
P00, Trade, 27107.231, 180, P00, S13, 1
P00, Trade, 27117.077, 171, P00, B02, 1
P00, Trade, 27118.173, 169, P00, S03, 1
P00, Trade, 27122.577, 172, P00, B02, 1
P00, Trade, 27126.673, 174, P00, S03, 1
P00, Trade, 27129.173, 177, P00, B20, 1
P00, Trade, 27133.192, 168, P00, S01, 1
P00, Trade, 27141.827, 170, P00, B16, 1
P00, Trade, 27144.981, 172, P00, S23, 1
P00, Trade, 27152.904, 167, P00, B20, 1
P00, Trade, 27158.212, 163, P00, S09, 1
P00, Trade, 27160.231, 164, P00, B05, 1
P00, Trade, 27160.788, 164, P00, S17, 1
P00, Trade, 27165.327, 168, P00, B21, 1
P00, Trade, 27171.596, 171, P00, S17, 1
P00, Trade, 27173.442, 172, P00, B20, 1
P00, Trade, 27180.731, 167, P00, S00, 1
P00, Trade, 27184.865, 169, P00, B16, 1
P00, Trade, 27186.058, 168, P00, S09, 1
P00, Trade, 27189.346, 169, P00, B04, 1
P00, Trade, 27192.423, 165, P00, S05, 1
P00, Trade, 27196.788, 166, P00, B22, 1
P00, Trade, 27204.673, 172, P00, S02, 1
P00, Trade, 27206.385, 177, P00, B02, 1
P00, Trade, 27208.827, 181, P00, S09, 1
P00, Trade, 27215.846, 167, P00, B17, 1
P00, Trade, 27217.692, 166, P00, S10, 1
P00, Trade, 27221.192, 171, P00, B09, 1
P00, Trade, 27223.462, 168, P00, S16, 1
P00, Trade, 27229.635, 172, P00, B09, 1
P00, Trade, 27240.019, 167, P00, S16, 1
P00, Trade, 27243.269, 167, P00, B02, 1
P00, Trade, 27247.404, 165, P00, S14, 1
P00, Trade, 27254.962, 169, P00, B06, 1
P00, Trade, 27257.885, 168, P00, S06, 1
P00, Trade, 27260.596, 170, P00, B15, 1
P00, Trade, 27266.538, 163, P00, S04, 1
P00, Trade, 27267.269, 163, P00, B24, 1
P00, Trade, 27272.558, 168, P00, S13, 1
P00, Trade, 27275.519, 170, P00, B13, 1
P00, Trade, 27285.615, 163, P00, S10, 1
P00, Trade, 27290.923, 173, P00, B01, 1
P00, Trade, 27293.173, 161, P00, S04, 1
P00, Trade, 27296.712, 165, P00, B20, 1
P00, Trade, 27305.192, 168, P00, S19, 1
P00, Trade, 27305.981, 171, P00, B23, 1
P00, Trade, 27311.519, 168, P00, S02, 1
P00, Trade, 27314.731, 168, P00, B16, 1
P00, Trade, 27317.519, 162, P00, S17, 1
P00, Trade, 27322.962, 169, P00, B24, 1
P00, Trade, 27327.481, 174, P00, S04, 1
P00, Trade, 27330.250, 169, P00, B04, 1
P00, Trade, 27338.788, 166, P00, S05, 1
P00, Trade, 27341.654, 167, P00, B12, 1
P00, Trade, 27342.404, 164, P00, S03, 1
P00, Trade, 27350.462, 169, B05, P00, 1
P00, Trade, 27354.404, 169, P00, S03, 1
P00, Trade, 27358.904, 174, P00, B10, 1
P00, Trade, 27361.904, 169, P00, S05, 1
P00, Trade, 27367.750, 162, P00, B22, 1
P00, Trade, 27375.038, 166, P00, S07, 1
P00, Trade, 27377.269, 168, P00, B24, 1
P00, Trade, 27385.038, 175, P00, S09, 1
P00, Trade, 27391.538, 171, P00, B09, 1
P00, Trade, 27395.519, 169, P00, S17, 1
P00, Trade, 27397.462, 172, P00, B18, 1
P00, Trade, 27400.173, 171, P00, S13, 1
P00, Trade, 27401.942, 170, P00, B12, 1
P00, Trade, 27404.538, 170, P00, S17, 1
P00, Trade, 27405.769, 169, P00, B04, 1
P00, Trade, 27411.365, 172, P00, S04, 1
P00, Trade, 27418.308, 166, P00, B17, 1
P00, Trade, 27422.500, 170, P00, S07, 1
P00, Trade, 27428.346, 175, P00, B16, 1
P00, Trade, 27433.788, 169, P00, S01, 1
P00, Trade, 27439.442, 171, P00, B17, 1
P00, Trade, 27442.538, 167, P00, S07, 1
P00, Trade, 27446.865, 171, P00, B02, 1
P00, Trade, 27448.577, 168, P00, S22, 1
P00, Trade, 27453.538, 166, P00, B03, 1
P00, Trade, 27461.673, 164, P00, S15, 1
P00, Trade, 27463.365, 171, P00, B22, 1
P00, Trade, 27466.481, 178, P00, S10, 1
P00, Trade, 27473.288, 170, P00, B08, 1
P00, Trade, 27479.385, 165, P00, S23, 1
P00, Trade, 27483.288, 170, P00, B03, 1
P00, Trade, 27486.788, 170, P00, S15, 1
P00, Trade, 27493.058, 168, P00, B22, 1
P00, Trade, 27500.173, 167, P00, S08, 1
P00, Trade, 27500.519, 170, P00, B11, 1
P00, Trade, 27503.096, 172, P00, S16, 1
P00, Trade, 27508.769, 173, P00, B09, 1
P00, Trade, 27516.058, 171, P00, S11, 1
P00, Trade, 27523.558, 175, P00, B08, 1
P00, Trade, 27528.692, 170, P00, S13, 1
P00, Trade, 27536.346, 170, P00, B20, 1
P00, Trade, 27545.365, 167, P00, S09, 1
P00, Trade, 27550.058, 170, P00, B24, 1
P00, Trade, 27555.404, 165, P00, S15, 1
P00, Trade, 27559.115, 164, P00, B01, 1
P00, Trade, 27560.596, 164, P00, S17, 1
P00, Trade, 27570.212, 173, P00, B20, 1
P00, Trade, 27573.942, 170, P00, S15, 1
P00, Trade, 27575.731, 168, P00, B20, 1
P00, Trade, 27580.788, 164, P00, S22, 1
P00, Trade, 27582.250, 173, P00, B19, 1
P00, Trade, 27585.769, 171, P00, S08, 1
P00, Trade, 27588.731, 173, P00, B08, 1
P00, Trade, 27593.135, 172, P00, S05, 1
P00, Trade, 27597.058, 173, P00, B16, 1
P00, Trade, 27599.404, 171, P00, S06, 1
P00, Trade, 27601.577, 175, P00, B17, 1
P00, Trade, 27604.712, 174, P00, S24, 1
P00, Trade, 27615.308, 166, P00, B03, 1
P00, Trade, 27618.962, 165, P00, S01, 1
P00, Trade, 27619.827, 169, P00, B01, 1
P00, Trade, 27621.135, 170, P00, S18, 1
P00, Trade, 27622.596, 171, P00, B14, 1
P00, Trade, 27629.808, 168, P00, S17, 1
P00, Trade, 27637.250, 165, P00, B24, 1
P00, Trade, 27643.385, 167, P00, S18, 1
P00, Trade, 27645.923, 171, P00, B12, 1
P00, Trade, 27649.250, 174, P00, S06, 1
P00, Trade, 27657.538, 174, P00, B20, 1
P00, Trade, 27662.865, 169, P00, S00, 1
P00, Trade, 27668.962, 173, P00, B00, 1
P00, Trade, 27676.692, 165, P00, S07, 1
P00, Trade, 27680.923, 165, P00, B09, 1
P00, Trade, 27687.115, 165, P00, S01, 1
P00, Trade, 27690.538, 169, P00, B06, 1
P00, Trade, 27696.596, 171, P00, S18, 1
P00, Trade, 27705.577, 170, P00, B09, 1
P00, Trade, 27709.442, 168, P00, S08, 1
P00, Trade, 27713.327, 165, P00, B01, 1
P00, Trade, 27718.962, 167, P00, S15, 1
P00, Trade, 27727.058, 172, P00, B21, 1
P00, Trade, 27736.654, 167, P00, S10, 1
P00, Trade, 27742.500, 169, P00, B01, 1
P00, Trade, 27748.000, 171, P00, S04, 1
P00, Trade, 27752.269, 171, P00, B02, 1
P00, Trade, 27755.904, 165, P00, S16, 1
P00, Trade, 27761.173, 168, P00, B09, 1
P00, Trade, 27763.827, 166, P00, S01, 1
P00, Trade, 27767.038, 167, P00, B09, 1
P00, Trade, 27771.288, 170, P00, S09, 1
P00, Trade, 27775.596, 164, P00, B12, 1
P00, Trade, 27777.308, 163, P00, S01, 1
P00, Trade, 27785.538, 162, P00, B24, 1
P00, Trade, 27793.731, 170, P00, S15, 1
P00, Trade, 27800.327, 169, P00, B12, 1
P00, Trade, 27806.115, 166, P00, S19, 1
P00, Trade, 27808.538, 172, P00, B10, 1
P00, Trade, 27813.538, 164, P00, S15, 1
P00, Trade, 27821.827, 167, P00, B08, 1
P00, Trade, 27823.885, 166, P00, S02, 1
P00, Trade, 27829.346, 167, P00, B09, 1
P00, Trade, 27836.385, 168, P00, S11, 1
P00, Trade, 27838.058, 168, P00, B24, 1
P00, Trade, 27845.981, 167, P00, S02, 1
P00, Trade, 27855.288, 166, P00, B12, 1
P00, Trade, 27862.904, 171, P00, S09, 1
P00, Trade, 27867.731, 173, P00, B22, 1
P00, Trade, 27876.077, 163, P00, S03, 1
P00, Trade, 27879.712, 172, P00, B13, 1
P00, Trade, 27883.923, 172, P00, S00, 1
P00, Trade, 27885.750, 173, P00, B09, 1
P00, Trade, 27894.231, 171, P00, S15, 1
P00, Trade, 27898.500, 169, P00, B09, 1
P00, Trade, 27901.058, 168, P00, S22, 1
P00, Trade, 27905.885, 169, P00, B09, 1
P00, Trade, 27915.404, 165, P00, S12, 1
P00, Trade, 27917.615, 167, P00, B20, 1
P00, Trade, 27928.327, 171, P00, S21, 1
P00, Trade, 27936.269, 170, P00, B22, 1
P00, Trade, 27937.250, 166, S04, P00, 1
P00, Trade, 27942.558, 172, P00, B09, 1
P00, Trade, 27954.288, 166, P00, S02, 1
P00, Trade, 27959.288, 165, P00, B01, 1
P00, Trade, 27965.731, 168, P00, S06, 1
P00, Trade, 27970.808, 170, P00, B01, 1
P00, Trade, 27973.942, 167, P00, S18, 1
P00, Trade, 27980.038, 168, P00, B08, 1
P00, Trade, 27984.692, 174, P00, S16, 1
P00, Trade, 27986.712, 175, P00, B10, 1
P00, Trade, 27993.442, 169, P00, S14, 1
P00, Trade, 27996.538, 168, P00, B11, 1
P00, Trade, 28000.769, 168, P00, S20, 1
P00, Trade, 28002.750, 176, P00, B14, 1
P00, Trade, 28009.846, 165, P00, S11, 1
P00, Trade, 28012.577, 167, P00, B09, 1
P00, Trade, 28016.096, 167, P00, S04, 1
P00, Trade, 28022.808, 168, P00, B21, 1
P00, Trade, 28025.692, 168, P00, S11, 1
P00, Trade, 28028.058, 169, P00, B17, 1
P00, Trade, 28028.885, 161, P00, S07, 1
P00, Trade, 28037.115, 172, P00, B09, 1
P00, Trade, 28042.519, 170, P00, S13, 1
P00, Trade, 28043.173, 172, P00, B11, 1
P00, Trade, 28047.865, 169, P00, S18, 1
P00, Trade, 28058.962, 173, P00, B04, 1
P00, Trade, 28060.481, 173, P00, S16, 1
P00, Trade, 28066.385, 173, P00, B08, 1
P00, Trade, 28074.481, 170, P00, S15, 1
P00, Trade, 28080.942, 172, P00, B01, 1
P00, Trade, 28094.000, 168, P00, S20, 1
P00, Trade, 28095.904, 167, P00, B15, 1
P00, Trade, 28098.231, 165, P00, S09, 1
P00, Trade, 28101.519, 171, P00, B22, 1
P00, Trade, 28103.577, 167, P00, S18, 1
P00, Trade, 28106.577, 172, P00, B09, 1
P00, Trade, 28111.827, 170, P00, S03, 1
P00, Trade, 28120.442, 172, P00, B10, 1
P00, Trade, 28122.442, 165, P00, S23, 1
P00, Trade, 28125.231, 167, P00, B08, 1
P00, Trade, 28128.904, 166, P00, S09, 1
P00, Trade, 28130.904, 167, P00, B12, 1
P00, Trade, 28142.269, 178, P00, S04, 1
P00, Trade, 28144.077, 175, P00, B08, 1
P00, Trade, 28148.519, 159, P00, S15, 1
P00, Trade, 28151.481, 162, P00, B23, 1
P00, Trade, 28154.346, 163, P00, S03, 1
P00, Trade, 28160.212, 167, P00, B21, 1
P00, Trade, 28162.942, 168, P00, S20, 1
P00, Trade, 28165.308, 172, P00, B01, 1
P00, Trade, 28170.058, 171, P00, S18, 1
P00, Trade, 28176.115, 166, P00, B02, 1
P00, Trade, 28176.808, 164, P00, S12, 1
P00, Trade, 28179.500, 165, P00, B03, 1
P00, Trade, 28183.096, 165, P00, S03, 1
P00, Trade, 28187.635, 171, P00, B17, 1
P00, Trade, 28190.481, 169, P00, S17, 1
P00, Trade, 28194.808, 172, P00, B01, 1
P00, Trade, 28200.923, 169, P00, S19, 1
P00, Trade, 28202.635, 170, P00, B19, 1
P00, Trade, 28207.173, 170, P00, S21, 1
P00, Trade, 28214.942, 170, P00, B01, 1
P00, Trade, 28216.481, 170, P00, S00, 1
P00, Trade, 28221.269, 174, P00, B06, 1
P00, Trade, 28224.212, 173, P00, S07, 1
P00, Trade, 28232.615, 175, P00, B12, 1
P00, Trade, 28236.827, 174, P00, S10, 1
P00, Trade, 28243.788, 171, P00, B08, 1
P00, Trade, 28247.731, 168, P00, S01, 1
P00, Trade, 28250.077, 176, P00, B19, 1
P00, Trade, 28255.923, 165, P00, S13, 1
P00, Trade, 28265.865, 170, P00, B20, 1
P00, Trade, 28273.519, 176, P00, S05, 1
P00, Trade, 28279.981, 175, P00, B02, 1
P00, Trade, 28284.346, 168, P00, S13, 1
P00, Trade, 28289.019, 169, P00, B24, 1
P00, Trade, 28297.231, 168, P00, S12, 1
P00, Trade, 28301.538, 168, P00, B24, 1
P00, Trade, 28306.481, 167, P00, S04, 1
P00, Trade, 28309.077, 169, P00, B09, 1
P00, Trade, 28313.673, 170, P00, S16, 1
P00, Trade, 28316.846, 177, P00, B21, 1
P00, Trade, 28319.923, 174, P00, S17, 1
P00, Trade, 28329.731, 168, P00, B07, 1
P00, Trade, 28335.038, 168, P00, S15, 1
P00, Trade, 28350.423, 169, P00, B09, 1
P00, Trade, 28354.923, 173, P00, S09, 1
P00, Trade, 28363.654, 173, P00, B07, 1
P00, Trade, 28365.231, 166, P00, S00, 1
P00, Trade, 28367.712, 166, P00, B12, 1
P00, Trade, 28373.231, 167, P00, S13, 1
P00, Trade, 28379.038, 168, P00, B21, 1
P00, Trade, 28384.077, 169, P00, S17, 1
P00, Trade, 28391.346, 171, P00, B20, 1
P00, Trade, 28394.981, 166, P00, S20, 1
P00, Trade, 28395.981, 171, P00, B12, 1
P00, Trade, 28399.077, 166, P00, S15, 1
P00, Trade, 28402.673, 166, P00, B22, 1
P00, Trade, 28410.731, 171, P00, S10, 1
P00, Trade, 28416.385, 174, P00, B01, 1
P00, Trade, 28423.231, 170, P00, S06, 1
P00, Trade, 28434.269, 168, P00, B09, 1
P00, Trade, 28439.865, 170, P00, S05, 1
P00, Trade, 28445.288, 172, P00, B22, 1
P00, Trade, 28448.250, 168, P00, S00, 1
P00, Trade, 28454.404, 167, P00, B10, 1
P00, Trade, 28460.827, 171, P00, S20, 1
P00, Trade, 28462.096, 176, P00, B08, 1
P00, Trade, 28467.885, 173, P00, S10, 1
P00, Trade, 28471.135, 169, P00, B04, 1
P00, Trade, 28482.404, 167, P00, S11, 1
P00, Trade, 28484.615, 169, P00, B20, 1
P00, Trade, 28490.346, 170, P00, S17, 1
P00, Trade, 28497.135, 172, P00, B17, 1
P00, Trade, 28499.865, 169, P00, S00, 1
P00, Trade, 28508.058, 168, P00, B02, 1
P00, Trade, 28513.404, 172, P00, S02, 1
P00, Trade, 28520.788, 175, P00, B14, 1
P00, Trade, 28523.577, 173, P00, S08, 1
P00, Trade, 28539.365, 174, P00, B03, 1
P00, Trade, 28540.135, 171, P00, S14, 1
P00, Trade, 28544.981, 175, P00, B01, 1
P00, Trade, 28549.500, 171, P00, S14, 1
P00, Trade, 28552.442, 172, P00, B16, 1
P00, Trade, 28555.404, 170, P00, S23, 1
P00, Trade, 28561.596, 165, P00, B21, 1
P00, Trade, 28566.000, 170, P00, S17, 1
P00, Trade, 28571.135, 163, P00, B24, 1
P00, Trade, 28575.731, 164, P00, S17, 1
P00, Trade, 28576.673, 165, P00, B21, 1
P00, Trade, 28585.115, 172, P00, S23, 1
P00, Trade, 28602.981, 165, P00, B02, 1
P00, Trade, 28608.058, 163, P00, S18, 1
P00, Trade, 28609.212, 168, P00, B02, 1
P00, Trade, 28617.635, 172, P00, S12, 1
P00, Trade, 28623.962, 169, P00, B21, 1
P00, Trade, 28626.423, 170, P00, S21, 1
P00, Trade, 28629.635, 174, P00, B22, 1
P00, Trade, 28634.308, 169, P00, S17, 1
P00, Trade, 28640.481, 171, P00, B14, 1
P00, Trade, 28648.231, 172, P00, S20, 1
P00, Trade, 28660.212, 174, P00, B08, 1
P00, Trade, 28663.442, 172, P00, S02, 1
P00, Trade, 28667.019, 174, P00, B24, 1
P00, Trade, 28669.038, 170, S12, P00, 1
P00, Trade, 28672.327, 170, P00, B11, 1
P00, Trade, 28676.269, 166, P00, S15, 1
P00, Trade, 28681.346, 175, P00, B21, 1
P00, Trade, 28684.500, 170, P00, S04, 1
P00, Trade, 28689.423, 174, P00, B12, 1
P00, Trade, 28690.788, 168, P00, S12, 1
P00, Trade, 28695.942, 173, P00, B09, 1
P00, Trade, 28702.115, 173, P00, S15, 1
P00, Trade, 28705.788, 174, P00, B22, 1
P00, Trade, 28708.538, 169, P00, S13, 1
P00, Trade, 28713.462, 171, P00, B17, 1
P00, Trade, 28719.673, 169, P00, S08, 1
P00, Trade, 28720.058, 171, P00, B00, 1
P00, Trade, 28726.885, 174, P00, S00, 1
P00, Trade, 28734.442, 171, P00, B19, 1
P00, Trade, 28738.962, 167, P00, S16, 1
P00, Trade, 28740.769, 169, P00, B09, 1
P00, Trade, 28745.865, 165, P00, S20, 1
P00, Trade, 28748.115, 166, P00, B11, 1
P00, Trade, 28750.462, 163, P00, S01, 1
P00, Trade, 28757.885, 166, P00, B07, 1
P00, Trade, 28759.635, 164, P00, S13, 1
P00, Trade, 28761.635, 166, P00, B20, 1
P00, Trade, 28765.538, 167, P00, S17, 1
P00, Trade, 28768.288, 173, P00, B11, 1
P00, Trade, 28770.865, 168, P00, S11, 1
P00, Trade, 28775.154, 170, P00, B10, 1
P00, Trade, 28780.442, 168, P00, S04, 1
P00, Trade, 28782.558, 169, P00, B09, 1
P00, Trade, 28789.981, 169, P00, S01, 1
P00, Trade, 28796.519, 171, B05, P00, 1
P00, Trade, 28798.269, 164, P00, S22, 1
P00, Trade, 28799.115, 169, P00, B12, 1
P00, Trade, 28799.654, 166, P00, S00, 1
P00, Trade, 28806.750, 168, P00, B02, 1
P00, Trade, 28814.077, 165, S22, P00, 1
P00, Trade, 28822.827, 164, P00, B09, 1
P00, Trade, 28830.769, 162, P00, S03, 1
P00, Trade, 28833.365, 165, P00, B02, 1
P00, Trade, 28837.365, 172, P00, S04, 1
P00, Trade, 28843.250, 169, P00, B11, 1
P00, Trade, 28855.385, 168, P00, S04, 1
P00, Trade, 28858.846, 176, P00, B06, 1
P00, Trade, 28863.750, 176, P00, S10, 1
P00, Trade, 28874.750, 167, P00, B13, 1
P00, Trade, 28882.712, 168, P00, S02, 1
P00, Trade, 28893.846, 174, P00, B20, 1
P00, Trade, 28899.077, 169, P00, S12, 1
P00, Trade, 28902.192, 176, P00, B09, 1
P00, Trade, 28905.981, 175, P00, S00, 1
P00, Trade, 28921.462, 172, P00, B00, 1
P00, Trade, 28930.173, 169, P00, S13, 1
P00, Trade, 28934.500, 172, P00, B03, 1
P00, Trade, 28939.308, 172, P00, S24, 1
P00, Trade, 28940.058, 174, P00, B13, 1
P00, Trade, 28942.577, 172, P00, S10, 1
P00, Trade, 28951.942, 169, P00, B09, 1
P00, Trade, 28956.000, 164, P00, S07, 1
P00, Trade, 28963.692, 172, P00, B07, 1
P00, Trade, 28978.327, 168, P00, S05, 1
P00, Trade, 28981.577, 171, P00, B00, 1
P00, Trade, 28987.173, 168, P00, S10, 1
P00, Trade, 28988.904, 173, P00, B17, 1
P00, Trade, 28991.846, 167, P00, S07, 1
P00, Trade, 28993.192, 169, P00, B10, 1
P00, Trade, 28997.385, 170, P00, S04, 1
P00, Trade, 29008.135, 169, P00, B05, 1
P00, Trade, 29011.577, 168, P00, S22, 1
P00, Trade, 29023.923, 167, P00, B01, 1
P00, Trade, 29025.654, 162, P00, S10, 1
P00, Trade, 29028.365, 166, P00, B20, 1
P00, Trade, 29031.154, 167, P00, S04, 1
P00, Trade, 29045.442, 170, P00, B12, 1
P00, Trade, 29046.500, 167, P00, S04, 1
P00, Trade, 29051.058, 171, P00, B08, 1
P00, Trade, 29057.288, 169, P00, S15, 1
P00, Trade, 29063.231, 174, P00, B20, 1
P00, Trade, 29066.019, 166, P00, S18, 1
P00, Trade, 29069.192, 169, P00, B19, 1
P00, Trade, 29070.000, 163, S01, P00, 1
P00, Trade, 29072.481, 167, P00, B08, 1
P00, Trade, 29078.038, 173, P00, S21, 1
P00, Trade, 29090.808, 172, P00, B02, 1
P00, Trade, 29098.750, 164, P00, S22, 1
P00, Trade, 29106.462, 169, P00, B12, 1
P00, Trade, 29107.827, 164, P00, S17, 1
P00, Trade, 29113.673, 164, P00, B19, 1
P00, Trade, 29121.519, 166, P00, S16, 1
P00, Trade, 29126.077, 172, P00, B21, 1
P00, Trade, 29129.635, 168, P00, S06, 1
P00, Trade, 29144.423, 168, P00, B23, 1
P00, Trade, 29146.308, 164, P00, S18, 1
P00, Trade, 29154.000, 172, P00, B11, 1
P00, Trade, 29155.519, 166, P00, S01, 1
P00, Trade, 29160.673, 174, P00, B12, 1
P00, Trade, 29163.654, 169, P00, S22, 1
P00, Trade, 29164.673, 170, P00, B20, 1
P00, Trade, 29170.865, 169, P00, S17, 1
P00, Trade, 29175.596, 174, P00, B09, 1
P00, Trade, 29179.635, 169, P00, S05, 1
P00, Trade, 29191.923, 174, P00, B20, 1
P00, Trade, 29193.308, 163, P00, S07, 1
P00, Trade, 29196.000, 172, P00, B10, 1
P00, Trade, 29202.212, 169, P00, S05, 1
P00, Trade, 29204.135, 170, B11, P00, 1
P00, Trade, 29205.231, 169, P00, S18, 1
P00, Trade, 29206.558, 171, P00, B23, 1
P00, Trade, 29209.615, 169, P00, S00, 1
P00, Trade, 29212.327, 170, P00, B09, 1
P00, Trade, 29216.769, 166, P00, S06, 1
P00, Trade, 29217.308, 167, P00, B13, 1
P00, Trade, 29220.519, 166, P00, S02, 1
P00, Trade, 29224.404, 168, P00, B08, 1
P00, Trade, 29228.558, 166, P00, S02, 1
P00, Trade, 29236.885, 170, P00, B23, 1
P00, Trade, 29237.308, 169, P00, S12, 1
P00, Trade, 29244.615, 164, P00, B09, 1
P00, Trade, 29246.962, 162, P00, S13, 1
P00, Trade, 29248.885, 168, P00, B07, 1
P00, Trade, 29251.519, 165, P00, S14, 1
P00, Trade, 29255.404, 171, P00, B02, 1
P00, Trade, 29262.231, 166, P00, S20, 1
P00, Trade, 29271.308, 172, P00, B14, 1
P00, Trade, 29275.500, 169, P00, S22, 1
P00, Trade, 29278.865, 175, P00, B20, 1
P00, Trade, 29282.192, 169, P00, S04, 1
P00, Trade, 29292.038, 174, P00, B01, 1
P00, Trade, 29294.250, 166, P00, S17, 1
P00, Trade, 29296.846, 175, P00, B09, 1
P00, Trade, 29307.481, 164, P00, S04, 1
P00, Trade, 29317.096, 172, P00, B20, 1
P00, Trade, 29322.404, 171, P00, S24, 1
P00, Trade, 29326.712, 176, B08, P00, 1
P00, Trade, 29328.135, 167, P00, S17, 1
P00, Trade, 29331.462, 166, P00, B02, 1
P00, Trade, 29332.923, 164, P00, S15, 1
P00, Trade, 29337.962, 168, P00, B20, 1
P00, Trade, 29343.692, 169, P00, S01, 1
P00, Trade, 29347.135, 171, P00, B13, 1
P00, Trade, 29350.981, 170, P00, S02, 1
P00, Trade, 29356.827, 168, P00, B24, 1
P00, Trade, 29362.481, 165, P00, S00, 1
P00, Trade, 29363.519, 173, P00, B13, 1
P00, Trade, 29371.096, 173, P00, S07, 1
P00, Trade, 29383.327, 171, P00, B20, 1
P00, Trade, 29390.462, 166, P00, S15, 1
P00, Trade, 29391.288, 172, P00, B16, 1
P00, Trade, 29397.327, 162, P00, S14, 1
P00, Trade, 29401.442, 172, P00, B03, 1
P00, Trade, 29405.731, 174, P00, S14, 1
P00, Trade, 29414.769, 173, P00, B08, 1
P00, Trade, 29419.538, 174, P00, S16, 1
P00, Trade, 29427.096, 166, P00, B07, 1
P00, Trade, 29433.750, 173, P00, S18, 1
P00, Trade, 29440.788, 171, P00, B03, 1
P00, Trade, 29450.846, 169, P00, S17, 1
P00, Trade, 29453.038, 170, P00, B01, 1
P00, Trade, 29460.212, 171, P00, S15, 1
P00, Trade, 29464.673, 172, P00, B07, 1
P00, Trade, 29470.327, 166, P00, S00, 1
P00, Trade, 29473.558, 170, P00, B24, 1
P00, Trade, 29475.077, 166, P00, S18, 1
P00, Trade, 29480.750, 172, P00, B01, 1
P00, Trade, 29484.981, 166, P00, S20, 1
P00, Trade, 29490.731, 167, P00, B15, 1
P00, Trade, 29492.615, 166, P00, S02, 1
P00, Trade, 29497.865, 165, P00, B01, 1
P00, Trade, 29500.769, 164, P00, S13, 1
P00, Trade, 29505.154, 165, P00, B16, 1
P00, Trade, 29508.673, 163, P00, S16, 1
P00, Trade, 29514.462, 177, P00, B00, 1
P00, Trade, 29517.827, 174, P00, S17, 1
P00, Trade, 29521.135, 175, P00, B09, 1
P00, Trade, 29521.865, 170, P00, S06, 1
P00, Trade, 29524.692, 170, P00, B17, 1
P00, Trade, 29529.577, 167, P00, S13, 1
P00, Trade, 29538.250, 169, P00, B09, 1
P00, Trade, 29541.981, 167, P00, S03, 1
P00, Trade, 29542.769, 177, B19, P00, 1
P00, Trade, 29544.673, 184, P00, S10, 1
P00, Trade, 29560.288, 172, P00, B11, 1
P00, Trade, 29567.519, 170, P00, S15, 1
P00, Trade, 29568.615, 178, P00, B03, 1
P00, Trade, 29575.192, 168, S07, P00, 1
P00, Trade, 29579.135, 160, B15, P00, 1
P00, Trade, 29586.058, 174, P00, S19, 1
P00, Trade, 29594.038, 172, P00, B12, 1
P00, Trade, 29601.404, 163, P00, S19, 1
P00, Trade, 29603.846, 164, P00, B09, 1
P00, Trade, 29607.615, 168, P00, S14, 1
P00, Trade, 29609.385, 171, P00, B19, 1
P00, Trade, 29611.288, 167, P00, S17, 1
P00, Trade, 29614.404, 172, P00, B22, 1
P00, Trade, 29615.962, 164, P00, S03, 1
P00, Trade, 29617.846, 168, P00, B24, 1
P00, Trade, 29626.269, 172, P00, S10, 1
P00, Trade, 29633.731, 170, P00, B18, 1
P00, Trade, 29637.846, 168, S05, P00, 1
P00, Trade, 29656.519, 172, P00, B23, 1
P00, Trade, 29661.654, 172, S15, P00, 1
P00, Trade, 29665.154, 170, P00, B10, 1
P00, Trade, 29668.942, 168, P00, S13, 1
P00, Trade, 29676.192, 171, P00, B13, 1
P00, Trade, 29680.500, 171, P00, S15, 1
P00, Trade, 29700.731, 165, P00, B10, 1
P00, Trade, 29707.019, 163, P00, S03, 1
P00, Trade, 29709.673, 167, P00, B20, 1
P00, Trade, 29718.981, 167, P00, S02, 1
P00, Trade, 29722.558, 171, P00, B09, 1
P00, Trade, 29724.481, 168, P00, S10, 1
P00, Trade, 29726.288, 167, P00, B20, 1
P00, Trade, 29739.154, 168, P00, S05, 1
P00, Trade, 29751.635, 163, P00, B03, 1
P00, Trade, 29764.365, 164, P00, S19, 1
P00, Trade, 29767.115, 168, P00, B21, 1
P00, Trade, 29770.250, 167, P00, S16, 1
P00, Trade, 29774.038, 171, P00, B20, 1
P00, Trade, 29782.308, 168, P00, S20, 1
P00, Trade, 29787.865, 170, P00, B24, 1
P00, Trade, 29799.192, 165, P00, S15, 1
P00, Trade, 29803.481, 169, P00, B10, 1
P00, Trade, 29805.462, 165, P00, S14, 1
P00, Trade, 29808.212, 173, P00, B14, 1
P00, Trade, 29811.769, 173, P00, S03, 1
P00, Trade, 29813.731, 174, P00, B08, 1
P00, Trade, 29815.577, 172, P00, S23, 1
P00, Trade, 29818.038, 174, P00, B07, 1
P00, Trade, 29820.192, 168, P00, S09, 1
P00, Trade, 29824.788, 170, P00, B10, 1
P00, Trade, 29831.154, 168, P00, S19, 1
P00, Trade, 29843.173, 168, P00, B10, 1
P00, Trade, 29847.038, 167, P00, S13, 1
P00, Trade, 29853.365, 167, P00, B19, 1
P00, Trade, 29856.173, 168, P00, S10, 1
P00, Trade, 29861.500, 173, P00, B13, 1
P00, Trade, 29864.077, 172, P00, S16, 1
P00, Trade, 29864.308, 176, B01, P00, 1
P00, Trade, 29869.462, 169, P00, S01, 1
P00, Trade, 29872.173, 171, P00, B19, 1
P00, Trade, 29875.865, 172, P00, S13, 1
P00, Trade, 29878.558, 176, P00, B14, 1
P00, Trade, 29883.731, 170, P00, S17, 1
P00, Trade, 29893.615, 169, P00, B08, 1
P00, Trade, 29898.827, 172, P00, S01, 1
P00, Trade, 29900.442, 174, P00, B21, 1
P00, Trade, 29907.904, 171, P00, S17, 1
P00, Trade, 29913.865, 173, P00, B03, 1
P00, Trade, 29914.038, 172, P00, S03, 1
P00, Trade, 29928.423, 167, P00, B07, 1
P00, Trade, 29933.519, 169, P00, S20, 1
P00, Trade, 29938.577, 169, P00, B18, 1
P00, Trade, 29944.673, 173, P00, S17, 1
P00, Trade, 29959.212, 167, P00, B05, 1
P00, Trade, 29964.327, 167, P00, S15, 1
P00, Trade, 29967.308, 173, B20, P00, 1
P00, Trade, 29970.769, 166, P00, S00, 1
P00, Trade, 29973.769, 171, P00, B12, 1
P00, Trade, 29989.481, 171, P00, S16, 1
P00, Trade, 30002.327, 173, P00, B11, 1
P00, Trade, 30010.250, 171, P00, S00, 1
P00, Trade, 30013.038, 175, P00, B16, 1
P00, Trade, 30018.269, 178, P00, S22, 1
P00, Trade, 30030.481, 169, P00, B11, 1
P00, Trade, 30039.404, 170, P00, S17, 1
P00, Trade, 30045.981, 172, P00, B16, 1
P00, Trade, 30048.635, 167, P00, S06, 1
P00, Trade, 30050.558, 172, P00, B23, 1
P00, Trade, 30054.923, 170, P00, S15, 1
P00, Trade, 30059.058, 176, P00, B08, 1
P00, Trade, 30063.942, 172, P00, S10, 1
P00, Trade, 30071.519, 171, P00, B22, 1
P00, Trade, 30073.481, 170, P00, S09, 1
P00, Trade, 30079.000, 172, P00, B13, 1
P00, Trade, 30089.115, 164, P00, S03, 1
P00, Trade, 30094.077, 168, P00, B24, 1
P00, Trade, 30103.423, 168, P00, S06, 1
P00, Trade, 30105.769, 169, P00, B06, 1
P00, Trade, 30110.135, 170, P00, S15, 1
P00, Trade, 30113.654, 173, P00, B00, 1
P00, Trade, 30120.596, 166, P00, S10, 1
P00, Trade, 30123.481, 174, P00, B09, 1
P00, Trade, 30131.981, 171, P00, S19, 1
P00, Trade, 30133.788, 172, P00, B23, 1
P00, Trade, 30140.846, 173, P00, S03, 1
P00, Trade, 30153.962, 165, P00, B01, 1
P00, Trade, 30165.558, 167, P00, S14, 1
P00, Trade, 30172.115, 171, P00, B09, 1
P00, Trade, 30176.692, 172, P00, S12, 1
P00, Trade, 30179.904, 169, P00, B22, 1
P00, Trade, 30189.154, 174, P00, S15, 1
P00, Trade, 30199.673, 171, P00, B12, 1
P00, Trade, 30206.423, 165, P00, S01, 1
P00, Trade, 30211.904, 167, P00, B13, 1
P00, Trade, 30226.404, 175, P00, S03, 1
P00, Trade, 30233.000, 176, P00, B12, 1
P00, Trade, 30240.808, 172, P00, S02, 1
P00, Trade, 30245.192, 171, P00, B07, 1
P00, Trade, 30250.019, 170, P00, S02, 1
P00, Trade, 30255.115, 169, P00, B17, 1
P00, Trade, 30260.038, 163, P00, S20, 1
P00, Trade, 30267.231, 162, P00, B21, 1
P00, Trade, 30268.481, 161, P00, S04, 1
P00, Trade, 30274.904, 173, P00, B13, 1
P00, Trade, 30279.846, 170, P00, S15, 1
P00, Trade, 30283.327, 171, P00, B17, 1
P00, Trade, 30285.808, 170, P00, S01, 1
P00, Trade, 30290.269, 166, P00, B14, 1
P00, Trade, 30297.904, 168, P00, S20, 1
P00, Trade, 30303.885, 168, P00, B18, 1
P00, Trade, 30309.635, 169, P00, S12, 1
P00, Trade, 30313.058, 170, P00, B16, 1
P00, Trade, 30317.731, 166, P00, S22, 1
P00, Trade, 30323.192, 169, P00, B19, 1
P00, Trade, 30326.250, 165, P00, S00, 1
P00, Trade, 30335.596, 175, P00, B01, 1
P00, Trade, 30339.115, 170, P00, S15, 1
P00, Trade, 30351.000, 167, P00, B05, 1
P00, Trade, 30352.115, 164, P00, S03, 1
P00, Trade, 30359.712, 167, P00, B07, 1
P00, Trade, 30369.096, 172, P00, S04, 1
P00, Trade, 30374.346, 171, P00, B02, 1
P00, Trade, 30384.846, 172, P00, S14, 1
P00, Trade, 30392.308, 172, P00, B11, 1
P00, Trade, 30399.327, 166, P00, S00, 1
P00, Trade, 30403.346, 170, P00, B13, 1
P00, Trade, 30404.942, 164, P00, S18, 1
P00, Trade, 30414.942, 169, P00, B00, 1
P00, Trade, 30416.788, 167, P00, S10, 1
P00, Trade, 30418.712, 167, P00, B10, 1
P00, Trade, 30420.596, 168, P00, S04, 1
P00, Trade, 30429.308, 172, P00, B08, 1
P00, Trade, 30432.962, 170, P00, S03, 1
P00, Trade, 30439.404, 172, P00, B09, 1
P00, Trade, 30445.442, 172, P00, S07, 1
P00, Trade, 30450.346, 176, P00, B02, 1
P00, Trade, 30458.923, 173, P00, S10, 1
P00, Trade, 30461.788, 173, P00, B18, 1
P00, Trade, 30468.365, 164, P00, S17, 1
P00, Trade, 30473.981, 169, P00, B02, 1
P00, Trade, 30477.827, 166, P00, S07, 1
P00, Trade, 30478.808, 168, P00, B01, 1
P00, Trade, 30479.154, 168, P00, S23, 1
P00, Trade, 30481.673, 171, P00, B10, 1
P00, Trade, 30485.904, 167, P00, S19, 1
P00, Trade, 30490.788, 167, P00, B05, 1
P00, Trade, 30496.096, 169, P00, S16, 1
P00, Trade, 30506.981, 171, P00, B17, 1
P00, Trade, 30510.212, 173, P00, S10, 1
P00, Trade, 30512.865, 174, P00, B15, 1
P00, Trade, 30515.596, 172, P00, S13, 1
P00, Trade, 30522.500, 171, P00, B02, 1
P00, Trade, 30530.404, 170, P00, S20, 1
P00, Trade, 30541.365, 165, P00, B15, 1
P00, Trade, 30545.423, 164, P00, S19, 1
P00, Trade, 30550.269, 166, P00, B02, 1
P00, Trade, 30555.442, 165, P00, S02, 1
P00, Trade, 30557.808, 167, P00, B21, 1
P00, Trade, 30561.231, 173, P00, S12, 1
P00, Trade, 30563.096, 173, P00, B24, 1
P00, Trade, 30567.192, 167, P00, S10, 1
P00, Trade, 30578.019, 169, P00, B09, 1
P00, Trade, 30579.519, 168, P00, S08, 1
P00, Trade, 30582.115, 174, P00, B03, 1
P00, Trade, 30586.519, 174, P00, S10, 1
P00, Trade, 30592.615, 167, P00, B15, 1
P00, Trade, 30599.885, 174, P00, S05, 1
P00, Trade, 30603.231, 175, P00, B23, 1
P00, Trade, 30604.212, 170, P00, S00, 1
P00, Trade, 30608.154, 172, P00, B02, 1
P00, Trade, 30610.269, 169, P00, S09, 1
P00, Trade, 30613.808, 170, P00, B09, 1
P00, Trade, 30615.692, 162, P00, S17, 1
P00, Trade, 30618.173, 169, P00, B19, 1
P00, Trade, 30632.788, 167, P00, S12, 1
P00, Trade, 30634.231, 168, P00, B23, 1
P00, Trade, 30639.096, 170, P00, S21, 1
P00, Trade, 30647.115, 170, P00, B12, 1
P00, Trade, 30652.038, 163, P00, S11, 1
P00, Trade, 30659.019, 173, P00, B18, 1
P00, Trade, 30663.596, 166, P00, S19, 1
P00, Trade, 30666.500, 168, P00, B12, 1
P00, Trade, 30673.981, 172, P00, S18, 1
P00, Trade, 30686.769, 166, P00, B23, 1
P00, Trade, 30690.231, 167, P00, S06, 1
P00, Trade, 30694.962, 173, P00, B08, 1
P00, Trade, 30697.654, 168, P00, S05, 1
P00, Trade, 30702.615, 169, P00, B01, 1
P00, Trade, 30711.942, 167, P00, S14, 1
P00, Trade, 30719.712, 163, P00, B13, 1
P00, Trade, 30730.538, 169, P00, S02, 1
P00, Trade, 30739.212, 171, P00, B22, 1
P00, Trade, 30740.981, 168, P00, S16, 1
P00, Trade, 30747.115, 172, P00, B12, 1
P00, Trade, 30759.769, 172, P00, S10, 1
P00, Trade, 30768.962, 167, P00, B23, 1
P00, Trade, 30775.654, 164, P00, S10, 1
P00, Trade, 30780.096, 170, P00, B20, 1
P00, Trade, 30786.635, 169, P00, S08, 1
P00, Trade, 30791.462, 169, P00, B13, 1
P00, Trade, 30793.250, 166, P00, S16, 1
P00, Trade, 30796.942, 173, P00, B22, 1
P00, Trade, 30801.154, 169, P00, S03, 1
P00, Trade, 30812.923, 169, P00, B15, 1
P00, Trade, 30815.481, 168, P00, S01, 1
P00, Trade, 30818.769, 172, P00, B01, 1
P00, Trade, 30823.596, 174, P00, S07, 1
P00, Trade, 30828.596, 173, P00, B01, 1
P00, Trade, 30834.385, 170, P00, S13, 1
P00, Trade, 30838.962, 172, P00, B04, 1
P00, Trade, 30845.000, 165, P00, S15, 1
P00, Trade, 30848.712, 173, P00, B12, 1
P00, Trade, 30851.654, 170, P00, S06, 1
P00, Trade, 30862.519, 174, P00, B07, 1
P00, Trade, 30864.673, 167, P00, S14, 1
P00, Trade, 30866.365, 173, P00, B11, 1
P00, Trade, 30869.788, 174, P00, S11, 1
P00, Trade, 30877.962, 165, P00, B05, 1
P00, Trade, 30882.288, 169, P00, S17, 1
P00, Trade, 30889.519, 168, P00, B03, 1
P00, Trade, 30894.558, 166, P00, S23, 1
P00, Trade, 30899.077, 166, P00, B07, 1
P00, Trade, 30902.904, 169, S13, P00, 1
P00, Trade, 30904.827, 171, P00, B09, 1
P00, Trade, 30908.481, 169, P00, S01, 1
P00, Trade, 30911.731, 173, P00, B20, 1
P00, Trade, 30915.000, 174, P00, S24, 1
P00, Trade, 30918.481, 173, P00, B22, 1
P00, Trade, 30928.846, 179, P00, S17, 1
P00, Trade, 30937.500, 167, B21, P00, 1
P00, Trade, 30940.865, 173, P00, S10, 1
P00, Trade, 30944.058, 173, P00, B02, 1
P00, Trade, 30948.942, 171, P00, S12, 1
P00, Trade, 30955.827, 167, P00, B03, 1
P00, Trade, 30959.712, 168, P00, S04, 1
P00, Trade, 30975.346, 169, P00, B19, 1
P00, Trade, 30979.712, 166, P00, S17, 1
P00, Trade, 30983.731, 170, P00, B18, 1
P00, Trade, 30988.962, 167, P00, S22, 1
P00, Trade, 30994.058, 171, P00, B22, 1
P00, Trade, 31000.404, 168, P00, S12, 1
P00, Trade, 31003.250, 168, B12, P00, 1
P00, Trade, 31009.231, 164, P00, S24, 1
P00, Trade, 31012.885, 168, P00, B12, 1
P00, Trade, 31014.750, 166, P00, S17, 1
P00, Trade, 31018.442, 169, P00, B16, 1
P00, Trade, 31024.308, 165, P00, S20, 1
P00, Trade, 31026.750, 165, P00, B08, 1
P00, Trade, 31030.365, 166, P00, S05, 1
P00, Trade, 31032.923, 167, P00, B14, 1
P00, Trade, 31038.173, 165, P00, S13, 1
P00, Trade, 31039.577, 167, P00, B09, 1
P00, Trade, 31040.712, 163, P00, S17, 1
P00, Trade, 31044.692, 164, P00, B01, 1
P00, Trade, 31048.673, 159, P00, S03, 1
P00, Trade, 31054.731, 165, P00, B16, 1
P00, Trade, 31062.423, 170, P00, S05, 1
P00, Trade, 31067.788, 168, P00, B08, 1
P00, Trade, 31069.635, 164, P00, S10, 1
P00, Trade, 31071.769, 165, P00, B17, 1
P00, Trade, 31076.635, 163, P00, S10, 1
P00, Trade, 31077.846, 164, P00, B13, 1
P00, Trade, 31089.212, 171, P00, S20, 1
P00, Trade, 31090.288, 174, P00, B22, 1
P00, Trade, 31092.346, 168, P00, S15, 1
P00, Trade, 31097.788, 160, P00, B04, 1
P00, Trade, 31104.635, 169, P00, S22, 1
P00, Trade, 31114.423, 164, P00, B08, 1
P00, Trade, 31121.769, 168, P00, S04, 1
P00, Trade, 31124.846, 173, P00, B24, 1
P00, Trade, 31129.115, 171, P00, S10, 1
P00, Trade, 31139.365, 161, P00, B00, 1
P00, Trade, 31146.500, 163, P00, S11, 1
P00, Trade, 31154.962, 167, P00, B08, 1
P00, Trade, 31157.865, 166, P00, S17, 1
P00, Trade, 31159.808, 170, P00, B20, 1
P00, Trade, 31164.500, 169, P00, S15, 1
P00, Trade, 31169.692, 172, P00, B20, 1
P00, Trade, 31173.904, 168, P00, S04, 1
P00, Trade, 31185.096, 170, P00, B17, 1
P00, Trade, 31186.615, 169, P00, S04, 1
P00, Trade, 31193.442, 165, B20, P00, 1
P00, Trade, 31198.423, 183, P00, S02, 1
P00, Trade, 31210.596, 175, P00, B18, 1
P00, Trade, 31214.712, 170, P00, S05, 1
P00, Trade, 31221.154, 167, P00, B15, 1
P00, Trade, 31227.827, 164, P00, S15, 1
P00, Trade, 31231.442, 169, P00, B07, 1
P00, Trade, 31236.615, 169, P00, S13, 1
P00, Trade, 31242.135, 165, P00, B14, 1
P00, Trade, 31248.346, 170, P00, S24, 1
P00, Trade, 31250.038, 170, P00, B22, 1
P00, Trade, 31261.250, 169, P00, S17, 1
P00, Trade, 31264.000, 172, P00, B08, 1
P00, Trade, 31270.346, 164, P00, S11, 1
P00, Trade, 31274.212, 164, P00, B04, 1
P00, Trade, 31282.731, 165, P00, S04, 1
P00, Trade, 31294.288, 170, P00, B17, 1
P00, Trade, 31296.538, 167, S08, P00, 1
P00, Trade, 31303.500, 170, P00, B16, 1
P00, Trade, 31308.846, 165, P00, S14, 1
P00, Trade, 31316.942, 171, P00, B08, 1
P00, Trade, 31320.404, 169, P00, S00, 1
P00, Trade, 31328.327, 164, P00, B03, 1
P00, Trade, 31333.038, 160, P00, S18, 1
P00, Trade, 31339.923, 170, P00, B09, 1
P00, Trade, 31346.635, 164, P00, S00, 1
P00, Trade, 31354.769, 166, P00, B02, 1
P00, Trade, 31359.904, 164, P00, S18, 1
P00, Trade, 31361.519, 167, P00, B04, 1
P00, Trade, 31364.192, 166, P00, S22, 1
P00, Trade, 31365.635, 176, P00, B23, 1
P00, Trade, 31368.769, 174, P00, S14, 1
P00, Trade, 31375.173, 164, P00, B09, 1
P00, Trade, 31386.058, 167, P00, S00, 1
P00, Trade, 31390.308, 168, P00, B03, 1
P00, Trade, 31398.769, 174, P00, S06, 1
P00, Trade, 31400.442, 176, P00, B01, 1
P00, Trade, 31408.077, 164, P00, S02, 1
P00, Trade, 31417.712, 173, P00, B16, 1
P00, Trade, 31425.865, 171, P00, S08, 1
P00, Trade, 31427.250, 172, P00, B03, 1
P00, Trade, 31428.904, 173, P00, S11, 1
P00, Trade, 31440.731, 163, P00, B20, 1
P00, Trade, 31444.962, 167, P00, S09, 1
P00, Trade, 31454.231, 173, P00, B20, 1
P00, Trade, 31459.327, 167, P00, S15, 1
P00, Trade, 31473.000, 167, P00, B00, 1
P00, Trade, 31477.327, 166, P00, S07, 1
P00, Trade, 31488.096, 168, P00, B20, 1
P00, Trade, 31492.827, 164, P00, S04, 1
P00, Trade, 31493.808, 165, P00, B11, 1
P00, Trade, 31504.635, 168, P00, S17, 1
P00, Trade, 31508.635, 176, P00, B01, 1
P00, Trade, 31510.731, 173, S00, P00, 1
P00, Trade, 31511.442, 177, P00, B23, 1
P00, Trade, 31520.615, 167, P00, S04, 1
P00, Trade, 31522.327, 167, P00, B14, 1
P00, Trade, 31523.885, 165, P00, S09, 1
P00, Trade, 31528.173, 168, P00, B08, 1
P00, Trade, 31532.462, 166, P00, S17, 1
P00, Trade, 31539.404, 171, P00, B08, 1
P00, Trade, 31541.000, 166, P00, S02, 1
P00, Trade, 31544.923, 168, P00, B19, 1
P00, Trade, 31546.942, 165, P00, S15, 1
P00, Trade, 31550.058, 172, P00, B03, 1
P00, Trade, 31555.635, 167, P00, S14, 1
P00, Trade, 31564.865, 172, P00, B01, 1
P00, Trade, 31573.692, 165, P00, S04, 1
P00, Trade, 31576.865, 165, P00, B15, 1
P00, Trade, 31580.000, 164, P00, S17, 1
P00, Trade, 31590.981, 167, P00, B08, 1
P00, Trade, 31595.192, 168, P00, S14, 1
P00, Trade, 31600.981, 173, P00, B19, 1
P00, Trade, 31606.423, 163, P00, S17, 1
P00, Trade, 31613.096, 170, P00, B10, 1
P00, Trade, 31616.808, 164, P00, S24, 1
P00, Trade, 31619.423, 167, P00, B14, 1
P00, Trade, 31628.692, 167, P00, S12, 1
P00, Trade, 31630.596, 168, P00, B24, 1
P00, Trade, 31636.500, 164, P00, S10, 1
P00, Trade, 31640.212, 169, P00, B01, 1
P00, Trade, 31649.788, 166, P00, S18, 1
P00, Trade, 31655.250, 170, P00, B19, 1
P00, Trade, 31657.269, 169, P00, S02, 1
P00, Trade, 31661.481, 171, P00, B21, 1
P00, Trade, 31662.288, 168, P00, S17, 1
P00, Trade, 31664.615, 170, P00, B20, 1
P00, Trade, 31667.538, 162, P00, S04, 1
P00, Trade, 31674.596, 165, P00, B01, 1
P00, Trade, 31687.788, 176, P00, S04, 1
P00, Trade, 31695.385, 165, P00, B19, 1
P00, Trade, 31697.808, 164, P00, S02, 1
P00, Trade, 31705.827, 168, P00, B19, 1
P00, Trade, 31709.308, 166, P00, S00, 1
P00, Trade, 31715.904, 174, P00, B01, 1
P00, Trade, 31719.962, 171, P00, S01, 1
P00, Trade, 31733.500, 166, P00, B10, 1
P00, Trade, 31738.577, 164, P00, S13, 1
P00, Trade, 31739.846, 167, P00, B01, 1
P00, Trade, 31743.154, 166, P00, S06, 1
P00, Trade, 31751.154, 171, P00, B20, 1
P00, Trade, 31755.904, 166, P00, S10, 1
P00, Trade, 31758.673, 168, P00, B17, 1
P00, Trade, 31759.750, 164, P00, S18, 1
P00, Trade, 31762.500, 167, P00, B04, 1
P00, Trade, 31763.462, 166, P00, S13, 1
P00, Trade, 31765.481, 170, P00, B03, 1
P00, Trade, 31773.923, 171, P00, S02, 1
P00, Trade, 31781.538, 166, P00, B17, 1
P00, Trade, 31786.769, 173, P00, S15, 1
P00, Trade, 31793.865, 163, P00, B22, 1
P00, Trade, 31799.096, 165, P00, S17, 1
P00, Trade, 31802.731, 166, P00, B17, 1
P00, Trade, 31812.019, 169, P00, S17, 1
P00, Trade, 31822.423, 155, P00, B08, 1
P00, Trade, 31832.519, 176, P00, S20, 1
P00, Trade, 31833.558, 178, P00, B10, 1
P00, Trade, 31837.019, 172, S05, P00, 1
P00, Trade, 31847.596, 165, P00, B09, 1
P00, Trade, 31849.904, 163, P00, S10, 1
P00, Trade, 31853.731, 163, P00, B09, 1
P00, Trade, 31858.615, 165, P00, S01, 1
P00, Trade, 31864.154, 165, P00, B19, 1
P00, Trade, 31869.654, 162, P00, S06, 1
P00, Trade, 31873.115, 174, P00, B07, 1
P00, Trade, 31881.192, 163, P00, S18, 1
P00, Trade, 31883.788, 167, P00, B05, 1
P00, Trade, 31888.692, 167, P00, S00, 1
P00, Trade, 31891.058, 171, P00, B20, 1
P00, Trade, 31895.923, 168, P00, S15, 1
P00, Trade, 31897.019, 170, P00, B12, 1
P00, Trade, 31899.327, 168, P00, S23, 1
P00, Trade, 31905.846, 169, P00, B00, 1
P00, Trade, 31906.904, 168, P00, S22, 1
P00, Trade, 31915.635, 166, P00, B12, 1
P00, Trade, 31923.423, 164, P00, S02, 1
P00, Trade, 31928.038, 168, P00, B19, 1
P00, Trade, 31933.115, 164, P00, S07, 1
P00, Trade, 31935.827, 170, B02, P00, 1
P00, Trade, 31940.212, 171, P00, S10, 1
P00, Trade, 31942.500, 174, P00, B09, 1
P00, Trade, 31944.808, 170, P00, S00, 1
P00, Trade, 31950.192, 169, P00, B17, 1
P00, Trade, 31953.635, 166, S13, P00, 1
P00, Trade, 31957.846, 166, P00, B24, 1
P00, Trade, 31969.423, 168, P00, S08, 1
P00, Trade, 31973.481, 167, P00, B07, 1
P00, Trade, 31981.577, 166, P00, S04, 1
P00, Trade, 31988.192, 170, P00, B11, 1
P00, Trade, 31990.692, 166, P00, S17, 1
P00, Trade, 31993.038, 163, P00, B08, 1
P00, Trade, 32000.000, 165, P00, S19, 1
P00, Trade, 32002.096, 173, P00, B06, 1
P00, Trade, 32002.981, 172, P00, S15, 1
P00, Trade, 32006.865, 173, P00, B18, 1
P00, Trade, 32013.269, 169, P00, S17, 1
P00, Trade, 32020.096, 164, P00, B23, 1
P00, Trade, 32028.962, 168, P00, S04, 1
P00, Trade, 32033.692, 171, P00, B09, 1
P00, Trade, 32039.865, 167, P00, S06, 1
P00, Trade, 32043.077, 176, P00, B09, 1
P00, Trade, 32044.596, 169, P00, S14, 1
P00, Trade, 32047.788, 167, P00, B15, 1
P00, Trade, 32049.923, 168, P00, S24, 1
P00, Trade, 32052.058, 169, P00, B12, 1
P00, Trade, 32059.962, 167, P00, S06, 1
P00, Trade, 32066.173, 169, P00, B00, 1
P00, Trade, 32069.385, 168, P00, S18, 1
P00, Trade, 32076.654, 171, P00, B18, 1
P00, Trade, 32080.865, 166, P00, S09, 1
P00, Trade, 32086.654, 164, P00, B14, 1
P00, Trade, 32088.731, 165, P00, S06, 1
P00, Trade, 32091.231, 173, P00, B07, 1
P00, Trade, 32095.654, 168, P00, S23, 1
P00, Trade, 32098.212, 169, P00, B22, 1
P00, Trade, 32100.192, 165, P00, S04, 1
P00, Trade, 32103.942, 166, P00, B01, 1
P00, Trade, 32106.250, 158, P00, S16, 1
P00, Trade, 32108.981, 163, P00, B23, 1
P00, Trade, 32118.423, 166, P00, S12, 1
P00, Trade, 32119.827, 165, P00, B09, 1
P00, Trade, 32122.462, 165, P00, S18, 1
P00, Trade, 32128.115, 162, P00, B18, 1
P00, Trade, 32130.096, 161, P00, S19, 1
P00, Trade, 32133.135, 169, P00, B07, 1
P00, Trade, 32140.808, 163, P00, S17, 1
P00, Trade, 32144.981, 166, P00, B01, 1
P00, Trade, 32157.865, 174, P00, S08, 1
P00, Trade, 32170.192, 172, P00, B03, 1
P00, Trade, 32172.423, 170, P00, S12, 1
P00, Trade, 32173.308, 173, P00, B11, 1
P00, Trade, 32177.981, 165, P00, S13, 1
P00, Trade, 32181.962, 165, P00, B07, 1
P00, Trade, 32183.788, 163, P00, S00, 1
P00, Trade, 32190.808, 164, P00, B20, 1
P00, Trade, 32196.442, 163, P00, S09, 1
P00, Trade, 32198.154, 167, P00, B16, 1
P00, Trade, 32204.827, 172, P00, S15, 1
P00, Trade, 32216.808, 165, P00, B02, 1
P00, Trade, 32223.077, 166, P00, S17, 1
P00, Trade, 32232.673, 172, P00, B17, 1
P00, Trade, 32241.115, 164, P00, S06, 1
P00, Trade, 32248.481, 163, P00, B06, 1
P00, Trade, 32253.788, 162, P00, S14, 1
P00, Trade, 32257.712, 165, P00, B20, 1
P00, Trade, 32259.942, 172, P00, S12, 1
P00, Trade, 32266.308, 171, P00, B16, 1
P00, Trade, 32268.846, 168, P00, S14, 1
P00, Trade, 32272.846, 170, P00, B01, 1
P00, Trade, 32274.115, 166, P00, S00, 1
P00, Trade, 32280.596, 170, P00, B20, 1
P00, Trade, 32284.096, 162, P00, S15, 1
P00, Trade, 32286.558, 163, P00, B09, 1
P00, Trade, 32288.654, 162, P00, S07, 1
P00, Trade, 32290.885, 165, P00, B12, 1
P00, Trade, 32294.615, 170, P00, S10, 1
P00, Trade, 32296.885, 171, P00, B16, 1
P00, Trade, 32297.615, 171, P00, S20, 1
P00, Trade, 32304.058, 171, P00, B02, 1
P00, Trade, 32317.038, 165, P00, S03, 1
P00, Trade, 32319.192, 167, B15, P00, 1
P00, Trade, 32321.038, 170, P00, S00, 1
P00, Trade, 32324.288, 172, P00, B00, 1
P00, Trade, 32327.173, 172, P00, S16, 1
P00, Trade, 32329.077, 173, P00, B16, 1
P00, Trade, 32331.673, 171, P00, S19, 1
P00, Trade, 32335.077, 173, P00, B22, 1
P00, Trade, 32337.558, 169, P00, S12, 1
P00, Trade, 32341.519, 168, P00, B20, 1
P00, Trade, 32344.788, 161, P00, S02, 1
P00, Trade, 32350.250, 169, P00, B07, 1
P00, Trade, 32358.538, 163, P00, S24, 1
P00, Trade, 32360.019, 167, P00, B13, 1
P00, Trade, 32360.827, 167, P00, S16, 1
P00, Trade, 32364.673, 164, P00, B15, 1
P00, Trade, 32370.538, 166, P00, S18, 1
P00, Trade, 32375.423, 168, P00, B01, 1
P00, Trade, 32380.808, 169, P00, S17, 1
P00, Trade, 32386.173, 170, P00, B00, 1
P00, Trade, 32388.962, 169, P00, S15, 1
P00, Trade, 32393.385, 171, P00, B03, 1
P00, Trade, 32396.154, 175, P00, S07, 1
P00, Trade, 32407.692, 171, P00, B17, 1
P00, Trade, 32412.846, 165, P00, S20, 1
P00, Trade, 32419.423, 168, P00, B09, 1
P00, Trade, 32421.962, 163, P00, S19, 1
P00, Trade, 32424.346, 168, P00, B12, 1
P00, Trade, 32426.750, 166, P00, S14, 1
P00, Trade, 32429.846, 167, P00, B17, 1
P00, Trade, 32437.500, 163, P00, S00, 1
P00, Trade, 32443.038, 167, P00, B20, 1
P00, Trade, 32447.154, 166, P00, S22, 1
P00, Trade, 32449.846, 167, P00, B11, 1
P00, Trade, 32454.385, 166, P00, S22, 1
P00, Trade, 32461.904, 170, P00, B11, 1
P00, Trade, 32467.462, 166, P00, S24, 1
P00, Trade, 32474.615, 170, P00, B09, 1
P00, Trade, 32475.865, 166, P00, S01, 1
P00, Trade, 32482.923, 173, P00, B12, 1
P00, Trade, 32487.596, 170, P00, S00, 1
P00, Trade, 32499.596, 164, P00, B08, 1
P00, Trade, 32506.135, 180, P00, S04, 1
P00, Trade, 32516.942, 169, P00, B17, 1
P00, Trade, 32527.750, 165, P00, S14, 1
P00, Trade, 32530.923, 166, P00, B03, 1
P00, Trade, 32532.481, 163, P00, S12, 1
P00, Trade, 32539.519, 166, P00, B16, 1
P00, Trade, 32543.192, 164, P00, S01, 1
P00, Trade, 32548.019, 168, P00, B20, 1
P00, Trade, 32556.308, 173, P00, S18, 1
P00, Trade, 32566.077, 170, P00, B20, 1
P00, Trade, 32569.231, 164, P00, S00, 1
P00, Trade, 32572.000, 172, P00, B20, 1
P00, Trade, 32574.481, 167, P00, S20, 1
P00, Trade, 32576.846, 174, P00, B09, 1
P00, Trade, 32579.135, 167, P00, S02, 1
P00, Trade, 32584.115, 169, P00, B09, 1
P00, Trade, 32589.346, 168, P00, S01, 1
P00, Trade, 32594.654, 169, P00, B09, 1
P00, Trade, 32599.404, 169, P00, S07, 1
P00, Trade, 32601.327, 174, P00, B02, 1
P00, Trade, 32603.731, 168, P00, S11, 1
P00, Trade, 32611.000, 169, P00, B20, 1
P00, Trade, 32615.481, 166, P00, S00, 1
P00, Trade, 32618.923, 172, P00, B20, 1
P00, Trade, 32625.808, 169, P00, S05, 1
P00, Trade, 32628.750, 169, P00, B01, 1
P00, Trade, 32633.692, 158, P00, S10, 1
P00, Trade, 32638.635, 171, P00, B08, 1
P00, Trade, 32643.019, 166, P00, S20, 1
P00, Trade, 32651.731, 168, P00, B02, 1
P00, Trade, 32660.308, 164, P00, S01, 1
P00, Trade, 32664.519, 165, P00, B03, 1
P00, Trade, 32667.058, 162, P00, S13, 1
P00, Trade, 32669.731, 169, P00, B14, 1
P00, Trade, 32672.962, 168, P00, S09, 1
P00, Trade, 32679.462, 167, P00, B15, 1
P00, Trade, 32684.365, 161, P00, S13, 1
P00, Trade, 32689.269, 162, P00, B21, 1
P00, Trade, 32696.635, 167, P00, S00, 1
P00, Trade, 32701.500, 165, B21, P00, 1
P00, Trade, 32704.288, 163, P00, S06, 1
P00, Trade, 32706.346, 165, P00, B03, 1
P00, Trade, 32712.212, 162, P00, S16, 1
P00, Trade, 32719.923, 166, P00, B20, 1
P00, Trade, 32729.135, 159, P00, S11, 1
P00, Trade, 32735.327, 167, P00, B05, 1
P00, Trade, 32738.058, 168, P00, S18, 1
P00, Trade, 32740.558, 171, P00, B13, 1
P00, Trade, 32746.712, 167, P00, S14, 1
P00, Trade, 32750.519, 168, P00, B22, 1
P00, Trade, 32753.865, 165, P00, S16, 1
P00, Trade, 32756.750, 168, P00, B01, 1
P00, Trade, 32760.865, 164, P00, S22, 1
P00, Trade, 32763.865, 166, P00, B00, 1
P00, Trade, 32773.404, 164, P00, S00, 1
P00, Trade, 32774.788, 166, P00, B10, 1
P00, Trade, 32776.423, 162, P00, S17, 1
P00, Trade, 32779.673, 168, P00, B20, 1
P00, Trade, 32789.019, 164, P00, S01, 1
P00, Trade, 32792.846, 166, P00, B17, 1
P00, Trade, 32794.481, 163, P00, S15, 1
P00, Trade, 32796.846, 163, P00, B03, 1
P00, Trade, 32806.885, 167, P00, S20, 1
P00, Trade, 32809.077, 167, P00, B09, 1
P00, Trade, 32811.769, 165, P00, S17, 1
P00, Trade, 32817.269, 172, B21, P00, 1
P00, Trade, 32819.673, 172, P00, S05, 1
P00, Trade, 32826.731, 169, P00, B19, 1
P00, Trade, 32829.019, 170, P00, S16, 1
P00, Trade, 32835.846, 160, P00, B01, 1
P00, Trade, 32846.712, 173, P00, S08, 1
P00, Trade, 32851.692, 175, P00, B19, 1
P00, Trade, 32864.346, 173, P00, S13, 1
P00, Trade, 32876.423, 162, P00, B01, 1
P00, Trade, 32879.365, 162, P00, S14, 1
P00, Trade, 32884.019, 170, P00, B12, 1
P00, Trade, 32890.712, 171, P00, S06, 1
P00, Trade, 32892.731, 172, P00, B10, 1
P00, Trade, 32898.404, 171, P00, S10, 1
P00, Trade, 32902.942, 170, P00, B01, 1
P00, Trade, 32906.635, 167, P00, S15, 1
P00, Trade, 32909.038, 172, P00, B08, 1
P00, Trade, 32911.058, 169, P00, S22, 1
P00, Trade, 32915.231, 169, P00, B22, 1
P00, Trade, 32918.692, 168, P00, S17, 1
P00, Trade, 32929.827, 164, P00, B13, 1
P00, Trade, 32936.000, 161, P00, S15, 1
P00, Trade, 32938.269, 169, P00, B19, 1
P00, Trade, 32943.788, 169, P00, S00, 1
P00, Trade, 32947.442, 173, P00, B11, 1
P00, Trade, 32953.058, 167, P00, S03, 1
P00, Trade, 32959.096, 169, P00, B01, 1
P00, Trade, 32964.808, 167, P00, S16, 1
P00, Trade, 32965.846, 166, P00, B04, 1
P00, Trade, 32967.115, 164, P00, S06, 1
P00, Trade, 32974.615, 170, P00, B03, 1
P00, Trade, 32975.038, 167, P00, S14, 1
P00, Trade, 32979.615, 169, P00, B16, 1
P00, Trade, 32981.692, 167, P00, S00, 1
P00, Trade, 32982.385, 168, P00, B09, 1
P00, Trade, 32986.192, 167, P00, S01, 1
P00, Trade, 32991.231, 166, P00, B24, 1
P00, Trade, 33003.154, 163, P00, S04, 1
P00, Trade, 33011.058, 169, P00, B10, 1
P00, Trade, 33024.404, 164, P00, S07, 1
P00, Trade, 33026.346, 166, P00, B09, 1
P00, Trade, 33028.038, 163, P00, S20, 1
P00, Trade, 33033.615, 168, P00, B12, 1
P00, Trade, 33037.923, 165, P00, S15, 1
P00, Trade, 33051.538, 164, P00, B17, 1
P00, Trade, 33052.481, 165, P00, S08, 1
P00, Trade, 33055.635, 169, P00, B13, 1
P00, Trade, 33056.404, 165, P00, S19, 1
P00, Trade, 33061.327, 165, P00, B09, 1
P00, Trade, 33062.558, 164, P00, S22, 1
P00, Trade, 33064.404, 169, P00, B09, 1
P00, Trade, 33070.327, 160, P00, S13, 1
P00, Trade, 33072.346, 164, P00, B08, 1
P00, Trade, 33076.019, 163, P00, S04, 1
P00, Trade, 33082.442, 166, P00, B20, 1
P00, Trade, 33085.096, 166, P00, S17, 1
P00, Trade, 33093.327, 167, P00, B19, 1
P00, Trade, 33095.635, 167, P00, S20, 1
P00, Trade, 33099.538, 174, P00, B09, 1
P00, Trade, 33113.058, 162, P00, S04, 1
P00, Trade, 33116.346, 161, P00, B09, 1
P00, Trade, 33117.365, 169, P00, S17, 1
P00, Trade, 33123.481, 167, P00, B08, 1
P00, Trade, 33125.154, 165, P00, S15, 1
P00, Trade, 33127.231, 170, P00, B23, 1
P00, Trade, 33133.692, 167, P00, S10, 1
P00, Trade, 33137.038, 169, P00, B20, 1
P00, Trade, 33139.231, 166, P00, S17, 1
P00, Trade, 33143.981, 171, P00, B02, 1
P00, Trade, 33145.154, 172, P00, S18, 1
P00, Trade, 33152.673, 170, P00, B13, 1
P00, Trade, 33158.442, 164, P00, S23, 1
P00, Trade, 33166.442, 167, P00, B02, 1
P00, Trade, 33172.904, 170, P00, S14, 1
P00, Trade, 33181.308, 167, P00, B08, 1
P00, Trade, 33186.962, 165, P00, S02, 1
P00, Trade, 33197.192, 171, P00, B13, 1
P00, Trade, 33202.865, 167, P00, S15, 1
P00, Trade, 33206.731, 169, P00, B22, 1
P00, Trade, 33210.712, 170, P00, S06, 1
P00, Trade, 33217.654, 167, P00, B20, 1
P00, Trade, 33222.173, 168, P00, S09, 1
P00, Trade, 33229.058, 169, P00, B23, 1
P00, Trade, 33234.308, 171, P00, S18, 1
P00, Trade, 33240.269, 172, P00, B16, 1
P00, Trade, 33245.096, 169, P00, S08, 1
P00, Trade, 33248.865, 170, P00, B14, 1
P00, Trade, 33251.154, 167, P00, S07, 1
P00, Trade, 33259.481, 167, P00, B01, 1
P00, Trade, 33263.673, 167, P00, S07, 1
P00, Trade, 33270.308, 168, P00, B08, 1
P00, Trade, 33275.308, 164, P00, S16, 1
P00, Trade, 33279.288, 164, P00, B01, 1
P00, Trade, 33279.885, 163, P00, S02, 1
P00, Trade, 33288.365, 165, P00, B17, 1
P00, Trade, 33295.615, 167, P00, S15, 1
P00, Trade, 33299.115, 168, P00, B22, 1
P00, Trade, 33305.423, 163, P00, S04, 1
P00, Trade, 33308.923, 163, P00, B00, 1
P00, Trade, 33311.846, 161, P00, S03, 1
P00, Trade, 33315.327, 161, P00, B18, 1
P00, Trade, 33325.288, 166, P00, S12, 1
P00, Trade, 33328.404, 173, P00, B09, 1
P00, Trade, 33329.462, 163, P00, S17, 1
P00, Trade, 33332.288, 173, P00, B13, 1
P00, Trade, 33340.788, 171, P00, S13, 1
P00, Trade, 33348.654, 170, P00, B16, 1
P00, Trade, 33350.385, 168, P00, S15, 1
P00, Trade, 33356.404, 171, P00, B20, 1
P00, Trade, 33365.269, 167, P00, S02, 1
P00, Trade, 33367.077, 168, P00, B01, 1
P00, Trade, 33370.942, 165, P00, S08, 1
P00, Trade, 33373.462, 170, P00, B12, 1
P00, Trade, 33374.404, 169, P00, S07, 1
P00, Trade, 33379.269, 173, P00, B02, 1
P00, Trade, 33383.596, 172, P00, S00, 1
P00, Trade, 33389.519, 169, P00, B03, 1
P00, Trade, 33392.538, 166, P00, S02, 1
P00, Trade, 33398.423, 166, P00, B01, 1
P00, Trade, 33400.827, 162, P00, S02, 1
P00, Trade, 33406.000, 169, P00, B06, 1
P00, Trade, 33407.250, 166, P00, S09, 1
P00, Trade, 33415.731, 170, P00, B08, 1
P00, Trade, 33419.827, 172, P00, S17, 1
P00, Trade, 33422.519, 173, P00, B22, 1
P00, Trade, 33427.231, 174, P00, S01, 1
P00, Trade, 33431.500, 169, P00, B11, 1
P00, Trade, 33432.827, 167, P00, S03, 1
P00, Trade, 33438.942, 170, P00, B08, 1
P00, Trade, 33440.923, 168, P00, S14, 1
P00, Trade, 33443.808, 174, P00, B02, 1
P00, Trade, 33445.135, 166, P00, S04, 1
P00, Trade, 33453.173, 169, P00, B24, 1
P00, Trade, 33458.000, 165, P00, S04, 1
P00, Trade, 33461.115, 167, P00, B07, 1
P00, Trade, 33465.231, 164, P00, S00, 1
P00, Trade, 33466.462, 165, P00, B16, 1
P00, Trade, 33469.788, 165, P00, S04, 1
P00, Trade, 33481.712, 165, P00, B13, 1
P00, Trade, 33485.942, 165, P00, S14, 1
P00, Trade, 33487.846, 170, P00, B01, 1
P00, Trade, 33492.308, 162, P00, S15, 1
P00, Trade, 33510.154, 169, P00, B00, 1
P00, Trade, 33513.154, 167, P00, S10, 1
P00, Trade, 33514.615, 170, P00, B19, 1
P00, Trade, 33518.346, 165, P00, S16, 1
P00, Trade, 33521.904, 166, P00, B12, 1
P00, Trade, 33527.288, 164, P00, S08, 1
P00, Trade, 33529.904, 165, P00, B09, 1
P00, Trade, 33537.288, 165, P00, S02, 1
P00, Trade, 33538.615, 167, P00, B17, 1
P00, Trade, 33545.212, 166, P00, S00, 1
P00, Trade, 33547.769, 170, P00, B19, 1
P00, Trade, 33552.596, 163, P00, S15, 1
P00, Trade, 33553.962, 171, P00, B09, 1
P00, Trade, 33562.769, 165, P00, S08, 1
P00, Trade, 33566.212, 167, P00, B17, 1
P00, Trade, 33570.058, 164, P00, S15, 1
P00, Trade, 33577.000, 170, P00, B09, 1
P00, Trade, 33580.923, 172, P00, S05, 1
P00, Trade, 33583.308, 172, P00, B08, 1
P00, Trade, 33585.712, 169, S16, P00, 1
P00, Trade, 33588.058, 171, P00, B24, 1
P00, Trade, 33593.788, 168, P00, S02, 1
P00, Trade, 33603.288, 167, P00, B20, 1
P00, Trade, 33618.115, 162, P00, S15, 1
P00, Trade, 33621.308, 165, P00, B05, 1
P00, Trade, 33626.519, 168, P00, S13, 1
P00, Trade, 33635.115, 159, P00, B15, 1
P00, Trade, 33640.577, 160, P00, S06, 1
P00, Trade, 33641.538, 164, P00, B16, 1
P00, Trade, 33644.885, 161, P00, S11, 1
P00, Trade, 33646.923, 163, P00, B04, 1
P00, Trade, 33650.750, 165, P00, S20, 1
P00, Trade, 33658.788, 168, P00, B19, 1
P00, Trade, 33666.308, 189, P00, S04, 1
P00, Trade, 33673.250, 169, P00, B23, 1
P00, Trade, 33674.808, 167, P00, S10, 1
P00, Trade, 33679.058, 166, P00, B08, 1
P00, Trade, 33686.096, 164, P00, S08, 1
P00, Trade, 33688.808, 168, P00, B12, 1
P00, Trade, 33694.962, 162, P00, S22, 1
P00, Trade, 33702.962, 170, P00, B01, 1
P00, Trade, 33706.385, 168, P00, S13, 1
P00, Trade, 33720.250, 171, P00, B19, 1
P00, Trade, 33723.077, 169, P00, S10, 1
P00, Trade, 33725.173, 173, P00, B02, 1
P00, Trade, 33736.115, 167, P00, S15, 1
P00, Trade, 33743.327, 168, P00, B22, 1
P00, Trade, 33746.288, 164, P00, S10, 1
P00, Trade, 33752.769, 164, P00, B11, 1
P00, Trade, 33761.904, 165, P00, S22, 1
P00, Trade, 33763.865, 173, P00, B16, 1
P00, Trade, 33772.596, 171, P00, S15, 1
P00, Trade, 33778.173, 163, P00, B12, 1
P00, Trade, 33780.519, 163, P00, S06, 1
P00, Trade, 33781.615, 168, P00, B16, 1
P00, Trade, 33783.962, 171, P00, S09, 1
P00, Trade, 33791.538, 164, P00, B05, 1
P00, Trade, 33801.096, 169, P00, S06, 1
P00, Trade, 33808.942, 167, P00, B09, 1
P00, Trade, 33813.385, 169, P00, S04, 1
P00, Trade, 33817.808, 168, P00, B17, 1
P00, Trade, 33821.250, 169, P00, S04, 1
P00, Trade, 33823.192, 171, P00, B13, 1
P00, Trade, 33830.192, 171, P00, S16, 1
P00, Trade, 33832.731, 173, P00, B23, 1
P00, Trade, 33836.923, 162, P00, S22, 1
P00, Trade, 33839.019, 165, P00, B19, 1
P00, Trade, 33847.135, 164, P00, S10, 1
P00, Trade, 33849.769, 163, P00, B24, 1
P00, Trade, 33852.942, 169, P00, S17, 1
P00, Trade, 33857.865, 163, P00, B24, 1
P00, Trade, 33860.865, 163, P00, S17, 1
P00, Trade, 33875.596, 165, P00, B14, 1
P00, Trade, 33877.058, 162, P00, S22, 1
P00, Trade, 33878.346, 165, P00, B06, 1
P00, Trade, 33882.981, 165, P00, S18, 1
P00, Trade, 33887.115, 166, P00, B17, 1
P00, Trade, 33890.558, 162, P00, S03, 1
P00, Trade, 33892.692, 162, P00, B12, 1
P00, Trade, 33898.788, 160, P00, S13, 1
P00, Trade, 33903.019, 167, P00, B08, 1
P00, Trade, 33903.865, 165, P00, S19, 1
P00, Trade, 33909.519, 168, P00, B08, 1
P00, Trade, 33918.846, 166, P00, S18, 1
P00, Trade, 33927.038, 167, P00, B01, 1
P00, Trade, 33935.654, 162, P00, S15, 1
P00, Trade, 33941.019, 166, P00, B12, 1
P00, Trade, 33947.385, 166, P00, S16, 1
P00, Trade, 33949.635, 169, P00, B23, 1
P00, Trade, 33952.654, 166, P00, S07, 1
P00, Trade, 33958.481, 166, P00, B09, 1
P00, Trade, 33960.962, 165, P00, S04, 1
P00, Trade, 33963.000, 173, P00, B20, 1
P00, Trade, 33966.038, 167, P00, S01, 1
P00, Trade, 33973.865, 167, P00, B18, 1
P00, Trade, 33982.385, 169, P00, S00, 1
P00, Trade, 33994.250, 170, P00, B23, 1
P00, Trade, 33996.750, 170, P00, S02, 1
P00, Trade, 34006.423, 167, P00, B16, 1
P00, Trade, 34009.865, 161, P00, S15, 1
P00, Trade, 34015.135, 163, P00, B24, 1
P00, Trade, 34020.385, 165, P00, S07, 1
P00, Trade, 34026.462, 165, B23, P00, 1
P00, Trade, 34028.115, 166, P00, S03, 1
P00, Trade, 34035.442, 164, P00, B10, 1
P00, Trade, 34042.538, 169, P00, S22, 1
P00, Trade, 34046.981, 169, P00, B18, 1
P00, Trade, 34057.981, 163, P00, S10, 1
P00, Trade, 34068.942, 170, B21, P00, 1
P00, Trade, 34072.442, 168, P00, S00, 1
P00, Trade, 34083.788, 168, P00, B11, 1
P00, Trade, 34088.385, 165, P00, S11, 1
P00, Trade, 34094.269, 163, P00, B12, 1
P00, Trade, 34101.808, 173, P00, S12, 1
P00, Trade, 34114.308, 172, P00, B19, 1
P00, Trade, 34117.173, 168, P00, S17, 1
P00, Trade, 34124.885, 166, P00, B17, 1
P00, Trade, 34130.058, 170, P00, S06, 1
P00, Trade, 34140.904, 171, P00, B01, 1
P00, Trade, 34148.327, 169, P00, S19, 1
P00, Trade, 34153.692, 164, P00, B02, 1
P00, Trade, 34163.154, 167, P00, S20, 1
P00, Trade, 34166.058, 170, P00, B11, 1
P00, Trade, 34169.115, 172, P00, S19, 1
P00, Trade, 34174.250, 171, P00, B16, 1
P00, Trade, 34178.865, 170, P00, S09, 1
P00, Trade, 34188.519, 170, P00, B17, 1
P00, Trade, 34200.808, 168, P00, S23, 1
P00, Trade, 34206.731, 167, P00, B07, 1
P00, Trade, 34209.000, 167, P00, S13, 1
P00, Trade, 34211.750, 167, P00, B10, 1
P00, Trade, 34217.250, 170, P00, S22, 1
P00, Trade, 34224.442, 172, P00, B18, 1
P00, Trade, 34226.346, 167, P00, S04, 1
P00, Trade, 34230.846, 173, P00, B19, 1
P00, Trade, 34238.442, 166, P00, S03, 1
P00, Trade, 34246.173, 165, P00, B09, 1
P00, Trade, 34250.154, 163, P00, S04, 1
P00, Trade, 34253.538, 169, P00, B12, 1
P00, Trade, 34256.635, 169, P00, S04, 1
P00, Trade, 34258.904, 174, P00, B12, 1
P00, Trade, 34268.923, 166, P00, S06, 1
P00, Trade, 34271.654, 168, P00, B24, 1
P00, Trade, 34276.538, 164, P00, S08, 1
P00, Trade, 34278.635, 168, P00, B01, 1
P00, Trade, 34282.038, 168, P00, S03, 1
P00, Trade, 34286.885, 172, P00, B01, 1
P00, Trade, 34294.365, 165, P00, S17, 1
P00, Trade, 34302.250, 166, P00, B24, 1
P00, Trade, 34306.000, 163, P00, S15, 1
P00, Trade, 34313.615, 173, P00, B01, 1
P00, Trade, 34318.865, 164, P00, S13, 1
P00, Trade, 34323.327, 167, P00, B01, 1
P00, Trade, 34330.000, 166, P00, S15, 1
P00, Trade, 34332.519, 171, P00, B20, 1
P00, Trade, 34333.635, 169, P00, S24, 1
P00, Trade, 34339.346, 169, P00, B09, 1
P00, Trade, 34340.827, 168, P00, S15, 1
P00, Trade, 34362.769, 162, P00, B09, 1
P00, Trade, 34367.077, 161, P00, S22, 1
P00, Trade, 34369.577, 164, P00, B20, 1
P00, Trade, 34373.981, 164, P00, S15, 1
P00, Trade, 34375.962, 167, P00, B13, 1
P00, Trade, 34377.692, 165, P00, S17, 1
P00, Trade, 34379.558, 167, P00, B17, 1
P00, Trade, 34385.615, 166, P00, S20, 1
P00, Trade, 34388.269, 171, P00, B03, 1
P00, Trade, 34392.788, 165, P00, S16, 1
P00, Trade, 34395.308, 167, P00, B08, 1
P00, Trade, 34397.577, 163, P00, S09, 1
P00, Trade, 34403.385, 170, P00, B14, 1
P00, Trade, 34403.962, 169, P00, S16, 1
P00, Trade, 34408.673, 166, P00, B08, 1
P00, Trade, 34414.346, 166, P00, S16, 1
P00, Trade, 34420.192, 170, P00, B08, 1
P00, Trade, 34427.442, 165, P00, S00, 1
P00, Trade, 34438.115, 169, P00, B08, 1
P00, Trade, 34440.019, 167, P00, S17, 1
P00, Trade, 34441.115, 169, P00, B13, 1
P00, Trade, 34442.673, 165, P00, S03, 1
P00, Trade, 34449.404, 162, P00, B08, 1
P00, Trade, 34451.269, 160, P00, S20, 1
P00, Trade, 34452.885, 166, P00, B22, 1
P00, Trade, 34455.673, 164, P00, S01, 1
P00, Trade, 34460.808, 166, P00, B06, 1
P00, Trade, 34462.615, 166, P00, S10, 1
P00, Trade, 34468.269, 169, P00, B24, 1
P00, Trade, 34469.423, 166, P00, S09, 1
P00, Trade, 34475.000, 165, P00, B02, 1
P00, Trade, 34477.500, 163, P00, S13, 1
P00, Trade, 34483.365, 166, P00, B09, 1
P00, Trade, 34486.885, 169, P00, S02, 1
P00, Trade, 34491.904, 170, P00, B00, 1
P00, Trade, 34493.769, 168, P00, S20, 1
P00, Trade, 34495.615, 168, P00, B12, 1
P00, Trade, 34500.923, 166, P00, S13, 1
P00, Trade, 34508.115, 167, P00, B08, 1
P00, Trade, 34509.442, 166, P00, S24, 1
P00, Trade, 34514.712, 164, P00, B16, 1
P00, Trade, 34519.308, 161, P00, S02, 1
P00, Trade, 34526.096, 167, P00, B09, 1
P00, Trade, 34531.308, 161, P00, S24, 1
P00, Trade, 34534.885, 161, P00, B07, 1
P00, Trade, 34544.846, 167, P00, S15, 1
P00, Trade, 34553.000, 169, P00, B02, 1
P00, Trade, 34559.827, 170, P00, S18, 1
P00, Trade, 34561.846, 175, P00, B09, 1
P00, Trade, 34563.654, 172, P00, S00, 1
P00, Trade, 34566.462, 174, P00, B04, 1
P00, Trade, 34570.673, 167, P00, S14, 1
P00, Trade, 34573.481, 172, P00, B11, 1
P00, Trade, 34582.788, 168, P00, S18, 1
P00, Trade, 34584.346, 170, P00, B07, 1
P00, Trade, 34595.538, 160, P00, S12, 1
P00, Trade, 34603.135, 163, P00, B01, 1
P00, Trade, 34605.442, 163, P00, S03, 1
P00, Trade, 34616.558, 160, P00, B00, 1
P00, Trade, 34619.404, 158, P00, S11, 1
P00, Trade, 34622.885, 163, P00, B10, 1
P00, Trade, 34624.904, 163, P00, S04, 1
P00, Trade, 34626.865, 164, P00, B11, 1
P00, Trade, 34630.923, 163, P00, S10, 1
P00, Trade, 34634.519, 172, P00, B17, 1
P00, Trade, 34636.538, 168, P00, S20, 1
P00, Trade, 34640.192, 167, P00, B10, 1
P00, Trade, 34643.077, 163, P00, S07, 1
P00, Trade, 34644.981, 170, P00, B24, 1
P00, Trade, 34648.654, 163, P00, S03, 1
P00, Trade, 34654.500, 166, P00, B18, 1
P00, Trade, 34661.269, 166, P00, S20, 1
P00, Trade, 34667.846, 167, P00, B08, 1
P00, Trade, 34674.500, 162, P00, S20, 1
P00, Trade, 34679.154, 163, P00, B08, 1
P00, Trade, 34686.538, 165, P00, S00, 1
P00, Trade, 34700.615, 168, P00, B11, 1
P00, Trade, 34703.154, 163, P00, S19, 1
P00, Trade, 34707.654, 166, P00, B23, 1
P00, Trade, 34709.212, 164, P00, S17, 1
P00, Trade, 34710.731, 168, P00, B00, 1
P00, Trade, 34711.923, 159, P00, S15, 1
P00, Trade, 34715.115, 164, P00, B03, 1
P00, Trade, 34721.692, 166, P00, S09, 1
P00, Trade, 34722.500, 168, P00, B13, 1
P00, Trade, 34727.846, 163, P00, S18, 1
P00, Trade, 34735.308, 168, B09, P00, 1
P00, Trade, 34740.058, 171, P00, S13, 1
P00, Trade, 34744.192, 168, P00, B24, 1
P00, Trade, 34747.769, 169, P00, S17, 1
P00, Trade, 34755.231, 168, P00, B08, 1
P00, Trade, 34758.173, 163, P00, S07, 1
P00, Trade, 34761.250, 167, P00, B01, 1
P00, Trade, 34768.288, 166, P00, S09, 1
P00, Trade, 34779.865, 164, P00, B21, 1
P00, Trade, 34782.212, 170, P00, S06, 1
P00, Trade, 34791.558, 167, P00, B07, 1
P00, Trade, 34803.327, 168, P00, S18, 1
P00, Trade, 34810.173, 164, P00, B06, 1
P00, Trade, 34813.327, 165, P00, S13, 1
P00, Trade, 34814.846, 168, P00, B20, 1
P00, Trade, 34826.923, 170, P00, S23, 1
P00, Trade, 34829.846, 171, P00, B00, 1
P00, Trade, 34831.808, 169, P00, S01, 1
P00, Trade, 34836.788, 160, P00, B19, 1
P00, Trade, 34841.327, 163, P00, S04, 1
P00, Trade, 34843.865, 166, P00, B07, 1
P00, Trade, 34844.923, 165, P00, S00, 1
P00, Trade, 34852.692, 169, P00, B21, 1
P00, Trade, 34856.058, 174, P00, S09, 1
P00, Trade, 34864.981, 172, P00, B09, 1
P00, Trade, 34871.558, 166, P00, S14, 1
P00, Trade, 34878.827, 164, P00, B18, 1
P00, Trade, 34879.885, 163, P00, S20, 1
P00, Trade, 34882.250, 164, P00, B05, 1
P00, Trade, 34886.288, 165, P00, S17, 1
P00, Trade, 34897.654, 170, P00, B05, 1
P00, Trade, 34903.538, 162, P00, S23, 1
P00, Trade, 34907.981, 170, P00, B12, 1
P00, Trade, 34912.827, 164, P00, S06, 1
P00, Trade, 34918.500, 170, P00, B01, 1
P00, Trade, 34921.173, 165, P00, S09, 1
P00, Trade, 34923.442, 170, P00, B20, 1
P00, Trade, 34925.750, 160, P00, S09, 1
P00, Trade, 34928.596, 172, P00, B12, 1
P00, Trade, 34940.654, 166, P00, S02, 1
P00, Trade, 34944.865, 165, P00, B12, 1
P00, Trade, 34948.596, 163, P00, S01, 1
P00, Trade, 34953.654, 161, P00, B01, 1
P00, Trade, 34963.692, 160, P00, S10, 1
P00, Trade, 34966.058, 161, P00, B21, 1
P00, Trade, 34974.365, 164, P00, S15, 1
P00, Trade, 34976.769, 166, B06, P00, 1
P00, Trade, 34979.212, 166, P00, S15, 1
P00, Trade, 34980.846, 168, P00, B01, 1
P00, Trade, 34985.577, 169, P00, S22, 1
P00, Trade, 34997.481, 168, P00, B14, 1
P00, Trade, 35000.423, 168, P00, S15, 1
P00, Trade, 35007.885, 165, P00, B23, 1
P00, Trade, 35012.731, 160, P00, S09, 1
P00, Trade, 35013.154, 161, P00, B20, 1
P00, Trade, 35019.308, 166, P00, S09, 1
P00, Trade, 35021.077, 167, P00, B02, 1
P00, Trade, 35024.212, 163, P00, S02, 1
P00, Trade, 35027.000, 164, P00, B12, 1
P00, Trade, 35030.885, 163, P00, S15, 1
P00, Trade, 35042.077, 169, P00, B14, 1
P00, Trade, 35051.000, 170, P00, S07, 1
P00, Trade, 35063.981, 174, P00, B19, 1
P00, Trade, 35068.404, 164, P00, S14, 1
P00, Trade, 35072.788, 167, P00, B06, 1
P00, Trade, 35074.346, 168, P00, S06, 1
P00, Trade, 35079.365, 169, P00, B01, 1
P00, Trade, 35081.885, 169, P00, S06, 1
P00, Trade, 35084.481, 172, P00, B06, 1
P00, Trade, 35086.962, 170, P00, S01, 1
P00, Trade, 35095.154, 160, P00, B17, 1
P00, Trade, 35102.404, 166, P00, S02, 1
P00, Trade, 35106.385, 166, P00, B20, 1
P00, Trade, 35108.558, 168, P00, S10, 1
P00, Trade, 35113.654, 170, P00, B19, 1
P00, Trade, 35115.212, 165, P00, S17, 1
P00, Trade, 35121.885, 161, P00, B02, 1
P00, Trade, 35125.212, 160, P00, S10, 1
P00, Trade, 35129.250, 166, P00, B03, 1
P00, Trade, 35135.519, 162, P00, S22, 1
P00, Trade, 35140.346, 162, P00, B00, 1
P00, Trade, 35141.538, 170, P00, S15, 1
P00, Trade, 35143.346, 171, P00, B01, 1
P00, Trade, 35147.538, 173, P00, S02, 1
P00, Trade, 35154.115, 173, P00, B13, 1
P00, Trade, 35159.462, 168, P00, S03, 1
P00, Trade, 35170.231, 169, P00, B09, 1
P00, Trade, 35176.327, 167, P00, S15, 1
P00, Trade, 35178.923, 169, P00, B16, 1
P00, Trade, 35179.423, 167, P00, S05, 1
P00, Trade, 35182.962, 165, P00, B21, 1
P00, Trade, 35186.519, 163, P00, S04, 1
P00, Trade, 35190.808, 171, P00, B12, 1
P00, Trade, 35194.135, 170, P00, S16, 1
P00, Trade, 35200.865, 173, P00, B22, 1
P00, Trade, 35203.192, 172, P00, S11, 1
P00, Trade, 35214.250, 169, P00, B08, 1
P00, Trade, 35221.231, 163, P00, S04, 1
P00, Trade, 35224.308, 172, P00, B14, 1
P00, Trade, 35229.500, 163, P00, S13, 1
P00, Trade, 35239.154, 164, P00, B20, 1
P00, Trade, 35244.077, 163, P00, S14, 1
P00, Trade, 35249.404, 166, P00, B08, 1
P00, Trade, 35257.308, 163, P00, S09, 1
P00, Trade, 35267.038, 166, P00, B00, 1
P00, Trade, 35269.346, 164, P00, S06, 1
P00, Trade, 35273.058, 162, P00, B08, 1
P00, Trade, 35275.462, 163, P00, S19, 1
P00, Trade, 35285.019, 162, P00, B18, 1
P00, Trade, 35286.442, 164, P00, S02, 1
P00, Trade, 35288.615, 163, P00, B17, 1
P00, Trade, 35300.173, 168, P00, S15, 1
P00, Trade, 35308.096, 167, P00, B20, 1
P00, Trade, 35310.538, 162, P00, S06, 1
P00, Trade, 35315.250, 166, P00, B08, 1
P00, Trade, 35318.692, 160, P00, S17, 1
P00, Trade, 35322.250, 163, P00, B09, 1
P00, Trade, 35324.250, 164, P00, S04, 1
P00, Trade, 35330.462, 170, P00, B11, 1
P00, Trade, 35332.885, 169, P00, S14, 1
P00, Trade, 35340.981, 170, P00, B09, 1
P00, Trade, 35347.538, 164, P00, S17, 1
P00, Trade, 35352.635, 163, P00, B24, 1
P00, Trade, 35354.827, 159, P00, S07, 1
P00, Trade, 35357.212, 165, P00, B10, 1
P00, Trade, 35361.096, 161, P00, S07, 1
P00, Trade, 35368.423, 158, P00, B23, 1
P00, Trade, 35371.904, 159, P00, S12, 1
P00, Trade, 35373.019, 161, B03, P00, 1
P00, Trade, 35375.135, 161, P00, S20, 1
P00, Trade, 35376.942, 164, P00, B22, 1
P00, Trade, 35382.885, 164, P00, S20, 1
P00, Trade, 35389.365, 168, P00, B19, 1
P00, Trade, 35394.077, 165, P00, S16, 1
P00, Trade, 35400.135, 165, P00, B16, 1
P00, Trade, 35404.577, 164, P00, S03, 1
P00, Trade, 35411.212, 167, P00, B08, 1
P00, Trade, 35418.192, 163, P00, S06, 1
P00, Trade, 35424.577, 167, P00, B00, 1
P00, Trade, 35430.788, 166, P00, S09, 1
P00, Trade, 35437.904, 162, P00, B09, 1
P00, Trade, 35445.519, 165, P00, S04, 1
P00, Trade, 35446.596, 174, P00, B20, 1
P00, Trade, 35454.038, 170, P00, S04, 1
P00, Trade, 35466.615, 166, P00, B03, 1
P00, Trade, 35471.250, 163, P00, S01, 1
P00, Trade, 35478.308, 161, P00, B15, 1
P00, Trade, 35479.962, 160, P00, S10, 1
P00, Trade, 35481.365, 167, P00, B18, 1
P00, Trade, 35484.538, 166, P00, S03, 1
P00, Trade, 35487.942, 168, P00, B13, 1
P00, Trade, 35489.654, 163, P00, S14, 1
P00, Trade, 35492.385, 167, P00, B04, 1
P00, Trade, 35498.231, 169, P00, S23, 1
P00, Trade, 35502.942, 165, P00, B15, 1
P00, Trade, 35505.288, 163, P00, S04, 1
P00, Trade, 35507.942, 168, P00, B12, 1
P00, Trade, 35510.538, 161, P00, S13, 1
P00, Trade, 35514.308, 168, P00, B02, 1
P00, Trade, 35516.904, 171, P00, S22, 1
P00, Trade, 35520.769, 168, P00, B20, 1
P00, Trade, 35527.615, 166, P00, S04, 1
P00, Trade, 35533.462, 166, P00, B20, 1
P00, Trade, 35538.519, 169, P00, S23, 1
P00, Trade, 35550.558, 167, P00, B23, 1
P00, Trade, 35555.692, 162, P00, S22, 1
P00, Trade, 35558.019, 167, P00, B17, 1
P00, Trade, 35563.365, 162, P00, S00, 1
P00, Trade, 35566.885, 158, P00, B06, 1
P00, Trade, 35572.000, 150, P00, S14, 1
P00, Trade, 35576.673, 159, P00, B11, 1
P00, Trade, 35581.558, 160, P00, S18, 1
P00, Trade, 35582.135, 168, P00, B07, 1
P00, Trade, 35584.115, 168, P00, S19, 1
P00, Trade, 35592.673, 172, P00, B10, 1
P00, Trade, 35594.346, 165, P00, S09, 1
P00, Trade, 35596.212, 165, P00, B13, 1
P00, Trade, 35598.231, 160, P00, S17, 1
P00, Trade, 35601.077, 165, P00, B00, 1
P00, Trade, 35607.731, 165, P00, S04, 1
P00, Trade, 35612.962, 167, P00, B09, 1
P00, Trade, 35618.769, 163, P00, S10, 1
P00, Trade, 35625.250, 167, P00, B14, 1
P00, Trade, 35627.327, 164, P00, S17, 1
P00, Trade, 35633.769, 164, P00, B16, 1
P00, Trade, 35635.596, 165, P00, S07, 1
P00, Trade, 35637.308, 167, P00, B24, 1
P00, Trade, 35641.404, 168, P00, S00, 1
P00, Trade, 35646.462, 161, P00, B01, 1
P00, Trade, 35649.538, 162, P00, S22, 1
P00, Trade, 35662.096, 162, P00, B18, 1
P00, Trade, 35668.827, 159, P00, S07, 1
P00, Trade, 35672.231, 161, P00, B09, 1
P00, Trade, 35674.981, 161, P00, S17, 1
P00, Trade, 35678.173, 164, P00, B06, 1
P00, Trade, 35679.788, 163, P00, S21, 1
P00, Trade, 35690.462, 163, P00, B06, 1
P00, Trade, 35694.423, 160, P00, S19, 1
P00, Trade, 35698.692, 166, P00, B13, 1
P00, Trade, 35700.885, 166, S11, P00, 1
P00, Trade, 35708.019, 163, P00, B01, 1
P00, Trade, 35711.346, 162, P00, S04, 1
P00, Trade, 35717.212, 160, P00, B18, 1
P00, Trade, 35723.654, 166, P00, S04, 1
P00, Trade, 35731.962, 163, P00, B22, 1
P00, Trade, 35737.981, 167, P00, S11, 1
P00, Trade, 35743.904, 161, P00, B24, 1
P00, Trade, 35761.481, 164, P00, S17, 1
P00, Trade, 35766.942, 164, P00, B12, 1
P00, Trade, 35771.192, 159, P00, S22, 1
P00, Trade, 35778.000, 162, P00, B01, 1
P00, Trade, 35782.327, 148, S16, P00, 1
P00, Trade, 35784.442, 166, P00, B12, 1
P00, Trade, 35788.750, 160, P00, S14, 1
P00, Trade, 35792.115, 161, P00, B12, 1
P00, Trade, 35798.904, 160, P00, S23, 1
P00, Trade, 35811.846, 165, P00, B12, 1
P00, Trade, 35820.135, 162, P00, S17, 1
P00, Trade, 35825.712, 166, P00, B14, 1
P00, Trade, 35832.173, 163, P00, S19, 1
P00, Trade, 35837.077, 162, P00, B17, 1
P00, Trade, 35844.096, 164, P00, S14, 1
P00, Trade, 35847.846, 166, P00, B15, 1
P00, Trade, 35850.596, 165, P00, S06, 1
P00, Trade, 35853.346, 169, P00, B12, 1
P00, Trade, 35856.269, 164, P00, S15, 1
P00, Trade, 35862.288, 168, P00, B08, 1
P00, Trade, 35864.923, 162, P00, S18, 1
P00, Trade, 35871.019, 165, P00, B22, 1
P00, Trade, 35875.962, 159, P00, S10, 1
P00, Trade, 35878.462, 164, P00, B18, 1
P00, Trade, 35887.962, 163, P00, S17, 1
P00, Trade, 35892.885, 165, P00, B13, 1
P00, Trade, 35901.519, 161, P00, S17, 1
P00, Trade, 35903.154, 164, P00, B16, 1
P00, Trade, 35905.692, 160, P00, S05, 1
P00, Trade, 35907.827, 162, P00, B00, 1
P00, Trade, 35915.923, 165, P00, S19, 1
P00, Trade, 35917.462, 168, P00, B12, 1
P00, Trade, 35922.500, 163, P00, S09, 1
P00, Trade, 35931.904, 161, P00, B20, 1
P00, Trade, 35935.404, 160, P00, S06, 1
P00, Trade, 35936.788, 164, P00, B23, 1
P00, Trade, 35940.038, 163, P00, S17, 1
P00, Trade, 35944.827, 162, P00, B11, 1
P00, Trade, 35948.846, 158, P00, S15, 1
P00, Trade, 35953.038, 163, P00, B10, 1
P00, Trade, 35960.846, 159, P00, S15, 1
P00, Trade, 35963.058, 162, P00, B21, 1
P00, Trade, 35972.346, 162, P00, S21, 1
P00, Trade, 35983.000, 159, P00, B00, 1
P00, Trade, 35987.846, 163, P00, S13, 1
P00, Trade, 35990.058, 171, P00, B07, 1
P00, Trade, 35994.212, 165, P00, S09, 1
P00, Trade, 35995.808, 166, P00, B05, 1
P00, Trade, 35996.865, 164, P00, S08, 1
P00, Trade, 36005.538, 166, P00, B08, 1
P00, Trade, 36010.904, 165, P00, S01, 1
P00, Trade, 36015.269, 168, P00, B11, 1
P00, Trade, 36021.500, 166, P00, S07, 1
P00, Trade, 36033.538, 164, P00, B16, 1
P00, Trade, 36036.962, 169, P00, S04, 1
P00, Trade, 36047.923, 164, P00, B00, 1
P00, Trade, 36053.231, 163, P00, S14, 1
P00, Trade, 36064.154, 165, P00, B20, 1
P00, Trade, 36068.731, 162, P00, S20, 1
P00, Trade, 36074.038, 165, P00, B20, 1
P00, Trade, 36078.000, 159, P00, S10, 1
P00, Trade, 36080.442, 164, P00, B18, 1
P00, Trade, 36085.577, 164, P00, S24, 1
P00, Trade, 36090.846, 156, P00, B20, 1
P00, Trade, 36095.942, 163, P00, S16, 1
P00, Trade, 36096.788, 165, P00, B01, 1
P00, Trade, 36104.808, 165, P00, S04, 1
P00, Trade, 36106.865, 165, P00, B18, 1
P00, Trade, 36110.827, 163, P00, S08, 1
P00, Trade, 36112.846, 164, P00, B13, 1
P00, Trade, 36117.596, 162, P00, S19, 1
P00, Trade, 36119.846, 169, P00, B23, 1
P00, Trade, 36122.846, 168, P00, S12, 1
P00, Trade, 36130.827, 166, P00, B00, 1
P00, Trade, 36133.096, 167, P00, S10, 1
P00, Trade, 36138.500, 165, P00, B24, 1
P00, Trade, 36142.885, 164, P00, S09, 1
P00, Trade, 36145.038, 165, P00, B03, 1
P00, Trade, 36154.365, 165, P00, S18, 1
P00, Trade, 36160.077, 161, P00, B09, 1
P00, Trade, 36161.269, 157, P00, S16, 1
P00, Trade, 36163.115, 166, P00, B23, 1
P00, Trade, 36167.731, 166, P00, S00, 1
P00, Trade, 36170.058, 165, P00, B21, 1
P00, Trade, 36172.577, 163, P00, S09, 1
P00, Trade, 36174.500, 169, P00, B00, 1
P00, Trade, 36178.788, 169, P00, S02, 1
P00, Trade, 36184.577, 163, P00, B11, 1
P00, Trade, 36189.962, 164, P00, S13, 1
P00, Trade, 36196.692, 168, P00, B19, 1
P00, Trade, 36202.673, 166, P00, S18, 1
P00, Trade, 36207.135, 166, P00, B02, 1
P00, Trade, 36209.462, 170, P00, S06, 1
P00, Trade, 36213.981, 173, P00, B01, 1
P00, Trade, 36220.596, 167, P00, S12, 1
P00, Trade, 36232.058, 163, P00, B05, 1
P00, Trade, 36236.308, 170, P00, S21, 1
P00, Trade, 36246.250, 165, P00, B03, 1
P00, Trade, 36253.019, 167, P00, S04, 1
P00, Trade, 36255.654, 168, P00, B07, 1
P00, Trade, 36259.923, 160, P00, S18, 1
P00, Trade, 36264.404, 159, P00, B17, 1
P00, Trade, 36269.885, 161, P00, S14, 1
P00, Trade, 36271.250, 166, B21, P00, 1
P00, Trade, 36275.423, 164, P00, S02, 1
P00, Trade, 36285.769, 160, P00, B17, 1
P00, Trade, 36294.538, 159, P00, S11, 1
P00, Trade, 36297.288, 157, P00, B05, 1
P00, Trade, 36300.808, 158, P00, S04, 1
P00, Trade, 36303.442, 162, P00, B08, 1
P00, Trade, 36308.808, 166, P00, S22, 1
P00, Trade, 36317.019, 170, P00, B14, 1
P00, Trade, 36324.769, 172, P00, S14, 1
P00, Trade, 36328.000, 169, P00, B12, 1
P00, Trade, 36335.192, 162, P00, S11, 1
P00, Trade, 36340.173, 163, P00, B09, 1
P00, Trade, 36351.115, 167, P00, S10, 1
P00, Trade, 36362.481, 165, P00, B05, 1
P00, Trade, 36368.115, 159, P00, S06, 1
P00, Trade, 36368.538, 162, P00, B09, 1
P00, Trade, 36373.423, 163, P00, S20, 1
P00, Trade, 36379.654, 168, P00, B22, 1
P00, Trade, 36381.250, 162, P00, S16, 1
P00, Trade, 36385.500, 167, P00, B04, 1
P00, Trade, 36386.346, 165, P00, S13, 1
P00, Trade, 36392.269, 166, P00, B08, 1
P00, Trade, 36398.846, 160, P00, S15, 1
P00, Trade, 36403.750, 164, P00, B03, 1
P00, Trade, 36410.481, 176, P00, S18, 1
P00, Trade, 36416.558, 166, P00, B17, 1
P00, Trade, 36423.731, 164, P00, S12, 1
P00, Trade, 36424.731, 165, P00, B05, 1
P00, Trade, 36432.192, 166, P00, S01, 1
P00, Trade, 36440.442, 161, P00, B17, 1
P00, Trade, 36449.365, 159, P00, S18, 1
P00, Trade, 36457.865, 166, P00, B08, 1
P00, Trade, 36458.692, 161, P00, S13, 1
P00, Trade, 36459.808, 163, P00, B00, 1
P00, Trade, 36465.962, 159, P00, S01, 1
P00, Trade, 36471.115, 162, P00, B09, 1
P00, Trade, 36476.250, 159, P00, S15, 1
P00, Trade, 36480.577, 162, P00, B13, 1
P00, Trade, 36492.346, 165, P00, S22, 1
P00, Trade, 36495.577, 167, P00, B16, 1
P00, Trade, 36499.904, 160, P00, S03, 1
P00, Trade, 36501.096, 166, P00, B17, 1
P00, Trade, 36511.577, 163, P00, S17, 1
P00, Trade, 36517.769, 159, P00, B01, 1
P00, Trade, 36525.635, 165, P00, S06, 1
P00, Trade, 36531.865, 170, P00, B16, 1
P00, Trade, 36535.885, 166, P00, S08, 1
P00, Trade, 36538.942, 161, P00, B03, 1
P00, Trade, 36541.500, 159, P00, S09, 1
P00, Trade, 36556.173, 162, P00, B09, 1
P00, Trade, 36560.731, 163, P00, S01, 1
P00, Trade, 36566.500, 161, P00, B09, 1
P00, Trade, 36569.327, 159, P00, S15, 1
P00, Trade, 36570.788, 162, P00, B23, 1
P00, Trade, 36577.212, 162, P00, S15, 1
P00, Trade, 36588.577, 167, P00, B01, 1
P00, Trade, 36598.019, 166, P00, S18, 1
P00, Trade, 36602.596, 161, P00, B16, 1
P00, Trade, 36604.154, 176, P00, S13, 1
P00, Trade, 36611.654, 168, P00, B21, 1
P00, Trade, 36614.538, 166, P00, S05, 1
P00, Trade, 36619.846, 163, P00, B09, 1
P00, Trade, 36623.942, 160, P00, S17, 1
P00, Trade, 36625.827, 165, P00, B14, 1
P00, Trade, 36630.808, 163, P00, S20, 1
P00, Trade, 36639.808, 161, P00, B01, 1
P00, Trade, 36641.442, 159, P00, S00, 1
P00, Trade, 36645.865, 159, P00, B24, 1
P00, Trade, 36648.885, 154, P00, S04, 1
P00, Trade, 36650.115, 158, P00, B04, 1
P00, Trade, 36657.135, 161, P00, S07, 1
P00, Trade, 36659.538, 163, P00, B04, 1
P00, Trade, 36673.173, 165, P00, S04, 1
P00, Trade, 36681.250, 165, P00, B16, 1
P00, Trade, 36683.481, 161, P00, S10, 1
P00, Trade, 36692.327, 161, P00, B09, 1
P00, Trade, 36699.635, 165, P00, S14, 1
P00, Trade, 36700.019, 166, P00, B13, 1
P00, Trade, 36702.058, 166, P00, S06, 1
P00, Trade, 36703.904, 167, P00, B22, 1
P00, Trade, 36705.788, 167, P00, S08, 1
P00, Trade, 36707.096, 167, P00, B12, 1
P00, Trade, 36708.788, 161, P00, S14, 1
P00, Trade, 36710.500, 166, P00, B11, 1
P00, Trade, 36713.096, 160, P00, S16, 1
P00, Trade, 36714.019, 164, P00, B07, 1
P00, Trade, 36716.788, 162, P00, S24, 1
P00, Trade, 36718.808, 163, P00, B09, 1
P00, Trade, 36720.808, 164, P00, S00, 1
P00, Trade, 36722.846, 166, P00, B10, 1
P00, Trade, 36727.865, 162, P00, S15, 1
P00, Trade, 36731.212, 167, P00, B10, 1
P00, Trade, 36734.404, 173, P00, S02, 1
P00, Trade, 36740.712, 164, P00, B17, 1
P00, Trade, 36753.154, 158, P00, S08, 1
P00, Trade, 36755.942, 159, P00, B13, 1
P00, Trade, 36763.058, 159, P00, S10, 1
P00, Trade, 36772.942, 162, P00, B04, 1
P00, Trade, 36777.346, 163, P00, S01, 1
P00, Trade, 36784.558, 166, P00, B09, 1
P00, Trade, 36789.538, 163, P00, S16, 1
P00, Trade, 36793.308, 166, P00, B03, 1
P00, Trade, 36796.250, 164, P00, S10, 1
P00, Trade, 36801.481, 165, P00, B15, 1
P00, Trade, 36803.442, 167, P00, S20, 1
P00, Trade, 36813.808, 163, P00, B19, 1
P00, Trade, 36818.500, 161, P00, S16, 1
P00, Trade, 36820.154, 162, P00, B20, 1
P00, Trade, 36824.654, 161, P00, S18, 1
P00, Trade, 36827.000, 164, P00, B14, 1
P00, Trade, 36832.750, 166, P00, S17, 1
P00, Trade, 36841.404, 165, P00, B02, 1
P00, Trade, 36848.423, 162, P00, S00, 1
P00, Trade, 36854.981, 163, P00, B00, 1
P00, Trade, 36857.462, 167, P00, S21, 1
P00, Trade, 36861.827, 165, P00, B07, 1
P00, Trade, 36871.250, 159, P00, S22, 1
P00, Trade, 36876.327, 157, P00, B18, 1
P00, Trade, 36882.038, 159, P00, S14, 1
P00, Trade, 36884.327, 158, P00, B01, 1
P00, Trade, 36890.731, 165, P00, S02, 1
P00, Trade, 36895.154, 165, P00, B20, 1
P00, Trade, 36900.442, 159, P00, S23, 1
P00, Trade, 36904.885, 168, P00, B06, 1
P00, Trade, 36912.308, 166, P00, S08, 1
P00, Trade, 36916.846, 162, P00, B22, 1
P00, Trade, 36918.962, 160, P00, S10, 1
P00, Trade, 36924.250, 160, P00, B03, 1
P00, Trade, 36927.673, 164, P00, S14, 1
P00, Trade, 36935.096, 162, B06, P00, 1
P00, Trade, 36939.885, 158, P00, S19, 1
P00, Trade, 36945.442, 164, P00, B03, 1
P00, Trade, 36948.731, 164, P00, S06, 1
P00, Trade, 36953.731, 167, P00, B01, 1
P00, Trade, 36956.692, 159, P00, S15, 1
P00, Trade, 36961.846, 163, P00, B17, 1
P00, Trade, 36967.596, 165, P00, S09, 1
P00, Trade, 36971.558, 165, P00, B08, 1
P00, Trade, 36971.827, 158, P00, S10, 1
P00, Trade, 36973.385, 165, P00, B18, 1
P00, Trade, 36977.808, 158, P00, S18, 1
P00, Trade, 36978.981, 162, P00, B15, 1
P00, Trade, 36982.481, 160, P00, S13, 1
P00, Trade, 36990.788, 163, P00, B10, 1
P00, Trade, 36998.231, 161, P00, S03, 1
P00, Trade, 37005.212, 158, P00, B08, 1
P00, Trade, 37010.865, 157, P00, S15, 1
P00, Trade, 37014.827, 165, P00, B18, 1
P00, Trade, 37017.808, 163, P00, S04, 1
P00, Trade, 37018.788, 165, P00, B14, 1
P00, Trade, 37023.769, 163, S12, P00, 1
P00, Trade, 37029.077, 165, P00, B20, 1
P00, Trade, 37033.000, 161, P00, S10, 1
P00, Trade, 37042.673, 157, P00, B23, 1
P00, Trade, 37049.808, 162, P00, S08, 1
P00, Trade, 37055.115, 165, P00, B17, 1
P00, Trade, 37059.712, 163, P00, S18, 1
P00, Trade, 37067.115, 165, P00, B07, 1
P00, Trade, 37072.308, 162, P00, S17, 1
P00, Trade, 37074.077, 165, P00, B12, 1
P00, Trade, 37075.865, 163, P00, S06, 1
P00, Trade, 37079.981, 166, P00, B18, 1
P00, Trade, 37082.442, 163, P00, S16, 1
P00, Trade, 37087.827, 163, P00, B01, 1
P00, Trade, 37090.942, 159, P00, S01, 1
P00, Trade, 37094.846, 167, P00, B04, 1
P00, Trade, 37106.538, 162, P00, S12, 1
P00, Trade, 37106.769, 163, P00, B20, 1
P00, Trade, 37109.346, 159, P00, S10, 1
P00, Trade, 37113.904, 158, P00, B11, 1
P00, Trade, 37118.750, 156, P00, S16, 1
P00, Trade, 37123.038, 164, P00, B15, 1
P00, Trade, 37132.673, 164, P00, S15, 1
P00, Trade, 37136.750, 167, P00, B12, 1
P00, Trade, 37141.423, 163, P00, S02, 1
P00, Trade, 37149.673, 167, P00, B22, 1
P00, Trade, 37158.615, 159, P00, S14, 1
P00, Trade, 37161.135, 163, P00, B20, 1
P00, Trade, 37164.577, 163, P00, S03, 1
P00, Trade, 37175.808, 164, P00, B13, 1
P00, Trade, 37177.250, 162, P00, S10, 1
P00, Trade, 37179.404, 167, P00, B18, 1
P00, Trade, 37181.212, 163, P00, S00, 1
P00, Trade, 37186.827, 168, P00, B12, 1
P00, Trade, 37190.577, 161, P00, S00, 1
P00, Trade, 37195.346, 166, P00, B20, 1
P00, Trade, 37196.308, 163, P00, S15, 1
P00, Trade, 37199.981, 165, P00, B12, 1
P00, Trade, 37202.019, 163, P00, S13, 1
P00, Trade, 37206.788, 168, P00, B08, 1
P00, Trade, 37210.462, 163, P00, S05, 1
P00, Trade, 37212.788, 165, P00, B01, 1
P00, Trade, 37216.865, 162, P00, S16, 1
P00, Trade, 37227.962, 165, P00, B19, 1
P00, Trade, 37233.519, 168, P00, S07, 1
P00, Trade, 37235.365, 171, P00, B09, 1
P00, Trade, 37249.385, 162, P00, S04, 1
P00, Trade, 37251.635, 165, P00, B13, 1
P00, Trade, 37254.673, 162, P00, S00, 1
P00, Trade, 37260.135, 165, P00, B17, 1
P00, Trade, 37263.288, 159, P00, S22, 1
P00, Trade, 37269.269, 158, P00, B18, 1
P00, Trade, 37272.865, 156, P00, S17, 1
P00, Trade, 37276.769, 163, P00, B12, 1
P00, Trade, 37280.885, 161, P00, S15, 1
P00, Trade, 37281.365, 162, P00, B13, 1
P00, Trade, 37285.808, 161, P00, S05, 1
P00, Trade, 37288.885, 166, P00, B02, 1
P00, Trade, 37299.096, 158, P00, S18, 1
P00, Trade, 37300.846, 162, P00, B12, 1
P00, Trade, 37304.808, 163, P00, S04, 1
P00, Trade, 37312.885, 165, P00, B17, 1
P00, Trade, 37315.769, 161, P00, S03, 1
P00, Trade, 37318.808, 162, P00, B22, 1
P00, Trade, 37325.250, 160, P00, S17, 1
P00, Trade, 37336.038, 158, P00, B00, 1
P00, Trade, 37337.250, 154, P00, S13, 1
P00, Trade, 37345.500, 159, P00, B01, 1
P00, Trade, 37351.135, 159, P00, S01, 1
P00, Trade, 37351.923, 160, P00, B24, 1
P00, Trade, 37354.288, 159, P00, S15, 1
P00, Trade, 37356.423, 161, P00, B04, 1
P00, Trade, 37367.788, 163, P00, S22, 1
P00, Trade, 37370.058, 167, P00, B02, 1
P00, Trade, 37374.192, 161, P00, S08, 1
P00, Trade, 37379.212, 158, P00, B12, 1
P00, Trade, 37383.827, 161, P00, S09, 1
P00, Trade, 37391.423, 159, P00, B01, 1
P00, Trade, 37394.827, 161, P00, S17, 1
P00, Trade, 37397.135, 166, P00, B00, 1
P00, Trade, 37400.635, 162, P00, S11, 1
P00, Trade, 37402.981, 165, P00, B23, 1
P00, Trade, 37414.596, 162, P00, S19, 1
P00, Trade, 37418.000, 163, P00, B06, 1
P00, Trade, 37422.577, 158, P00, S17, 1
P00, Trade, 37431.077, 159, P00, B17, 1
P00, Trade, 37436.865, 159, P00, S04, 1
P00, Trade, 37438.981, 160, P00, B24, 1
P00, Trade, 37441.808, 158, P00, S01, 1
P00, Trade, 37451.038, 158, P00, B11, 1
P00, Trade, 37456.481, 165, P00, S20, 1
P00, Trade, 37462.615, 166, P00, B20, 1
P00, Trade, 37474.769, 156, P00, S17, 1
P00, Trade, 37478.712, 167, P00, B20, 1
P00, Trade, 37484.327, 164, P00, S08, 1
P00, Trade, 37488.538, 165, P00, B02, 1
P00, Trade, 37495.731, 160, P00, S23, 1
P00, Trade, 37498.173, 158, P00, B11, 1
P00, Trade, 37506.673, 167, P00, S03, 1
P00, Trade, 37512.462, 159, P00, B13, 1
P00, Trade, 37517.904, 156, P00, S00, 1
P00, Trade, 37519.288, 160, P00, B00, 1
P00, Trade, 37524.885, 160, P00, S06, 1
P00, Trade, 37538.942, 164, P00, B10, 1
P00, Trade, 37545.904, 157, P00, S02, 1
P00, Trade, 37549.519, 167, P00, B00, 1
P00, Trade, 37555.712, 164, P00, S15, 1
P00, Trade, 37560.519, 165, P00, B19, 1
P00, Trade, 37567.808, 157, P00, S00, 1
P00, Trade, 37571.308, 162, P00, B23, 1
P00, Trade, 37576.288, 163, P00, S09, 1
P00, Trade, 37581.558, 164, P00, B13, 1
P00, Trade, 37589.231, 157, P00, S02, 1
P00, Trade, 37595.635, 161, P00, B01, 1
P00, Trade, 37601.462, 161, P00, S17, 1
P00, Trade, 37611.365, 167, P00, B12, 1
P00, Trade, 37615.519, 163, P00, S12, 1
P00, Trade, 37619.385, 169, P00, B08, 1
P00, Trade, 37624.788, 158, P00, S14, 1
P00, Trade, 37634.500, 161, P00, B13, 1
P00, Trade, 37637.654, 159, P00, S08, 1
P00, Trade, 37645.904, 164, P00, B20, 1
P00, Trade, 37652.404, 163, P00, S08, 1
P00, Trade, 37655.000, 160, P00, B09, 1
P00, Trade, 37659.077, 164, P00, S04, 1
P00, Trade, 37671.654, 162, P00, B16, 1
P00, Trade, 37680.269, 162, P00, S10, 1
P00, Trade, 37686.673, 161, P00, B10, 1
P00, Trade, 37689.058, 163, P00, S10, 1
P00, Trade, 37693.365, 164, P00, B06, 1
P00, Trade, 37698.173, 164, P00, S05, 1
P00, Trade, 37704.731, 162, P00, B05, 1
P00, Trade, 37708.423, 159, P00, S15, 1
P00, Trade, 37717.038, 156, P00, B18, 1
P00, Trade, 37718.423, 154, P00, S03, 1
P00, Trade, 37719.731, 156, P00, B01, 1
P00, Trade, 37723.000, 157, P00, S04, 1
P00, Trade, 37727.096, 159, P00, B01, 1
P00, Trade, 37727.846, 157, P00, S02, 1
P00, Trade, 37731.308, 162, P00, B03, 1
P00, Trade, 37734.000, 161, P00, S14, 1
P00, Trade, 37737.538, 162, P00, B15, 1
P00, Trade, 37740.846, 161, P00, S10, 1
P00, Trade, 37743.788, 160, P00, B17, 1
P00, Trade, 37749.423, 159, P00, S02, 1
P00, Trade, 37759.423, 162, P00, B24, 1
P00, Trade, 37762.712, 161, P00, S16, 1
P00, Trade, 37764.173, 164, P00, B10, 1
P00, Trade, 37770.923, 153, P00, S04, 1
P00, Trade, 37773.962, 158, P00, B09, 1
P00, Trade, 37779.058, 157, P00, S19, 1
P00, Trade, 37783.154, 163, P00, B24, 1
P00, Trade, 37788.538, 159, P00, S22, 1
P00, Trade, 37792.538, 166, P00, B13, 1
P00, Trade, 37796.692, 159, P00, S22, 1
P00, Trade, 37800.654, 164, P00, B22, 1
P00, Trade, 37802.096, 160, P00, S11, 1
P00, Trade, 37810.673, 157, P00, B09, 1
P00, Trade, 37813.558, 154, P00, S03, 1
P00, Trade, 37817.519, 160, P00, B14, 1
P00, Trade, 37821.288, 158, P00, S00, 1
P00, Trade, 37827.692, 160, B10, P00, 1
P00, Trade, 37833.558, 159, P00, S17, 1
P00, Trade, 37839.135, 161, P00, B23, 1
P00, Trade, 37843.135, 159, P00, S20, 1
P00, Trade, 37846.500, 163, P00, B08, 1
P00, Trade, 37848.885, 162, P00, S03, 1
P00, Trade, 37855.250, 165, P00, B01, 1
P00, Trade, 37861.404, 155, P00, S15, 1
P00, Trade, 37874.558, 158, P00, B02, 1
P00, Trade, 37877.615, 149, P00, S16, 1
P00, Trade, 37886.365, 158, P00, B00, 1
P00, Trade, 37895.981, 163, P00, S00, 1
P00, Trade, 37898.692, 162, P00, B12, 1
P00, Trade, 37899.865, 162, P00, S10, 1
P00, Trade, 37905.192, 166, P00, B18, 1
P00, Trade, 37914.115, 161, P00, S04, 1
P00, Trade, 37915.500, 160, P00, B16, 1
P00, Trade, 37920.038, 160, P00, S15, 1
P00, Trade, 37926.231, 158, P00, B00, 1
P00, Trade, 37931.462, 158, P00, S17, 1
P00, Trade, 37938.192, 161, P00, B18, 1
P00, Trade, 37944.115, 161, P00, S12, 1
P00, Trade, 37949.308, 166, P00, B13, 1
P00, Trade, 37953.692, 159, P00, S04, 1
P00, Trade, 37958.154, 155, P00, B01, 1
P00, Trade, 37962.115, 163, P00, S23, 1
P00, Trade, 37967.481, 165, P00, B08, 1
P00, Trade, 37970.750, 161, P00, S13, 1
P00, Trade, 37975.231, 162, P00, B09, 1
P00, Trade, 37978.846, 174, P00, S13, 1
P00, Trade, 37985.269, 162, P00, B19, 1
P00, Trade, 37988.615, 158, P00, S10, 1
P00, Trade, 37992.288, 160, P00, B24, 1
P00, Trade, 37994.846, 163, P00, S02, 1
P00, Trade, 38000.269, 165, P00, B17, 1
P00, Trade, 38001.019, 164, P00, S15, 1
P00, Trade, 38005.096, 163, P00, B16, 1
P00, Trade, 38008.308, 157, P00, S16, 1
P00, Trade, 38012.750, 158, P00, B23, 1
P00, Trade, 38016.327, 158, P00, S18, 1
P00, Trade, 38026.923, 152, P00, B03, 1
P00, Trade, 38032.769, 158, P00, S17, 1
P00, Trade, 38036.231, 157, P00, B12, 1
P00, Trade, 38038.654, 156, P00, S03, 1
P00, Trade, 38040.904, 158, P00, B11, 1
P00, Trade, 38051.519, 157, P00, S20, 1
P00, Trade, 38054.288, 158, P00, B20, 1
P00, Trade, 38058.365, 158, P00, S24, 1
P00, Trade, 38059.635, 162, B21, P00, 1
P00, Trade, 38060.365, 160, P00, S08, 1
P00, Trade, 38062.423, 162, P00, B23, 1
P00, Trade, 38074.173, 163, P00, S19, 1
P00, Trade, 38084.769, 157, P00, B12, 1
P00, Trade, 38087.788, 168, P00, S06, 1
P00, Trade, 38100.077, 152, P00, B12, 1
P00, Trade, 38105.212, 153, P00, S15, 1
P00, Trade, 38112.615, 160, P00, B01, 1
P00, Trade, 38113.635, 159, P00, S07, 1
P00, Trade, 38118.923, 154, P00, B17, 1
P00, Trade, 38119.769, 153, P00, S10, 1
P00, Trade, 38124.019, 157, P00, B09, 1
P00, Trade, 38127.577, 155, P00, S23, 1
P00, Trade, 38129.019, 159, P00, B01, 1
P00, Trade, 38134.673, 157, P00, S04, 1
P00, Trade, 38138.000, 159, P00, B12, 1
P00, Trade, 38141.308, 157, P00, S15, 1
P00, Trade, 38143.827, 154, P00, B14, 1
P00, Trade, 38154.712, 157, P00, S09, 1
P00, Trade, 38161.038, 158, P00, B14, 1
P00, Trade, 38163.673, 157, P00, S19, 1
P00, Trade, 38166.000, 161, P00, B08, 1
P00, Trade, 38176.981, 157, P00, S04, 1
P00, Trade, 38185.808, 156, P00, B17, 1
P00, Trade, 38197.308, 161, P00, S16, 1
P00, Trade, 38198.731, 163, P00, B04, 1
P00, Trade, 38199.673, 163, P00, S03, 1
P00, Trade, 38204.654, 164, P00, B10, 1
P00, Trade, 38209.673, 166, P00, S00, 1
P00, Trade, 38218.500, 155, P00, B23, 1
P00, Trade, 38224.212, 158, P00, S24, 1
P00, Trade, 38232.288, 156, P00, B20, 1
P00, Trade, 38234.019, 157, P00, S09, 1
P00, Trade, 38236.923, 154, P00, B18, 1
P00, Trade, 38239.769, 154, P00, S17, 1
P00, Trade, 38249.673, 160, P00, B09, 1
P00, Trade, 38255.981, 158, P00, S04, 1
P00, Trade, 38260.481, 161, P00, B13, 1
P00, Trade, 38268.173, 158, P00, S02, 1
P00, Trade, 38272.673, 159, P00, B09, 1
P00, Trade, 38274.827, 159, P00, S06, 1
P00, Trade, 38277.308, 160, P00, B09, 1
P00, Trade, 38281.769, 161, P00, S16, 1
P00, Trade, 38286.096, 161, P00, B01, 1
P00, Trade, 38290.115, 155, P00, S18, 1
P00, Trade, 38292.692, 155, P00, B02, 1
P00, Trade, 38297.269, 159, P00, S23, 1
P00, Trade, 38297.788, 161, P00, B20, 1
P00, Trade, 38300.942, 162, P00, S22, 1
P00, Trade, 38307.923, 156, P00, B08, 1
P00, Trade, 38314.115, 159, P00, S14, 1
P00, Trade, 38318.154, 164, P00, B09, 1
P00, Trade, 38329.750, 159, P00, S10, 1
P00, Trade, 38334.269, 160, P00, B22, 1
P00, Trade, 38336.135, 158, P00, S03, 1
P00, Trade, 38338.885, 160, P00, B04, 1
P00, Trade, 38346.423, 156, P00, S16, 1
P00, Trade, 38349.058, 157, P00, B05, 1
P00, Trade, 38351.385, 155, P00, S00, 1
P00, Trade, 38352.596, 156, P00, B14, 1
P00, Trade, 38357.173, 155, P00, S15, 1
P00, Trade, 38360.000, 170, P00, B09, 1
P00, Trade, 38363.962, 165, P00, S15, 1
P00, Trade, 38374.173, 162, P00, B08, 1
P00, Trade, 38381.231, 161, P00, S23, 1
P00, Trade, 38395.923, 159, P00, B03, 1
P00, Trade, 38401.096, 154, P00, S01, 1
P00, Trade, 38404.500, 160, P00, B11, 1
P00, Trade, 38408.923, 152, P00, S10, 1
P00, Trade, 38413.423, 161, P00, B16, 1
P00, Trade, 38416.923, 158, P00, S20, 1
P00, Trade, 38419.904, 161, P00, B24, 1
P00, Trade, 38425.000, 162, P00, S10, 1
P00, Trade, 38429.096, 160, P00, B09, 1
P00, Trade, 38432.519, 163, P00, S15, 1
P00, Trade, 38437.423, 161, P00, B08, 1
P00, Trade, 38441.269, 157, P00, S22, 1
P00, Trade, 38447.096, 162, P00, B08, 1
P00, Trade, 38448.731, 172, P00, S17, 1
P00, Trade, 38455.769, 151, P00, B00, 1
P00, Trade, 38469.365, 159, P00, S05, 1
P00, Trade, 38475.904, 158, P00, B18, 1
P00, Trade, 38483.077, 157, P00, S15, 1
P00, Trade, 38489.846, 159, P00, B12, 1
P00, Trade, 38497.269, 158, P00, S18, 1
P00, Trade, 38501.808, 159, P00, B11, 1
P00, Trade, 38509.923, 158, P00, S17, 1
P00, Trade, 38517.288, 157, P00, B07, 1
P00, Trade, 38523.038, 156, P00, S10, 1
P00, Trade, 38529.500, 163, P00, B02, 1
P00, Trade, 38534.462, 161, P00, S07, 1
P00, Trade, 38536.654, 164, P00, B12, 1
P00, Trade, 38542.288, 158, P00, S09, 1
P00, Trade, 38545.981, 156, P00, B16, 1
P00, Trade, 38546.635, 153, P00, S07, 1
P00, Trade, 38552.731, 156, P00, B23, 1
P00, Trade, 38554.731, 155, P00, S10, 1
P00, Trade, 38564.865, 153, P00, B20, 1
P00, Trade, 38571.904, 152, P00, S00, 1
P00, Trade, 38577.327, 154, P00, B07, 1
P00, Trade, 38579.904, 153, P00, S11, 1
P00, Trade, 38582.577, 156, P00, B21, 1
P00, Trade, 38584.962, 155, P00, S15, 1
P00, Trade, 38587.577, 156, P00, B03, 1
P00, Trade, 38589.981, 155, P00, S10, 1
P00, Trade, 38592.808, 155, P00, B15, 1
P00, Trade, 38597.615, 158, P00, S07, 1
P00, Trade, 38610.519, 153, P00, B02, 1
P00, Trade, 38616.288, 158, P00, S02, 1
P00, Trade, 38617.288, 160, P00, B09, 1
P00, Trade, 38619.385, 155, P00, S00, 1
P00, Trade, 38621.885, 160, P00, B01, 1
P00, Trade, 38625.212, 158, P00, S04, 1
P00, Trade, 38627.962, 161, P00, B12, 1
P00, Trade, 38629.654, 157, P00, S15, 1
P00, Trade, 38631.404, 161, P00, B04, 1
P00, Trade, 38640.654, 164, P00, S17, 1
P00, Trade, 38644.135, 160, P00, B05, 1
P00, Trade, 38647.077, 155, P00, S15, 1
P00, Trade, 38649.692, 159, P00, B23, 1
P00, Trade, 38655.019, 156, P00, S15, 1
P00, Trade, 38662.173, 161, P00, B17, 1
P00, Trade, 38669.442, 161, P00, S19, 1
P00, Trade, 38675.115, 158, P00, B23, 1
P00, Trade, 38677.462, 157, P00, S24, 1
P00, Trade, 38681.404, 157, P00, B09, 1
P00, Trade, 38686.404, 153, P00, S01, 1
P00, Trade, 38691.538, 162, P00, B09, 1
P00, Trade, 38696.404, 159, P00, S03, 1
P00, Trade, 38698.519, 161, P00, B09, 1
P00, Trade, 38704.269, 162, P00, S12, 1
P00, Trade, 38716.865, 158, P00, B19, 1
P00, Trade, 38719.731, 157, P00, S06, 1
P00, Trade, 38728.769, 158, P00, B12, 1
P00, Trade, 38735.865, 160, P00, S17, 1
P00, Trade, 38739.692, 160, P00, B12, 1
P00, Trade, 38743.308, 161, P00, S07, 1
P00, Trade, 38754.635, 157, P00, B13, 1
P00, Trade, 38762.923, 156, P00, S10, 1
P00, Trade, 38767.538, 160, P00, B22, 1
P00, Trade, 38776.962, 154, P00, S00, 1
P00, Trade, 38786.500, 156, P00, B09, 1
P00, Trade, 38792.865, 158, S07, P00, 1
P00, Trade, 38794.654, 165, P00, B10, 1
P00, Trade, 38801.865, 158, P00, S19, 1
P00, Trade, 38809.577, 156, P00, B17, 1
P00, Trade, 38816.269, 157, P00, S18, 1
P00, Trade, 38819.846, 154, P00, B09, 1
P00, Trade, 38820.904, 152, P00, S16, 1
P00, Trade, 38822.885, 155, P00, B24, 1
P00, Trade, 38827.019, 160, P00, S09, 1
P00, Trade, 38830.596, 164, P00, B22, 1
P00, Trade, 38833.154, 162, P00, S11, 1
P00, Trade, 38846.385, 159, P00, B01, 1
P00, Trade, 38850.462, 159, P00, S15, 1
P00, Trade, 38857.077, 154, P00, B19, 1
P00, Trade, 38862.827, 151, P00, S05, 1
P00, Trade, 38866.365, 155, P00, B13, 1
P00, Trade, 38873.038, 162, P00, S17, 1
P00, Trade, 38876.173, 161, P00, B03, 1
P00, Trade, 38876.885, 159, P00, S10, 1
P00, Trade, 38881.981, 161, P00, B12, 1
P00, Trade, 38887.538, 158, P00, S00, 1
P00, Trade, 38893.962, 161, P00, B18, 1
P00, Trade, 38895.058, 157, P00, S09, 1
P00, Trade, 38902.731, 154, P00, B01, 1
P00, Trade, 38904.769, 153, P00, S00, 1
P00, Trade, 38909.500, 153, P00, B00, 1
P00, Trade, 38914.615, 155, P00, S13, 1
P00, Trade, 38916.904, 158, P00, B18, 1
P00, Trade, 38922.500, 153, P00, S18, 1
P00, Trade, 38935.038, 155, P00, B20, 1
P00, Trade, 38940.135, 154, P00, S13, 1
P00, Trade, 38944.577, 154, P00, B07, 1
P00, Trade, 38946.192, 151, P00, S03, 1
P00, Trade, 38952.231, 150, P00, B02, 1
P00, Trade, 38953.038, 149, P00, S18, 1
P00, Trade, 38953.731, 153, P00, B09, 1
P00, Trade, 38960.212, 172, P00, S15, 1
P00, Trade, 38967.692, 156, P00, B00, 1
P00, Trade, 38973.365, 153, P00, S06, 1
P00, Trade, 38975.212, 156, P00, B08, 1
P00, Trade, 38982.615, 156, P00, S21, 1
P00, Trade, 38987.462, 156, P00, B01, 1
P00, Trade, 38991.519, 159, P00, S02, 1
P00, Trade, 38998.404, 151, P00, B13, 1
P00, Trade, 39000.269, 151, P00, S17, 1
P00, Trade, 39002.442, 157, P00, B22, 1
P00, Trade, 39007.865, 156, P00, S14, 1
P00, Trade, 39011.519, 157, P00, B12, 1
P00, Trade, 39015.173, 153, P00, S06, 1
P00, Trade, 39018.442, 154, P00, B18, 1
P00, Trade, 39020.212, 152, P00, S13, 1
P00, Trade, 39024.769, 155, P00, B07, 1
P00, Trade, 39028.538, 161, P00, S01, 1
P00, Trade, 39033.519, 158, P00, B12, 1
P00, Trade, 39036.423, 152, P00, S20, 1
P00, Trade, 39042.673, 156, P00, B09, 1
P00, Trade, 39048.827, 152, P00, S13, 1
P00, Trade, 39053.865, 160, P00, B08, 1
P00, Trade, 39059.615, 154, P00, S17, 1
P00, Trade, 39069.038, 157, P00, B19, 1
P00, Trade, 39077.577, 158, P00, S19, 1
P00, Trade, 39078.404, 160, P00, B07, 1
P00, Trade, 39079.885, 158, P00, S01, 1
P00, Trade, 39087.000, 155, P00, B15, 1
P00, Trade, 39089.404, 154, P00, S08, 1
P00, Trade, 39094.673, 154, P00, B10, 1
P00, Trade, 39102.019, 153, P00, S10, 1
P00, Trade, 39104.615, 153, B17, P00, 1
P00, Trade, 39109.269, 153, P00, S17, 1
P00, Trade, 39113.500, 155, P00, B05, 1
P00, Trade, 39118.385, 151, P00, S01, 1
P00, Trade, 39121.827, 153, P00, B08, 1
P00, Trade, 39128.077, 169, P00, S02, 1
P00, Trade, 39136.423, 161, P00, B16, 1
P00, Trade, 39141.500, 157, P00, S17, 1
P00, Trade, 39150.288, 151, P00, B12, 1
P00, Trade, 39155.942, 149, P00, S03, 1
P00, Trade, 39165.462, 154, P00, B14, 1
P00, Trade, 39176.558, 156, P00, S00, 1
P00, Trade, 39179.192, 157, P00, B13, 1
P00, Trade, 39182.981, 154, P00, S21, 1
P00, Trade, 39185.058, 157, P00, B09, 1
P00, Trade, 39191.038, 153, P00, S13, 1
P00, Trade, 39193.923, 155, P00, B20, 1
P00, Trade, 39199.077, 152, P00, S19, 1
P00, Trade, 39204.288, 155, P00, B16, 1
P00, Trade, 39211.154, 157, P00, S08, 1
P00, Trade, 39217.096, 158, P00, B20, 1
P00, Trade, 39229.019, 159, P00, S06, 1
P00, Trade, 39236.750, 156, P00, B17, 1
P00, Trade, 39242.673, 153, P00, S22, 1
P00, Trade, 39246.712, 155, P00, B09, 1
P00, Trade, 39250.269, 152, P00, S14, 1
P00, Trade, 39254.288, 152, P00, B12, 1
P00, Trade, 39256.442, 152, P00, S15, 1
P00, Trade, 39263.462, 158, P00, B24, 1
P00, Trade, 39271.058, 159, P00, S04, 1
P00, Trade, 39273.519, 159, P00, B17, 1
P00, Trade, 39275.519, 156, P00, S21, 1
P00, Trade, 39280.673, 156, P00, B12, 1
P00, Trade, 39284.808, 152, P00, S16, 1
P00, Trade, 39293.692, 154, P00, B08, 1
P00, Trade, 39299.635, 159, P00, S04, 1
P00, Trade, 39304.808, 158, P00, B09, 1
P00, Trade, 39308.865, 157, P00, S07, 1
P00, Trade, 39317.115, 159, P00, B24, 1
P00, Trade, 39323.212, 155, P00, S07, 1
P00, Trade, 39328.346, 155, P00, B11, 1
P00, Trade, 39329.673, 152, P00, S00, 1
P00, Trade, 39333.635, 152, P00, B01, 1
P00, Trade, 39338.750, 157, P00, S11, 1
P00, Trade, 39346.038, 160, P00, B16, 1
P00, Trade, 39349.385, 157, P00, S20, 1
P00, Trade, 39352.365, 158, P00, B12, 1
P00, Trade, 39358.000, 158, P00, S19, 1
P00, Trade, 39372.365, 155, B06, P00, 1
P00, Trade, 39374.500, 153, P00, S22, 1
P00, Trade, 39378.788, 157, P00, B05, 1
P00, Trade, 39381.981, 157, P00, S11, 1
P00, Trade, 39387.288, 157, P00, B24, 1
P00, Trade, 39391.808, 156, P00, S14, 1
P00, Trade, 39396.788, 155, P00, B18, 1
P00, Trade, 39401.346, 158, P00, S18, 1
P00, Trade, 39408.019, 158, P00, B16, 1
P00, Trade, 39419.577, 163, P00, S12, 1
P00, Trade, 39426.269, 158, P00, B07, 1
P00, Trade, 39437.558, 157, P00, S02, 1
P00, Trade, 39441.788, 157, P00, B20, 1
P00, Trade, 39443.731, 155, P00, S00, 1
P00, Trade, 39446.231, 156, P00, B04, 1
P00, Trade, 39453.231, 161, P00, S18, 1
P00, Trade, 39457.442, 159, P00, B11, 1
P00, Trade, 39461.250, 156, P00, S00, 1
P00, Trade, 39464.692, 158, P00, B08, 1
P00, Trade, 39467.212, 155, P00, S06, 1
P00, Trade, 39474.000, 156, P00, B11, 1
P00, Trade, 39478.923, 154, P00, S20, 1
P00, Trade, 39485.077, 159, P00, B08, 1
P00, Trade, 39486.308, 157, P00, S07, 1
P00, Trade, 39487.808, 161, P00, B21, 1
P00, Trade, 39490.808, 156, P00, S04, 1
P00, Trade, 39498.981, 156, P00, B09, 1
P00, Trade, 39505.308, 155, P00, S18, 1
P00, Trade, 39512.019, 158, P00, B17, 1
P00, Trade, 39518.654, 159, P00, S00, 1
P00, Trade, 39528.654, 157, P00, B17, 1
P00, Trade, 39531.519, 162, P00, S17, 1
P00, Trade, 39551.942, 165, P00, B16, 1
P00, Trade, 39553.808, 155, P00, S10, 1
P00, Trade, 39562.481, 164, P00, B00, 1
P00, Trade, 39568.404, 162, P00, S15, 1
P00, Trade, 39588.865, 159, P00, B00, 1
P00, Trade, 39592.750, 154, P00, S15, 1
P00, Trade, 39597.154, 159, P00, B01, 1
P00, Trade, 39603.769, 154, P00, S00, 1
P00, Trade, 39605.596, 161, P00, B22, 1
P00, Trade, 39606.558, 158, P00, S19, 1
P00, Trade, 39609.308, 163, P00, B11, 1
P00, Trade, 39616.692, 157, P00, S22, 1
P00, Trade, 39618.385, 162, P00, B08, 1
P00, Trade, 39624.269, 161, P00, S18, 1
P00, Trade, 39629.192, 162, P00, B16, 1
P00, Trade, 39632.115, 162, P00, S14, 1
P00, Trade, 39635.923, 160, P00, B00, 1
P00, Trade, 39640.385, 154, P00, S17, 1
P00, Trade, 39644.000, 151, P00, B09, 1
P00, Trade, 39647.135, 156, P00, S06, 1
P00, Trade, 39653.635, 158, P00, B09, 1
P00, Trade, 39661.019, 153, P00, S21, 1
P00, Trade, 39665.904, 157, P00, B20, 1
P00, Trade, 39674.077, 160, P00, S16, 1
P00, Trade, 39676.865, 161, P00, B00, 1
P00, Trade, 39678.000, 157, P00, S00, 1
P00, Trade, 39684.519, 157, P00, B20, 1
P00, Trade, 39688.115, 159, P00, S10, 1
P00, Trade, 39692.423, 161, P00, B10, 1
P00, Trade, 39694.462, 157, P00, S14, 1
P00, Trade, 39704.558, 152, P00, B09, 1
P00, Trade, 39712.981, 152, P00, S20, 1
P00, Trade, 39718.250, 153, P00, B20, 1
P00, Trade, 39720.769, 150, P00, S22, 1
P00, Trade, 39729.750, 159, P00, B21, 1
P00, Trade, 39732.481, 156, P00, S17, 1
P00, Trade, 39734.308, 161, P00, B23, 1
P00, Trade, 39743.135, 162, P00, S12, 1
P00, Trade, 39746.692, 156, P00, B10, 1
P00, Trade, 39751.231, 155, P00, S10, 1
P00, Trade, 39753.788, 158, P00, B19, 1
P00, Trade, 39759.346, 154, P00, S04, 1
P00, Trade, 39766.135, 155, P00, B13, 1
P00, Trade, 39773.558, 157, P00, S17, 1
P00, Trade, 39774.692, 158, P00, B12, 1
P00, Trade, 39776.692, 160, P00, S19, 1
P00, Trade, 39778.865, 161, P00, B24, 1
P00, Trade, 39781.327, 158, P00, S23, 1
P00, Trade, 39785.788, 164, P00, B12, 1
P00, Trade, 39793.231, 153, P00, S10, 1
P00, Trade, 39796.000, 154, P00, B10, 1
P00, Trade, 39798.942, 151, P00, S15, 1
P00, Trade, 39806.096, 160, P00, B07, 1
P00, Trade, 39816.019, 157, P00, S12, 1
P00, Trade, 39820.019, 158, P00, B02, 1
P00, Trade, 39823.769, 157, P00, S18, 1
P00, Trade, 39824.769, 159, P00, B17, 1
P00, Trade, 39833.673, 157, P00, S07, 1
P00, Trade, 39835.154, 162, P00, B01, 1
P00, Trade, 39840.808, 161, P00, S22, 1
P00, Trade, 39850.269, 162, P00, B23, 1
P00, Trade, 39856.385, 158, P00, S05, 1
P00, Trade, 39861.615, 158, P00, B18, 1
P00, Trade, 39868.615, 159, P00, S00, 1
P00, Trade, 39872.288, 161, P00, B13, 1
P00, Trade, 39882.019, 159, P00, S02, 1
P00, Trade, 39889.615, 157, P00, B01, 1
P00, Trade, 39891.865, 153, P00, S12, 1
P00, Trade, 39893.519, 154, P00, B09, 1
P00, Trade, 39899.519, 151, P00, S03, 1
P00, Trade, 39901.538, 155, P00, B03, 1
P00, Trade, 39909.500, 156, P00, S22, 1
P00, Trade, 39910.442, 158, P00, B02, 1
P00, Trade, 39911.577, 153, P00, S15, 1
P00, Trade, 39915.673, 155, P00, B24, 1
P00, Trade, 39916.500, 154, P00, S14, 1
P00, Trade, 39924.577, 153, P00, B09, 1
P00, Trade, 39930.481, 156, P00, S17, 1
P00, Trade, 39937.154, 156, P00, B02, 1
P00, Trade, 39941.769, 161, P00, S09, 1
P00, Trade, 39949.404, 155, P00, B00, 1
P00, Trade, 39958.192, 158, P00, S23, 1
P00, Trade, 39963.942, 158, P00, B01, 1
P00, Trade, 39966.981, 157, P00, S08, 1
P00, Trade, 39973.904, 159, P00, B18, 1
P00, Trade, 39983.500, 158, P00, S15, 1
P00, Trade, 39987.000, 161, P00, B18, 1
P00, Trade, 39991.885, 158, P00, S04, 1
P00, Trade, 39996.000, 162, P00, B12, 1
P00, Trade, 39999.673, 158, P00, S20, 1
P00, Trade, 40000.538, 159, P00, B05, 1
P00, Trade, 40005.058, 156, P00, S08, 1
P00, Trade, 40006.712, 157, P00, B00, 1
P00, Trade, 40012.346, 157, P00, S16, 1
P00, Trade, 40014.538, 158, P00, B22, 1
P00, Trade, 40021.808, 157, P00, S06, 1
P00, Trade, 40028.212, 165, P00, B16, 1
P00, Trade, 40030.404, 158, P00, S04, 1
P00, Trade, 40035.173, 162, P00, B05, 1
P00, Trade, 40036.596, 160, P00, S11, 1
P00, Trade, 40043.942, 158, P00, B17, 1
P00, Trade, 40045.269, 152, P00, S22, 1
P00, Trade, 40057.000, 156, P00, B21, 1
P00, Trade, 40057.942, 153, P00, S18, 1
P00, Trade, 40061.577, 153, P00, B15, 1
P00, Trade, 40065.635, 156, P00, S21, 1
P00, Trade, 40073.923, 158, P00, B05, 1
P00, Trade, 40080.865, 158, P00, S11, 1
P00, Trade, 40084.904, 155, P00, B10, 1
P00, Trade, 40090.615, 157, P00, S04, 1
P00, Trade, 40098.962, 159, P00, B17, 1
P00, Trade, 40102.154, 157, P00, S19, 1
P00, Trade, 40108.231, 153, P00, B20, 1
P00, Trade, 40110.788, 151, P00, S14, 1
P00, Trade, 40113.923, 151, P00, B00, 1
P00, Trade, 40120.750, 151, P00, S09, 1
P00, Trade, 40124.346, 150, P00, B12, 1
P00, Trade, 40130.250, 156, P00, S22, 1
P00, Trade, 40140.904, 158, P00, B04, 1
P00, Trade, 40141.942, 157, P00, S10, 1
P00, Trade, 40145.423, 157, P00, B01, 1
P00, Trade, 40147.288, 155, P00, S20, 1
P00, Trade, 40149.615, 157, P00, B21, 1
P00, Trade, 40153.615, 156, P00, S19, 1
P00, Trade, 40157.308, 157, P00, B00, 1
P00, Trade, 40164.019, 158, P00, S15, 1
P00, Trade, 40171.750, 157, P00, B01, 1
P00, Trade, 40180.558, 149, P00, S20, 1
P00, Trade, 40182.538, 153, P00, B17, 1
P00, Trade, 40187.519, 150, P00, S14, 1
P00, Trade, 40193.346, 152, P00, B02, 1
P00, Trade, 40197.596, 153, P00, S09, 1
P00, Trade, 40198.712, 161, P00, B12, 1
P00, Trade, 40208.827, 157, P00, S15, 1
P00, Trade, 40222.038, 156, P00, B23, 1
P00, Trade, 40227.212, 153, S16, P00, 1
P00, Trade, 40231.288, 155, P00, B07, 1
P00, Trade, 40231.692, 151, P00, S10, 1
P00, Trade, 40236.827, 157, P00, B00, 1
P00, Trade, 40243.173, 159, P00, S16, 1
P00, Trade, 40246.962, 160, P00, B06, 1
P00, Trade, 40250.712, 156, P00, S22, 1
P00, Trade, 40259.269, 158, P00, B19, 1
P00, Trade, 40261.846, 156, P00, S14, 1
P00, Trade, 40274.135, 155, P00, B13, 1
P00, Trade, 40281.538, 158, P00, S11, 1
P00, Trade, 40292.827, 151, P00, B18, 1
P00, Trade, 40299.615, 156, P00, S10, 1
P00, Trade, 40304.596, 160, B00, P00, 1
P00, Trade, 40306.615, 156, P00, S17, 1
P00, Trade, 40312.385, 159, P00, B03, 1
P00, Trade, 40319.712, 159, P00, S09, 1
P00, Trade, 40328.731, 151, P00, B07, 1
P00, Trade, 40338.923, 151, P00, S17, 1
P00, Trade, 40347.231, 157, P00, B09, 1
P00, Trade, 40354.692, 151, P00, S04, 1
P00, Trade, 40367.135, 152, P00, B09, 1
P00, Trade, 40370.096, 153, P00, S11, 1
P00, Trade, 40376.615, 156, P00, B06, 1
P00, Trade, 40381.154, 159, P00, S02, 1
P00, Trade, 40400.173, 155, B21, P00, 1
P00, Trade, 40401.154, 153, P00, S00, 1
P00, Trade, 40407.135, 157, P00, B12, 1
P00, Trade, 40409.212, 147, P00, S22, 1
P00, Trade, 40417.712, 157, P00, B19, 1
P00, Trade, 40421.154, 152, P00, S09, 1
P00, Trade, 40429.712, 155, P00, B20, 1
P00, Trade, 40432.481, 151, P00, S13, 1
P00, Trade, 40438.635, 153, P00, B18, 1
P00, Trade, 40440.942, 157, P00, S01, 1
P00, Trade, 40441.558, 161, P00, B08, 1
P00, Trade, 40447.250, 151, P00, S22, 1
P00, Trade, 40452.942, 162, B05, P00, 1
P00, Trade, 40455.385, 160, P00, S12, 1
P00, Trade, 40469.096, 156, P00, B14, 1
P00, Trade, 40475.962, 153, P00, S04, 1
P00, Trade, 40480.788, 154, P00, B22, 1
P00, Trade, 40487.212, 156, P00, S05, 1
P00, Trade, 40490.904, 156, P00, B23, 1
P00, Trade, 40495.115, 153, P00, S01, 1
P00, Trade, 40500.692, 157, P00, B20, 1
P00, Trade, 40506.288, 155, P00, S22, 1
P00, Trade, 40512.596, 151, P00, B23, 1
P00, Trade, 40522.404, 154, P00, S22, 1
P00, Trade, 40535.365, 150, P00, B05, 1
P00, Trade, 40543.212, 153, P00, S07, 1
P00, Trade, 40543.731, 154, P00, B08, 1
P00, Trade, 40550.923, 153, P00, S15, 1
P00, Trade, 40566.500, 156, P00, B01, 1
P00, Trade, 40572.462, 155, P00, S07, 1
P00, Trade, 40574.731, 157, P00, B10, 1
P00, Trade, 40575.712, 151, P00, S20, 1
P00, Trade, 40585.846, 160, P00, B16, 1
P00, Trade, 40589.692, 151, P00, S04, 1
P00, Trade, 40601.885, 149, P00, B09, 1
P00, Trade, 40610.500, 150, P00, S00, 1
P00, Trade, 40613.442, 157, P00, B07, 1
P00, Trade, 40619.000, 159, P00, S02, 1
P00, Trade, 40626.885, 154, P00, B03, 1
P00, Trade, 40632.481, 150, P00, S05, 1
P00, Trade, 40634.462, 151, P00, B09, 1
P00, Trade, 40641.750, 149, P00, S20, 1
P00, Trade, 40644.462, 149, P00, B13, 1
P00, Trade, 40647.750, 146, P00, S10, 1
P00, Trade, 40653.423, 149, P00, B12, 1
P00, Trade, 40660.327, 158, P00, S14, 1
P00, Trade, 40664.365, 160, P00, B16, 1
P00, Trade, 40668.923, 157, P00, S07, 1
P00, Trade, 40677.077, 147, P00, B12, 1
P00, Trade, 40681.712, 145, P00, S04, 1
P00, Trade, 40682.827, 149, P00, B05, 1
P00, Trade, 40691.288, 156, P00, S16, 1
P00, Trade, 40699.269, 157, P00, B24, 1
P00, Trade, 40701.327, 154, P00, S18, 1
P00, Trade, 40704.827, 157, P00, B23, 1
P00, Trade, 40706.154, 157, P00, S07, 1
P00, Trade, 40714.462, 156, P00, B16, 1
P00, Trade, 40715.923, 163, P00, S17, 1
P00, Trade, 40721.000, 160, P00, B22, 1
P00, Trade, 40725.635, 155, P00, S00, 1
P00, Trade, 40728.481, 155, P00, B07, 1
P00, Trade, 40732.212, 152, P00, S08, 1
P00, Trade, 40735.423, 153, P00, B22, 1
P00, Trade, 40739.346, 156, P00, S24, 1
P00, Trade, 40746.673, 156, P00, B03, 1
P00, Trade, 40750.404, 154, P00, S02, 1
P00, Trade, 40750.962, 156, P00, B10, 1
P00, Trade, 40756.442, 151, P00, S14, 1
P00, Trade, 40758.038, 153, P00, B21, 1
P00, Trade, 40764.942, 151, P00, S18, 1
P00, Trade, 40767.269, 153, P00, B05, 1
P00, Trade, 40772.154, 155, P00, S10, 1
P00, Trade, 40776.981, 163, P00, B08, 1
P00, Trade, 40783.615, 154, P00, S04, 1
P00, Trade, 40787.135, 156, P00, B02, 1
P00, Trade, 40788.327, 154, P00, S06, 1
P00, Trade, 40795.731, 159, P00, B11, 1
P00, Trade, 40805.577, 161, P00, S05, 1
P00, Trade, 40812.404, 158, P00, B11, 1
P00, Trade, 40818.135, 157, P00, S04, 1
P00, Trade, 40829.962, 158, P00, B00, 1
P00, Trade, 40836.154, 154, P00, S16, 1
P00, Trade, 40843.173, 163, P00, B09, 1
P00, Trade, 40847.250, 152, P00, S09, 1
P00, Trade, 40851.096, 155, P00, B09, 1
P00, Trade, 40857.442, 157, P00, S17, 1
P00, Trade, 40862.635, 160, P00, B04, 1
P00, Trade, 40865.385, 157, P00, S23, 1
P00, Trade, 40884.077, 158, P00, B07, 1
P00, Trade, 40888.788, 152, P00, S04, 1
P00, Trade, 40889.615, 157, P00, B09, 1
P00, Trade, 40899.615, 156, P00, S07, 1
P00, Trade, 40905.077, 160, P00, B09, 1
P00, Trade, 40909.865, 158, P00, S19, 1
P00, Trade, 40920.558, 154, P00, B24, 1
P00, Trade, 40922.615, 151, P00, S22, 1
P00, Trade, 40924.173, 156, P00, B02, 1
P00, Trade, 40926.712, 152, P00, S00, 1
P00, Trade, 40933.538, 152, P00, B13, 1
P00, Trade, 40938.173, 158, P00, S13, 1
P00, Trade, 40941.346, 158, P00, B17, 1
P00, Trade, 40950.019, 156, P00, S17, 1
P00, Trade, 40953.654, 153, P00, B23, 1
P00, Trade, 40960.308, 157, P00, S03, 1
P00, Trade, 40966.519, 155, P00, B13, 1
P00, Trade, 40972.942, 154, P00, S08, 1
P00, Trade, 40977.654, 157, P00, B16, 1
P00, Trade, 40979.846, 154, P00, S01, 1
P00, Trade, 40986.558, 156, P00, B09, 1
P00, Trade, 40991.519, 150, P00, S02, 1
P00, Trade, 40994.558, 158, P00, B00, 1
P00, Trade, 41007.250, 162, P00, S00, 1
P00, Trade, 41015.250, 157, P00, B13, 1
P00, Trade, 41023.769, 154, P00, S13, 1
P00, Trade, 41036.981, 153, B04, P00, 1
P00, Trade, 41043.481, 162, P00, S03, 1
P00, Trade, 41050.327, 156, P00, B08, 1
P00, Trade, 41059.462, 160, P00, S07, 1
P00, Trade, 41072.865, 155, P00, B03, 1
P00, Trade, 41081.404, 151, P00, S02, 1
P00, Trade, 41083.519, 155, P00, B11, 1
P00, Trade, 41094.885, 154, P00, S04, 1
P00, Trade, 41100.462, 158, P00, B01, 1
P00, Trade, 41106.577, 155, P00, S20, 1
P00, Trade, 41113.808, 153, P00, B11, 1
P00, Trade, 41119.231, 151, P00, S17, 1
P00, Trade, 41123.154, 157, P00, B22, 1
P00, Trade, 41132.577, 147, P00, S01, 1
P00, Trade, 41138.250, 159, P00, B09, 1
P00, Trade, 41144.077, 158, P00, S04, 1
P00, Trade, 41150.500, 157, P00, B01, 1
P00, Trade, 41160.519, 154, P00, S18, 1
P00, Trade, 41168.712, 153, P00, B12, 1
P00, Trade, 41169.846, 152, P00, S08, 1
P00, Trade, 41176.365, 161, P00, B07, 1
P00, Trade, 41184.365, 160, P00, S06, 1
P00, Trade, 41193.173, 160, P00, B18, 1
P00, Trade, 41199.942, 155, P00, S07, 1
P00, Trade, 41203.173, 156, P00, B16, 1
P00, Trade, 41210.577, 154, P00, S17, 1
P00, Trade, 41212.538, 157, P00, B03, 1
P00, Trade, 41213.615, 160, P00, S11, 1
P00, Trade, 41214.769, 162, P00, B01, 1
P00, Trade, 41218.904, 161, P00, S01, 1
P00, Trade, 41220.692, 165, P00, B01, 1
P00, Trade, 41224.269, 162, P00, S10, 1
P00, Trade, 41231.212, 154, P00, B09, 1
P00, Trade, 41232.212, 151, P00, S18, 1
P00, Trade, 41236.308, 149, P00, B21, 1
P00, Trade, 41239.192, 150, P00, S09, 1
P00, Trade, 41249.942, 158, P00, B18, 1
P00, Trade, 41255.231, 149, P00, S21, 1
P00, Trade, 41257.058, 151, P00, B12, 1
P00, Trade, 41257.404, 150, P00, S09, 1
P00, Trade, 41259.404, 155, P00, B02, 1
P00, Trade, 41262.808, 158, P00, S15, 1
P00, Trade, 41267.750, 158, P00, B21, 1
P00, Trade, 41270.192, 156, P00, S00, 1
P00, Trade, 41275.808, 156, P00, B10, 1
P00, Trade, 41283.423, 151, P00, S10, 1
P00, Trade, 41285.942, 155, P00, B15, 1
P00, Trade, 41289.250, 156, P00, S01, 1
P00, Trade, 41298.038, 160, P00, B22, 1
P00, Trade, 41301.904, 156, P00, S13, 1
P00, Trade, 41304.019, 157, P00, B08, 1
P00, Trade, 41305.404, 153, P00, S05, 1
P00, Trade, 41307.846, 156, P00, B00, 1
P00, Trade, 41312.769, 159, P00, S02, 1
P00, Trade, 41319.865, 155, P00, B19, 1
P00, Trade, 41323.115, 151, P00, S07, 1
P00, Trade, 41325.923, 153, P00, B22, 1
P00, Trade, 41332.000, 149, P00, S00, 1
P00, Trade, 41336.346, 150, P00, B05, 1
P00, Trade, 41340.885, 154, P00, S02, 1
P00, Trade, 41341.731, 156, P00, B10, 1
P00, Trade, 41346.712, 159, P00, S12, 1
P00, Trade, 41350.788, 158, P00, B07, 1
P00, Trade, 41353.558, 155, P00, S13, 1
P00, Trade, 41354.981, 156, P00, B12, 1
P00, Trade, 41367.019, 153, P00, S00, 1
P00, Trade, 41369.750, 156, P00, B10, 1
P00, Trade, 41371.942, 154, P00, S03, 1
P00, Trade, 41374.769, 154, P00, B24, 1
P00, Trade, 41376.404, 152, P00, S09, 1
P00, Trade, 41381.519, 160, P00, B09, 1
P00, Trade, 41387.962, 156, P00, S16, 1
P00, Trade, 41397.923, 153, P00, B10, 1
P00, Trade, 41404.981, 152, P00, S04, 1
P00, Trade, 41415.212, 161, P00, B12, 1
P00, Trade, 41417.173, 159, P00, S00, 1
P00, Trade, 41418.981, 163, P00, B20, 1
P00, Trade, 41421.308, 155, S10, P00, 1
P00, Trade, 41427.962, 160, P00, B04, 1
P00, Trade, 41431.673, 156, P00, S00, 1
P00, Trade, 41442.962, 160, P00, B10, 1
P00, Trade, 41448.135, 155, P00, S06, 1
P00, Trade, 41456.827, 156, P00, B19, 1
P00, Trade, 41461.000, 153, P00, S04, 1
P00, Trade, 41463.538, 156, P00, B17, 1
P00, Trade, 41466.212, 153, P00, S05, 1
P00, Trade, 41470.692, 152, P00, B12, 1
P00, Trade, 41473.038, 152, P00, S10, 1
P00, Trade, 41478.885, 152, P00, B20, 1
P00, Trade, 41486.077, 155, P00, S00, 1
P00, Trade, 41487.481, 158, P00, B09, 1
P00, Trade, 41490.981, 158, P00, S08, 1
P00, Trade, 41498.577, 156, P00, B14, 1
P00, Trade, 41503.692, 150, P00, S24, 1
P00, Trade, 41506.481, 153, P00, B01, 1
P00, Trade, 41510.077, 157, P00, S11, 1
P00, Trade, 41514.288, 157, P00, B12, 1
P00, Trade, 41521.538, 152, P00, S19, 1
P00, Trade, 41527.635, 153, P00, B12, 1
P00, Trade, 41537.635, 158, P00, S07, 1
P00, Trade, 41539.500, 158, P00, B15, 1
P00, Trade, 41546.865, 154, P00, S24, 1
P00, Trade, 41564.519, 152, P00, B10, 1
P00, Trade, 41574.712, 153, P00, S12, 1
P00, Trade, 41577.673, 154, P00, B06, 1
P00, Trade, 41585.096, 155, P00, S24, 1
P00, Trade, 41585.981, 157, P00, B20, 1
P00, Trade, 41594.942, 153, P00, S02, 1
P00, Trade, 41598.000, 153, P00, B23, 1
P00, Trade, 41600.135, 156, P00, S06, 1
P00, Trade, 41603.096, 160, P00, B06, 1
P00, Trade, 41607.673, 150, P00, S04, 1
P00, Trade, 41612.654, 164, P00, B08, 1
P00, Trade, 41618.846, 162, S00, P00, 1
P00, Trade, 41630.135, 158, P00, B23, 1
P00, Trade, 41633.577, 157, P00, S14, 1
P00, Trade, 41637.212, 158, P00, B19, 1
P00, Trade, 41644.038, 156, P00, S10, 1
P00, Trade, 41651.154, 157, P00, B12, 1
P00, Trade, 41660.981, 157, P00, S13, 1
P00, Trade, 41662.962, 158, P00, B03, 1
P00, Trade, 41669.519, 155, P00, S06, 1
P00, Trade, 41675.577, 156, P00, B18, 1
P00, Trade, 41681.731, 156, P00, S20, 1
P00, Trade, 41692.981, 153, P00, B12, 1
P00, Trade, 41696.038, 150, P00, S24, 1
P00, Trade, 41699.231, 156, P00, B22, 1
P00, Trade, 41707.000, 160, P00, S09, 1
P00, Trade, 41721.673, 153, P00, B02, 1
P00, Trade, 41728.673, 153, P00, S00, 1
P00, Trade, 41735.154, 167, P00, B08, 1
P00, Trade, 41737.577, 163, P00, S17, 1
P00, Trade, 41744.904, 152, P00, B10, 1
P00, Trade, 41748.192, 151, P00, S07, 1
P00, Trade, 41753.019, 152, P00, B08, 1
P00, Trade, 41757.442, 156, P00, S01, 1
P00, Trade, 41763.308, 157, P00, B23, 1
P00, Trade, 41768.115, 158, P00, S20, 1
P00, Trade, 41772.115, 162, P00, B19, 1
P00, Trade, 41774.019, 158, P00, S09, 1
P00, Trade, 41775.885, 158, P00, B20, 1
P00, Trade, 41777.692, 155, P00, S15, 1
P00, Trade, 41782.596, 157, P00, B16, 1
P00, Trade, 41783.154, 154, P00, S15, 1
P00, Trade, 41786.577, 152, P00, B14, 1
P00, Trade, 41788.692, 149, P00, S00, 1
P00, Trade, 41797.154, 157, P00, B11, 1
P00, Trade, 41798.385, 157, P00, S17, 1
P00, Trade, 41802.615, 159, P00, B20, 1
P00, Trade, 41803.442, 157, P00, S03, 1
P00, Trade, 41811.827, 158, P00, B08, 1
P00, Trade, 41814.019, 158, P00, S17, 1
P00, Trade, 41816.904, 159, P00, B14, 1
P00, Trade, 41829.346, 155, P00, S11, 1
P00, Trade, 41834.712, 159, P00, B23, 1
P00, Trade, 41836.596, 154, P00, S13, 1
P00, Trade, 41840.827, 154, P00, B00, 1
P00, Trade, 41855.615, 162, P00, S20, 1
P00, Trade, 41859.731, 163, P00, B19, 1
P00, Trade, 41874.654, 162, P00, S04, 1
P00, Trade, 41880.269, 167, P00, B12, 1
P00, Trade, 41881.365, 165, P00, S09, 1
P00, Trade, 41889.577, 164, P00, B23, 1
P00, Trade, 41893.135, 160, P00, S07, 1
P00, Trade, 41900.827, 161, P00, B12, 1
P00, Trade, 41904.231, 153, P00, S20, 1
P00, Trade, 41907.385, 157, P00, B09, 1
P00, Trade, 41909.308, 158, P00, S21, 1
P00, Trade, 41916.981, 162, P00, B00, 1
P00, Trade, 41919.923, 160, P00, S10, 1
P00, Trade, 41922.404, 164, P00, B24, 1
P00, Trade, 41926.385, 162, P00, S22, 1
P00, Trade, 41936.115, 163, P00, B08, 1
P00, Trade, 41939.288, 158, P00, S04, 1
P00, Trade, 41957.442, 159, P00, B20, 1
P00, Trade, 41960.538, 151, P00, S16, 1
P00, Trade, 41964.827, 157, P00, B09, 1
P00, Trade, 41969.404, 156, P00, S23, 1
P00, Trade, 41976.058, 146, P00, B24, 1
P00, Trade, 41980.135, 151, P00, S19, 1
P00, Trade, 41985.519, 154, P00, B08, 1
P00, Trade, 41988.019, 152, P00, S04, 1
P00, Trade, 41993.750, 153, P00, B13, 1
P00, Trade, 42000.481, 156, P00, S13, 1
P00, Trade, 42015.019, 156, P00, B03, 1
P00, Trade, 42018.808, 155, P00, S10, 1
P00, Trade, 42023.519, 156, P00, B18, 1
P00, Trade, 42030.288, 158, P00, S14, 1
P00, Trade, 42038.077, 154, P00, B06, 1
P00, Trade, 42045.788, 156, P00, S12, 1
P00, Trade, 42052.000, 157, P00, B06, 1
P00, Trade, 42061.327, 162, P00, S12, 1
P00, Trade, 42067.077, 163, P00, B01, 1
P00, Trade, 42073.077, 156, P00, S21, 1
P00, Trade, 42082.192, 162, P00, B01, 1
P00, Trade, 42083.154, 160, P00, S12, 1
P00, Trade, 42095.250, 161, P00, B09, 1
P00, Trade, 42103.596, 153, P00, S07, 1
P00, Trade, 42107.577, 156, P00, B23, 1
P00, Trade, 42112.385, 154, P00, S16, 1
P00, Trade, 42115.923, 163, P00, B19, 1
P00, Trade, 42119.923, 163, P00, S20, 1
P00, Trade, 42122.596, 165, P00, B20, 1
P00, Trade, 42124.365, 158, P00, S18, 1
P00, Trade, 42132.077, 157, P00, B20, 1
P00, Trade, 42137.596, 152, P00, S15, 1
P00, Trade, 42140.442, 156, P00, B09, 1
P00, Trade, 42145.385, 157, P00, S06, 1
P00, Trade, 42148.442, 158, P00, B02, 1
P00, Trade, 42152.500, 158, P00, S04, 1
P00, Trade, 42157.212, 165, P00, B15, 1
P00, Trade, 42159.596, 158, P00, S07, 1
P00, Trade, 42162.731, 160, P00, B12, 1
P00, Trade, 42170.096, 152, P00, S03, 1
P00, Trade, 42177.231, 157, P00, B03, 1
P00, Trade, 42185.385, 156, P00, S01, 1
P00, Trade, 42190.519, 156, P00, B16, 1
P00, Trade, 42191.577, 154, P00, S06, 1
P00, Trade, 42196.942, 156, P00, B14, 1
P00, Trade, 42205.288, 156, P00, S02, 1
P00, Trade, 42213.846, 158, P00, B03, 1
P00, Trade, 42223.000, 157, P00, S16, 1
P00, Trade, 42231.212, 154, P00, B08, 1
P00, Trade, 42234.885, 150, P00, S10, 1
P00, Trade, 42243.077, 153, P00, B09, 1
P00, Trade, 42250.385, 152, P00, S09, 1
P00, Trade, 42253.269, 157, P00, B10, 1
P00, Trade, 42255.462, 156, P00, S20, 1
P00, Trade, 42264.442, 158, P00, B23, 1
P00, Trade, 42267.865, 154, P00, S18, 1
P00, Trade, 42271.962, 158, P00, B01, 1
P00, Trade, 42273.462, 154, P00, S16, 1
P00, Trade, 42280.750, 156, P00, B01, 1
P00, Trade, 42284.288, 156, P00, S12, 1
P00, Trade, 42288.808, 158, P00, B20, 1
P00, Trade, 42295.385, 144, P00, S10, 1
P00, Trade, 42300.173, 156, P00, B24, 1
P00, Trade, 42305.365, 160, P00, S17, 1
P00, Trade, 42309.019, 160, P00, B09, 1
P00, Trade, 42318.173, 158, P00, S10, 1
P00, Trade, 42326.423, 155, P00, B02, 1
P00, Trade, 42335.577, 162, P00, S01, 1
P00, Trade, 42344.192, 162, P00, B24, 1
P00, Trade, 42348.904, 159, P00, S17, 1
P00, Trade, 42351.673, 159, P00, B06, 1
P00, Trade, 42356.827, 159, P00, S22, 1
P00, Trade, 42365.058, 155, P00, B04, 1
P00, Trade, 42367.462, 150, P00, S21, 1
P00, Trade, 42372.269, 159, P00, B08, 1
P00, Trade, 42380.673, 157, P00, S15, 1
P00, Trade, 42381.212, 158, P00, B11, 1
P00, Trade, 42389.712, 156, P00, S17, 1
P00, Trade, 42402.462, 157, P00, B12, 1
P00, Trade, 42405.731, 159, P00, S15, 1
P00, Trade, 42411.654, 162, P00, B12, 1
P00, Trade, 42416.442, 154, P00, S11, 1
P00, Trade, 42422.269, 156, P00, B12, 1
P00, Trade, 42429.731, 153, P00, S00, 1
P00, Trade, 42437.865, 152, P00, B05, 1
P00, Trade, 42440.558, 151, P00, S18, 1
P00, Trade, 42446.769, 159, P00, B12, 1
P00, Trade, 42451.250, 151, P00, S22, 1
P00, Trade, 42454.904, 157, P00, B18, 1
P00, Trade, 42455.712, 155, P00, S03, 1
P00, Trade, 42463.442, 155, P00, B03, 1
P00, Trade, 42469.231, 152, P00, S17, 1
P00, Trade, 42469.846, 162, P00, B14, 1
P00, Trade, 42474.288, 155, P00, S18, 1
P00, Trade, 42476.962, 161, P00, B01, 1
P00, Trade, 42482.365, 159, P00, S14, 1
P00, Trade, 42489.019, 161, P00, B16, 1
P00, Trade, 42495.865, 157, P00, S20, 1
P00, Trade, 42502.538, 157, P00, B19, 1
P00, Trade, 42513.154, 158, P00, S01, 1
P00, Trade, 42517.038, 161, P00, B24, 1
P00, Trade, 42519.865, 158, P00, S04, 1
P00, Trade, 42528.981, 162, P00, B01, 1
P00, Trade, 42533.865, 166, P00, S08, 1
P00, Trade, 42539.962, 155, P00, B18, 1
P00, Trade, 42551.404, 159, P00, S00, 1
P00, Trade, 42559.558, 155, P00, B05, 1
P00, Trade, 42566.288, 157, P00, S19, 1
P00, Trade, 42578.635, 163, P00, B13, 1
P00, Trade, 42583.423, 151, P00, S10, 1
P00, Trade, 42586.462, 156, P00, B01, 1
P00, Trade, 42592.077, 151, P00, S14, 1
P00, Trade, 42597.038, 156, P00, B03, 1
P00, Trade, 42601.962, 155, P00, S15, 1
P00, Trade, 42608.154, 157, P00, B17, 1
P00, Trade, 42613.846, 154, P00, S17, 1
P00, Trade, 42617.981, 159, P00, B13, 1
P00, Trade, 42621.019, 155, P00, S17, 1
P00, Trade, 42629.596, 156, P00, B09, 1
P00, Trade, 42635.654, 154, P00, S00, 1
P00, Trade, 42640.308, 156, P00, B16, 1
P00, Trade, 42641.442, 152, P00, S19, 1
P00, Trade, 42646.750, 154, P00, B09, 1
P00, Trade, 42652.269, 151, P00, S02, 1
P00, Trade, 42655.519, 158, P00, B01, 1
P00, Trade, 42662.462, 156, P00, S03, 1
P00, Trade, 42667.250, 157, P00, B07, 1
P00, Trade, 42676.788, 159, P00, S04, 1
P00, Trade, 42683.385, 164, P00, B16, 1
P00, Trade, 42690.481, 154, P00, S10, 1
P00, Trade, 42693.673, 158, P00, B13, 1
P00, Trade, 42699.942, 153, P00, S16, 1
P00, Trade, 42705.365, 152, P00, B12, 1
P00, Trade, 42712.269, 151, P00, S02, 1
P00, Trade, 42724.077, 155, P00, B00, 1
P00, Trade, 42727.404, 157, P00, S04, 1
P00, Trade, 42732.750, 157, P00, B01, 1
P00, Trade, 42735.769, 158, P00, S24, 1
P00, Trade, 42739.846, 156, P00, B04, 1
P00, Trade, 42745.962, 147, P00, S15, 1
P00, Trade, 42759.308, 160, P00, B17, 1
P00, Trade, 42765.115, 157, P00, S00, 1
P00, Trade, 42765.942, 159, B04, P00, 1
P00, Trade, 42768.346, 158, P00, S18, 1
P00, Trade, 42774.231, 158, P00, B14, 1
P00, Trade, 42776.269, 154, P00, S07, 1
P00, Trade, 42779.885, 163, P00, B20, 1
P00, Trade, 42788.538, 159, P00, S10, 1
P00, Trade, 42792.135, 160, P00, B12, 1
P00, Trade, 42796.038, 158, P00, S21, 1
P00, Trade, 42799.904, 159, P00, B24, 1
P00, Trade, 42807.577, 159, P00, S15, 1
P00, Trade, 42814.058, 161, P00, B22, 1
P00, Trade, 42819.481, 158, P00, S19, 1
P00, Trade, 42828.750, 160, P00, B23, 1
P00, Trade, 42831.481, 158, P00, S02, 1
P00, Trade, 42833.942, 160, P00, B17, 1
P00, Trade, 42837.019, 157, P00, S00, 1
P00, Trade, 42841.500, 158, P00, B09, 1
P00, Trade, 42846.500, 162, P00, S20, 1
P00, Trade, 42856.058, 165, P00, B11, 1
P00, Trade, 42860.192, 150, P00, S04, 1
P00, Trade, 42864.596, 152, P00, B07, 1
P00, Trade, 42869.865, 161, P00, S00, 1
P00, Trade, 42872.692, 159, P00, B12, 1
P00, Trade, 42876.808, 159, P00, S14, 1
P00, Trade, 42882.212, 160, P00, B09, 1
P00, Trade, 42883.904, 158, P00, S22, 1
P00, Trade, 42891.865, 159, P00, B12, 1
P00, Trade, 42896.577, 150, P00, S04, 1
P00, Trade, 42900.865, 161, P00, B14, 1
P00, Trade, 42904.558, 156, P00, S17, 1
P00, Trade, 42908.038, 157, P00, B00, 1
P00, Trade, 42911.673, 156, P00, S19, 1
P00, Trade, 42915.654, 160, P00, B09, 1
P00, Trade, 42920.442, 158, P00, S17, 1
P00, Trade, 42923.000, 159, P00, B11, 1
P00, Trade, 42926.365, 156, P00, S17, 1
P00, Trade, 42932.000, 163, P00, B24, 1
P00, Trade, 42933.058, 158, P00, S00, 1
P00, Trade, 42940.885, 158, P00, B23, 1
P00, Trade, 42943.135, 154, P00, S17, 1
P00, Trade, 42948.250, 152, P00, B17, 1
P00, Trade, 42950.769, 149, P00, S02, 1
P00, Trade, 42956.288, 148, P00, B23, 1
P00, Trade, 42962.596, 160, P00, S11, 1
P00, Trade, 42965.827, 161, P00, B03, 1
P00, Trade, 42967.269, 152, P00, S12, 1
P00, Trade, 42970.519, 155, P00, B12, 1
P00, Trade, 42973.981, 154, P00, S20, 1
P00, Trade, 42980.865, 155, P00, B24, 1
P00, Trade, 42982.500, 152, P00, S06, 1
P00, Trade, 42983.885, 153, P00, B02, 1
P00, Trade, 42990.212, 153, P00, S17, 1
P00, Trade, 42997.596, 154, P00, B16, 1
P00, Trade, 43003.981, 158, P00, S10, 1
P00, Trade, 43010.442, 160, P00, B16, 1
P00, Trade, 43011.692, 158, P00, S09, 1
P00, Trade, 43017.308, 160, P00, B19, 1
P00, Trade, 43019.635, 158, P00, S01, 1
P00, Trade, 43028.827, 157, P00, B23, 1
P00, Trade, 43032.077, 154, P00, S15, 1
P00, Trade, 43033.462, 154, P00, B17, 1
P00, Trade, 43041.462, 159, P00, S14, 1
P00, Trade, 43046.769, 164, B05, P00, 1
P00, Trade, 43049.904, 161, P00, S20, 1
P00, Trade, 43053.615, 158, P00, B13, 1
P00, Trade, 43054.365, 155, P00, S00, 1
P00, Trade, 43062.596, 155, P00, B10, 1
P00, Trade, 43067.038, 154, P00, S04, 1
P00, Trade, 43076.038, 157, P00, B22, 1
P00, Trade, 43080.558, 154, P00, S03, 1
P00, Trade, 43088.538, 155, P00, B19, 1
P00, Trade, 43090.481, 154, P00, S17, 1
P00, Trade, 43093.942, 159, P00, B08, 1
P00, Trade, 43095.731, 156, P00, S13, 1
P00, Trade, 43110.365, 154, B06, P00, 1
P00, Trade, 43113.577, 159, P00, S13, 1
P00, Trade, 43116.077, 161, P00, B19, 1
P00, Trade, 43118.577, 155, P00, S04, 1
P00, Trade, 43122.712, 157, P00, B11, 1
P00, Trade, 43128.865, 153, P00, S03, 1
P00, Trade, 43135.865, 158, P00, B16, 1
P00, Trade, 43139.154, 153, P00, S22, 1
P00, Trade, 43142.538, 158, P00, B11, 1
P00, Trade, 43145.019, 154, P00, S08, 1
P00, Trade, 43149.154, 156, P00, B02, 1
P00, Trade, 43152.154, 159, P00, S01, 1
P00, Trade, 43160.538, 156, P00, B20, 1
P00, Trade, 43164.692, 149, P00, S15, 1
P00, Trade, 43168.231, 154, P00, B05, 1
P00, Trade, 43170.577, 154, P00, S03, 1
P00, Trade, 43172.904, 158, P00, B17, 1
P00, Trade, 43176.981, 155, P00, S20, 1
P00, Trade, 43182.635, 156, P00, B18, 1
P00, Trade, 43184.269, 155, P00, S14, 1
P00, Trade, 43188.462, 156, P00, B16, 1
P00, Trade, 43193.962, 157, P00, S02, 1
P00, Trade, 43199.577, 157, P00, B05, 1
P00, Trade, 43200.788, 156, P00, S19, 1
P00, Trade, 43204.481, 157, P00, B09, 1
P00, Trade, 43216.635, 164, P00, S00, 1
P00, Trade, 43239.385, 154, P00, B16, 1
P00, Trade, 43243.712, 152, P00, S15, 1
P00, Trade, 43244.942, 157, P00, B19, 1
P00, Trade, 43250.731, 156, P00, S04, 1
P00, Trade, 43261.635, 156, P00, B08, 1
P00, Trade, 43266.750, 153, P00, S01, 1
P00, Trade, 43267.038, 160, P00, B00, 1
P00, Trade, 43273.673, 155, P00, S04, 1
P00, Trade, 43274.923, 160, P00, B06, 1
P00, Trade, 43278.077, 149, P00, S22, 1
P00, Trade, 43282.904, 154, P00, B23, 1
P00, Trade, 43287.615, 152, P00, S03, 1
P00, Trade, 43290.423, 156, P00, B16, 1
P00, Trade, 43293.885, 155, P00, S16, 1
P00, Trade, 43296.673, 157, P00, B15, 1
P00, Trade, 43301.808, 159, P00, S14, 1
P00, Trade, 43311.769, 160, P00, B12, 1
P00, Trade, 43315.692, 157, P00, S24, 1
P00, Trade, 43319.288, 158, P00, B08, 1
P00, Trade, 43320.827, 155, P00, S19, 1
P00, Trade, 43321.962, 157, B20, P00, 1
P00, Trade, 43325.385, 153, P00, S08, 1
P00, Trade, 43328.615, 152, P00, B17, 1
P00, Trade, 43334.654, 154, P00, S00, 1
P00, Trade, 43340.788, 160, P00, B20, 1
P00, Trade, 43346.558, 153, P00, S01, 1
P00, Trade, 43348.942, 153, P00, B03, 1
P00, Trade, 43349.981, 152, P00, S17, 1
P00, Trade, 43355.500, 153, P00, B07, 1
P00, Trade, 43359.288, 146, S14, P00, 1
P00, Trade, 43364.519, 148, P00, B12, 1
P00, Trade, 43374.192, 150, P00, S12, 1
P00, Trade, 43380.731, 147, P00, B05, 1
P00, Trade, 43390.981, 157, P00, S18, 1
P00, Trade, 43401.231, 147, P00, B09, 1
P00, Trade, 43402.096, 146, P00, S15, 1
P00, Trade, 43409.231, 154, P00, B13, 1
P00, Trade, 43410.442, 147, P00, S07, 1
P00, Trade, 43414.731, 149, P00, B12, 1
P00, Trade, 43417.654, 145, P00, S14, 1
P00, Trade, 43420.019, 146, P00, B00, 1
P00, Trade, 43424.308, 143, P00, S24, 1
P00, Trade, 43426.769, 147, P00, B08, 1
P00, Trade, 43434.000, 152, P00, S15, 1
P00, Trade, 43446.865, 153, P00, B02, 1
P00, Trade, 43456.846, 152, P00, S14, 1
P00, Trade, 43461.231, 152, P00, B22, 1
P00, Trade, 43475.115, 155, P00, S20, 1
P00, Trade, 43482.192, 154, P00, B20, 1
P00, Trade, 43490.846, 155, P00, S17, 1
P00, Trade, 43498.308, 146, P00, B19, 1
P00, Trade, 43507.404, 155, P00, S17, 1
P00, Trade, 43516.019, 153, P00, B01, 1
P00, Trade, 43520.654, 142, P00, S22, 1
P00, Trade, 43528.827, 150, P00, B17, 1
P00, Trade, 43534.115, 152, P00, S04, 1
P00, Trade, 43540.288, 152, B17, P00, 1
P00, Trade, 43543.077, 150, P00, S10, 1
P00, Trade, 43550.808, 147, P00, B07, 1
P00, Trade, 43554.346, 156, P00, S05, 1
P00, Trade, 43558.096, 148, P00, B09, 1
P00, Trade, 43559.346, 146, P00, S09, 1
P00, Trade, 43566.096, 152, P00, B08, 1
P00, Trade, 43573.962, 150, P00, S22, 1
P00, Trade, 43588.115, 154, P00, B08, 1
P00, Trade, 43590.635, 151, P00, S03, 1
P00, Trade, 43594.827, 154, P00, B14, 1
P00, Trade, 43596.731, 152, P00, S14, 1
P00, Trade, 43598.365, 152, P00, B22, 1
P00, Trade, 43604.327, 151, P00, S10, 1
P00, Trade, 43606.846, 155, P00, B11, 1
P00, Trade, 43611.577, 156, P00, S16, 1
P00, Trade, 43620.308, 144, P00, B12, 1
P00, Trade, 43630.885, 151, P00, S10, 1
P00, Trade, 43639.942, 151, P00, B13, 1
P00, Trade, 43642.519, 148, P00, S02, 1
P00, Trade, 43645.596, 149, P00, B08, 1
P00, Trade, 43652.019, 150, P00, S04, 1
P00, Trade, 43658.558, 151, P00, B20, 1
P00, Trade, 43661.846, 150, P00, S17, 1
P00, Trade, 43666.365, 153, B04, P00, 1
P00, Trade, 43670.365, 153, P00, S10, 1
P00, Trade, 43673.192, 155, P00, B14, 1
P00, Trade, 43676.923, 154, P00, S08, 1
P00, Trade, 43680.558, 153, P00, B12, 1
P00, Trade, 43693.365, 148, P00, S20, 1
P00, Trade, 43698.596, 150, P00, B14, 1
P00, Trade, 43702.385, 144, P00, S22, 1
P00, Trade, 43705.115, 151, P00, B22, 1
P00, Trade, 43710.154, 151, P00, S11, 1
P00, Trade, 43714.481, 144, P00, B17, 1
P00, Trade, 43723.654, 145, P00, S22, 1
P00, Trade, 43728.635, 154, P00, B01, 1
P00, Trade, 43732.000, 154, P00, S22, 1
P00, Trade, 43735.500, 155, P00, B19, 1
P00, Trade, 43737.962, 151, P00, S08, 1
P00, Trade, 43741.500, 152, P00, B01, 1
P00, Trade, 43749.096, 152, P00, S14, 1
P00, Trade, 43751.981, 153, P00, B09, 1
P00, Trade, 43756.365, 151, P00, S20, 1
P00, Trade, 43758.981, 152, P00, B23, 1
P00, Trade, 43766.885, 146, P00, S17, 1
P00, Trade, 43769.654, 152, P00, B18, 1
P00, Trade, 43774.385, 143, P00, S20, 1
P00, Trade, 43777.385, 148, P00, B12, 1
P00, Trade, 43779.750, 147, P00, S01, 1
P00, Trade, 43780.192, 153, P00, B01, 1
P00, Trade, 43781.019, 143, P00, S13, 1
P00, Trade, 43788.462, 149, P00, B14, 1
P00, Trade, 43791.192, 156, P00, S24, 1
P00, Trade, 43800.135, 153, P00, B10, 1
P00, Trade, 43807.442, 149, P00, S14, 1
P00, Trade, 43811.346, 150, B10, P00, 1
P00, Trade, 43812.327, 150, P00, S17, 1
P00, Trade, 43818.385, 152, P00, B01, 1
P00, Trade, 43820.096, 150, P00, S19, 1
P00, Trade, 43829.846, 148, P00, B14, 1
P00, Trade, 43837.192, 151, P00, S19, 1
P00, Trade, 43839.788, 150, P00, B22, 1
P00, Trade, 43843.462, 150, P00, S00, 1
P00, Trade, 43849.442, 152, P00, B13, 1
P00, Trade, 43852.019, 150, P00, S20, 1
P00, Trade, 43855.019, 147, P00, B02, 1
P00, Trade, 43860.519, 151, P00, S14, 1
P00, Trade, 43862.173, 155, P00, B23, 1
P00, Trade, 43865.865, 155, P00, S01, 1
P00, Trade, 43871.269, 151, P00, B09, 1
P00, Trade, 43876.077, 150, P00, S14, 1
P00, Trade, 43877.327, 153, P00, B19, 1
P00, Trade, 43887.019, 153, P00, S19, 1
P00, Trade, 43889.615, 157, P00, B24, 1
P00, Trade, 43891.519, 150, P00, S02, 1
P00, Trade, 43898.981, 151, P00, B16, 1
P00, Trade, 43903.827, 149, P00, S00, 1
P00, Trade, 43905.577, 152, P00, B07, 1
P00, Trade, 43908.981, 144, P00, S15, 1
P00, Trade, 43917.673, 151, P00, B19, 1
P00, Trade, 43927.385, 154, P00, S09, 1
P00, Trade, 43929.500, 155, P00, B14, 1
P00, Trade, 43940.846, 143, P00, S19, 1
P00, Trade, 43950.038, 151, P00, B01, 1
P00, Trade, 43953.981, 148, P00, S15, 1
P00, Trade, 43959.327, 152, P00, B23, 1
P00, Trade, 43966.827, 147, P00, S10, 1
P00, Trade, 43968.538, 152, P00, B18, 1
P00, Trade, 43970.038, 146, P00, S14, 1
P00, Trade, 43975.635, 152, P00, B01, 1
P00, Trade, 43977.673, 150, P00, S02, 1
P00, Trade, 43987.058, 153, P00, B08, 1
P00, Trade, 43989.923, 149, P00, S07, 1
P00, Trade, 43991.385, 156, P00, B11, 1
P00, Trade, 43992.481, 150, P00, S04, 1
P00, Trade, 44006.212, 153, P00, B11, 1
P00, Trade, 44007.192, 149, P00, S14, 1
P00, Trade, 44011.596, 148, P00, B12, 1
P00, Trade, 44019.692, 155, P00, S23, 1
P00, Trade, 44032.654, 152, P00, B16, 1
P00, Trade, 44035.115, 148, P00, S01, 1
P00, Trade, 44041.173, 145, P00, B15, 1
P00, Trade, 44047.827, 146, P00, S09, 1
P00, Trade, 44051.404, 149, B19, P00, 1
P00, Trade, 44052.481, 150, P00, S00, 1
P00, Trade, 44055.538, 153, P00, B12, 1
P00, Trade, 44059.596, 151, P00, S00, 1
P00, Trade, 44064.538, 149, P00, B20, 1
P00, Trade, 44073.731, 151, P00, S00, 1
P00, Trade, 44078.885, 159, P00, B06, 1
P00, Trade, 44081.769, 155, P00, S20, 1
P00, Trade, 44082.596, 160, B09, P00, 1
P00, Trade, 44087.462, 151, P00, S13, 1
P00, Trade, 44092.558, 153, P00, B01, 1
P00, Trade, 44095.692, 149, P00, S15, 1
P00, Trade, 44105.519, 150, P00, B12, 1
P00, Trade, 44111.750, 153, P00, S10, 1
P00, Trade, 44119.538, 155, P00, B12, 1
P00, Trade, 44124.462, 152, P00, S00, 1
P00, Trade, 44128.596, 147, P00, B02, 1
P00, Trade, 44136.135, 154, P00, S15, 1
P00, Trade, 44142.019, 154, P00, B07, 1
P00, Trade, 44145.154, 150, P00, S16, 1
P00, Trade, 44146.846, 156, P00, B06, 1
P00, Trade, 44148.692, 155, P00, S15, 1
P00, Trade, 44159.981, 154, P00, B12, 1
P00, Trade, 44162.462, 157, P00, S20, 1
P00, Trade, 44165.135, 161, P00, B15, 1
P00, Trade, 44169.038, 160, P00, S08, 1
P00, Trade, 44179.173, 148, B20, P00, 1
P00, Trade, 44179.769, 145, P00, S00, 1
P00, Trade, 44185.173, 151, P00, B01, 1
P00, Trade, 44193.019, 151, P00, S04, 1
P00, Trade, 44194.519, 153, P00, B02, 1
P00, Trade, 44198.000, 144, S18, P00, 1
P00, Trade, 44199.827, 145, P00, B14, 1
P00, Trade, 44209.346, 150, P00, S16, 1
P00, Trade, 44213.404, 150, P00, B09, 1
P00, Trade, 44220.731, 151, P00, S09, 1
P00, Trade, 44224.750, 153, P00, B12, 1
P00, Trade, 44240.962, 150, P00, S18, 1
P00, Trade, 44247.404, 150, P00, B13, 1
P00, Trade, 44260.846, 169, P00, S19, 1
P00, Trade, 44266.250, 158, P00, B12, 1
P00, Trade, 44270.173, 148, P00, S05, 1
P00, Trade, 44274.442, 152, P00, B03, 1
P00, Trade, 44284.135, 151, P00, S17, 1
P00, Trade, 44290.423, 166, P00, B24, 1
P00, Trade, 44293.250, 162, P00, S00, 1
P00, Trade, 44300.423, 161, P00, B18, 1
P00, Trade, 44303.904, 147, P00, S13, 1
P00, Trade, 44306.154, 152, P00, B09, 1
P00, Trade, 44311.192, 147, P00, S14, 1
P00, Trade, 44312.096, 151, P00, B00, 1
P00, Trade, 44323.288, 155, P00, S23, 1
P00, Trade, 44328.077, 158, P00, B20, 1
P00, Trade, 44333.077, 147, P00, S22, 1
P00, Trade, 44337.500, 148, P00, B03, 1
P00, Trade, 44340.673, 152, P00, S08, 1
P00, Trade, 44344.077, 153, P00, B08, 1
P00, Trade, 44346.385, 151, P00, S13, 1
P00, Trade, 44349.173, 157, P00, B16, 1
P00, Trade, 44355.365, 149, P00, S19, 1
P00, Trade, 44367.654, 154, P00, B09, 1
P00, Trade, 44377.558, 155, P00, S00, 1
P00, Trade, 44378.731, 154, P00, B24, 1
P00, Trade, 44390.577, 157, P00, S04, 1
P00, Trade, 44396.173, 155, P00, B09, 1
P00, Trade, 44402.038, 153, P00, S02, 1
P00, Trade, 44404.981, 157, P00, B09, 1
P00, Trade, 44408.846, 154, P00, S04, 1
P00, Trade, 44411.538, 156, P00, B01, 1
P00, Trade, 44417.577, 149, P00, S00, 1
P00, Trade, 44420.500, 154, P00, B00, 1
P00, Trade, 44424.769, 150, P00, S00, 1
P00, Trade, 44427.962, 152, P00, B19, 1
P00, Trade, 44439.731, 153, P00, S12, 1
P00, Trade, 44441.673, 157, P00, B17, 1
P00, Trade, 44448.596, 156, P00, S20, 1
P00, Trade, 44453.173, 154, P00, B08, 1
P00, Trade, 44455.788, 152, P00, S04, 1
P00, Trade, 44457.635, 157, P00, B22, 1
P00, Trade, 44466.827, 151, P00, S18, 1
P00, Trade, 44472.327, 149, P00, B06, 1
P00, Trade, 44476.404, 156, P00, S16, 1
P00, Trade, 44478.192, 155, P00, B08, 1
P00, Trade, 44484.346, 150, P00, S06, 1
P00, Trade, 44489.692, 156, P00, B05, 1
P00, Trade, 44492.462, 155, P00, S10, 1
P00, Trade, 44495.673, 155, P00, B20, 1
P00, Trade, 44501.962, 156, P00, S15, 1
P00, Trade, 44505.500, 154, P00, B04, 1
P00, Trade, 44507.981, 152, P00, S02, 1
P00, Trade, 44511.865, 160, P00, B24, 1
P00, Trade, 44518.962, 147, P00, S13, 1
P00, Trade, 44531.096, 151, P00, B23, 1
P00, Trade, 44536.635, 153, P00, S10, 1
P00, Trade, 44546.712, 156, P00, B23, 1
P00, Trade, 44549.962, 152, P00, S16, 1
P00, Trade, 44558.077, 154, P00, B00, 1
P00, Trade, 44560.923, 151, P00, S22, 1
P00, Trade, 44565.885, 154, P00, B09, 1
P00, Trade, 44570.615, 150, P00, S13, 1
P00, Trade, 44572.788, 151, P00, B02, 1
P00, Trade, 44578.500, 161, P00, S07, 1
P00, Trade, 44585.385, 150, P00, B14, 1
P00, Trade, 44587.538, 151, P00, S17, 1
P00, Trade, 44588.423, 150, P00, B19, 1
P00, Trade, 44592.000, 147, P00, S14, 1
P00, Trade, 44596.308, 150, P00, B03, 1
P00, Trade, 44598.404, 153, P00, S20, 1
P00, Trade, 44603.115, 155, P00, B16, 1
P00, Trade, 44605.250, 149, P00, S04, 1
P00, Trade, 44611.635, 149, P00, B08, 1
P00, Trade, 44615.019, 150, P00, S17, 1
P00, Trade, 44624.038, 160, P00, B01, 1
P00, Trade, 44625.000, 159, P00, S11, 1
P00, Trade, 44629.019, 154, P00, B09, 1
P00, Trade, 44632.808, 154, P00, S07, 1
P00, Trade, 44636.769, 159, P00, B09, 1
P00, Trade, 44639.923, 155, P00, S14, 1
P00, Trade, 44644.481, 153, P00, B02, 1
P00, Trade, 44647.038, 152, P00, S19, 1
P00, Trade, 44652.173, 154, P00, B17, 1
P00, Trade, 44656.019, 151, P00, S04, 1
P00, Trade, 44663.231, 154, P00, B09, 1
P00, Trade, 44664.154, 150, P00, S16, 1
P00, Trade, 44666.500, 149, P00, B14, 1
P00, Trade, 44673.904, 151, P00, S22, 1
P00, Trade, 44678.654, 152, P00, B05, 1
P00, Trade, 44682.038, 152, P00, S02, 1
P00, Trade, 44690.750, 154, P00, B08, 1
P00, Trade, 44695.019, 147, P00, S15, 1
P00, Trade, 44699.769, 153, P00, B13, 1
P00, Trade, 44703.462, 153, P00, S02, 1
P00, Trade, 44707.096, 155, P00, B06, 1
P00, Trade, 44713.288, 155, P00, S10, 1
P00, Trade, 44723.000, 148, P00, B21, 1
P00, Trade, 44724.692, 147, P00, S20, 1
P00, Trade, 44726.404, 152, P00, B00, 1
P00, Trade, 44731.269, 152, P00, S18, 1
P00, Trade, 44732.327, 159, P00, B08, 1
P00, Trade, 44735.346, 155, P00, S03, 1
P00, Trade, 44742.462, 152, P00, B03, 1
P00, Trade, 44754.635, 146, P00, S00, 1
P00, Trade, 44760.750, 158, P00, B17, 1
P00, Trade, 44762.500, 150, P00, S18, 1
P00, Trade, 44773.481, 152, P00, B08, 1
P00, Trade, 44779.212, 148, P00, S16, 1
P00, Trade, 44783.885, 153, P00, B12, 1
P00, Trade, 44785.962, 147, P00, S03, 1
P00, Trade, 44790.269, 151, P00, B12, 1
P00, Trade, 44793.404, 150, P00, S10, 1
P00, Trade, 44802.673, 152, P00, B01, 1
P00, Trade, 44804.135, 146, P00, S04, 1
P00, Trade, 44816.096, 150, P00, B03, 1
P00, Trade, 44820.269, 148, P00, S12, 1
P00, Trade, 44823.423, 153, P00, B13, 1
P00, Trade, 44830.885, 151, P00, S14, 1
P00, Trade, 44838.904, 149, P00, B12, 1
P00, Trade, 44845.538, 153, P00, S05, 1
P00, Trade, 44851.115, 153, P00, B15, 1
P00, Trade, 44856.250, 153, P00, S09, 1
P00, Trade, 44857.365, 153, P00, B20, 1
P00, Trade, 44862.077, 142, P00, S15, 1
P00, Trade, 44870.442, 149, P00, B08, 1
P00, Trade, 44874.577, 143, P00, S21, 1
P00, Trade, 44882.904, 152, P00, B23, 1
P00, Trade, 44885.788, 151, P00, S20, 1
P00, Trade, 44893.846, 149, P00, B01, 1
P00, Trade, 44895.096, 149, P00, S03, 1
P00, Trade, 44908.942, 149, P00, B09, 1
P00, Trade, 44909.865, 147, P00, S03, 1
P00, Trade, 44911.865, 149, P00, B02, 1
P00, Trade, 44913.942, 151, P00, S23, 1
P00, Trade, 44919.981, 148, P00, B10, 1
P00, Trade, 44923.481, 146, P00, S20, 1
P00, Trade, 44927.019, 147, P00, B19, 1
P00, Trade, 44933.154, 148, P00, S24, 1
P00, Trade, 44935.481, 150, P00, B00, 1
P00, Trade, 44938.635, 151, P00, S05, 1
P00, Trade, 44943.596, 153, P00, B16, 1
P00, Trade, 44959.500, 152, P00, S17, 1
P00, Trade, 44961.846, 155, P00, B20, 1
P00, Trade, 44970.577, 152, P00, S19, 1
P00, Trade, 44973.846, 155, P00, B20, 1
P00, Trade, 44975.058, 150, P00, S01, 1
P00, Trade, 44977.962, 148, P00, B22, 1
P00, Trade, 44982.577, 148, P00, S24, 1
P00, Trade, 44987.712, 148, P00, B00, 1
P00, Trade, 44996.173, 154, P00, S17, 1
P00, Trade, 45001.558, 146, P00, B06, 1
P00, Trade, 45004.712, 145, P00, S10, 1
P00, Trade, 45010.846, 147, P00, B05, 1
P00, Trade, 45014.635, 144, P00, S03, 1
P00, Trade, 45019.462, 152, P00, B22, 1
P00, Trade, 45022.308, 150, P00, S10, 1
P00, Trade, 45024.327, 153, P00, B09, 1
P00, Trade, 45031.077, 149, P00, S17, 1
P00, Trade, 45039.250, 153, P00, B22, 1
P00, Trade, 45045.558, 152, P00, S21, 1
P00, Trade, 45051.500, 151, P00, B15, 1
P00, Trade, 45057.058, 151, P00, S17, 1
P00, Trade, 45060.404, 152, P00, B21, 1
P00, Trade, 45064.481, 150, P00, S20, 1
P00, Trade, 45067.269, 152, P00, B22, 1
P00, Trade, 45071.750, 150, P00, S19, 1
P00, Trade, 45073.250, 150, P00, B06, 1
P00, Trade, 45073.788, 149, P00, S09, 1
P00, Trade, 45074.769, 155, P00, B08, 1
P00, Trade, 45077.769, 152, P00, S18, 1
P00, Trade, 45081.731, 154, P00, B08, 1
P00, Trade, 45083.942, 151, P00, S01, 1
P00, Trade, 45086.538, 155, P00, B09, 1
P00, Trade, 45093.327, 153, P00, S12, 1
P00, Trade, 45110.712, 154, P00, B09, 1
P00, Trade, 45114.038, 151, P00, S00, 1
P00, Trade, 45125.058, 151, P00, B12, 1
P00, Trade, 45138.038, 150, P00, S01, 1
P00, Trade, 45140.750, 157, P00, B16, 1
P00, Trade, 45145.596, 152, P00, S06, 1
P00, Trade, 45149.519, 141, P00, B08, 1
P00, Trade, 45154.000, 142, P00, S15, 1
P00, Trade, 45155.154, 145, P00, B09, 1
P00, Trade, 45162.673, 147, P00, S03, 1
P00, Trade, 45172.288, 149, P00, B10, 1
P00, Trade, 45180.865, 148, P00, S16, 1
P00, Trade, 45187.135, 155, P00, B22, 1
P00, Trade, 45188.346, 149, P00, S17, 1
P00, Trade, 45190.250, 153, P00, B17, 1
P00, Trade, 45200.692, 154, P00, S04, 1
P00, Trade, 45204.135, 158, P00, B19, 1
P00, Trade, 45213.750, 153, P00, S10, 1
P00, Trade, 45218.462, 155, P00, B22, 1
P00, Trade, 45230.250, 157, P00, S05, 1
P00, Trade, 45233.538, 154, P00, B00, 1
P00, Trade, 45239.981, 150, P00, S20, 1
P00, Trade, 45243.154, 147, P00, B11, 1
P00, Trade, 45245.000, 146, P00, S11, 1
P00, Trade, 45250.750, 149, P00, B20, 1
P00, Trade, 45252.500, 150, P00, S09, 1
P00, Trade, 45259.519, 154, P00, B12, 1
P00, Trade, 45262.462, 151, P00, S08, 1
P00, Trade, 45265.231, 151, P00, B09, 1
P00, Trade, 45268.192, 152, P00, S03, 1
P00, Trade, 45271.346, 158, P00, B08, 1
P00, Trade, 45273.615, 149, P00, S17, 1
P00, Trade, 45277.865, 152, P00, B12, 1
P00, Trade, 45280.942, 148, P00, S00, 1
P00, Trade, 45283.519, 156, P00, B03, 1
P00, Trade, 45287.212, 150, P00, S11, 1
P00, Trade, 45289.962, 148, P00, B04, 1
P00, Trade, 45297.596, 150, P00, S01, 1
P00, Trade, 45299.000, 152, P00, B07, 1
P00, Trade, 45304.538, 152, P00, S00, 1
P00, Trade, 45314.827, 153, P00, B07, 1
P00, Trade, 45322.346, 154, P00, S19, 1
P00, Trade, 45341.808, 155, P00, B17, 1
P00, Trade, 45344.692, 149, P00, S00, 1
P00, Trade, 45349.173, 150, P00, B20, 1
P00, Trade, 45359.173, 154, P00, S17, 1
P00, Trade, 45367.615, 157, P00, B02, 1
P00, Trade, 45371.750, 156, P00, S04, 1
P00, Trade, 45380.942, 157, P00, B09, 1
P00, Trade, 45381.962, 155, P00, S00, 1
P00, Trade, 45390.058, 152, P00, B01, 1
P00, Trade, 45397.288, 151, P00, S00, 1
P00, Trade, 45408.481, 157, P00, B22, 1
P00, Trade, 45413.519, 152, P00, S07, 1
P00, Trade, 45415.654, 153, P00, B20, 1
P00, Trade, 45423.712, 149, P00, S13, 1
P00, Trade, 45427.327, 150, P00, B01, 1
P00, Trade, 45433.115, 151, P00, S02, 1
P00, Trade, 45438.269, 151, P00, B00, 1
P00, Trade, 45443.981, 151, P00, S00, 1
P00, Trade, 45446.865, 155, P00, B16, 1
P00, Trade, 45454.135, 154, P00, S22, 1
P00, Trade, 45460.327, 150, P00, B03, 1
P00, Trade, 45462.769, 148, P00, S23, 1
P00, Trade, 45465.115, 158, P00, B01, 1
P00, Trade, 45466.442, 155, P00, S15, 1
P00, Trade, 45469.750, 156, P00, B12, 1
P00, Trade, 45482.442, 150, P00, S08, 1
P00, Trade, 45485.212, 152, P00, B13, 1
P00, Trade, 45489.442, 149, P00, S02, 1
P00, Trade, 45493.058, 149, P00, B18, 1
P00, Trade, 45500.346, 152, P00, S10, 1
P00, Trade, 45503.827, 154, P00, B11, 1
P00, Trade, 45506.577, 153, P00, S19, 1
P00, Trade, 45512.615, 156, P00, B09, 1
P00, Trade, 45516.212, 150, P00, S15, 1
P00, Trade, 45519.750, 151, P00, B01, 1
P00, Trade, 45529.058, 154, P00, S13, 1
P00, Trade, 45537.788, 161, P00, B12, 1
P00, Trade, 45540.404, 158, P00, S17, 1
P00, Trade, 45548.192, 158, P00, B10, 1
P00, Trade, 45553.385, 146, P00, S09, 1
P00, Trade, 45557.577, 146, P00, B18, 1
P00, Trade, 45567.288, 155, P00, S11, 1
P00, Trade, 45569.692, 157, P00, B06, 1
P00, Trade, 45574.769, 153, P00, S18, 1
P00, Trade, 45575.827, 157, P00, B19, 1
P00, Trade, 45577.481, 150, P00, S20, 1
P00, Trade, 45579.923, 151, P00, B21, 1
P00, Trade, 45585.096, 151, P00, S17, 1
P00, Trade, 45593.423, 160, P00, B01, 1
P00, Trade, 45597.635, 152, P00, S03, 1
P00, Trade, 45604.808, 156, P00, B09, 1
P00, Trade, 45610.385, 154, P00, S09, 1
P00, Trade, 45612.385, 157, P00, B08, 1
P00, Trade, 45614.673, 155, P00, S00, 1
P00, Trade, 45623.538, 151, B15, P00, 1
P00, Trade, 45628.673, 150, P00, S06, 1
P00, Trade, 45633.519, 156, P00, B06, 1
P00, Trade, 45641.212, 151, P00, S22, 1
P00, Trade, 45644.981, 153, P00, B12, 1
P00, Trade, 45646.058, 150, P00, S15, 1
P00, Trade, 45651.404, 159, P00, B01, 1
P00, Trade, 45658.058, 163, P00, S15, 1
P00, Trade, 45660.673, 154, P00, B09, 1
P00, Trade, 45668.654, 151, P00, S18, 1
P00, Trade, 45671.577, 153, P00, B11, 1
P00, Trade, 45674.096, 151, P00, S15, 1
P00, Trade, 45680.519, 152, P00, B20, 1
P00, Trade, 45685.942, 150, P00, S14, 1
P00, Trade, 45691.481, 157, P00, B13, 1
P00, Trade, 45700.462, 149, P00, S04, 1
P00, Trade, 45711.769, 151, P00, B23, 1
P00, Trade, 45718.596, 155, P00, S07, 1
P00, Trade, 45731.346, 158, P00, B01, 1
P00, Trade, 45738.615, 158, P00, S22, 1
P00, Trade, 45742.442, 157, P00, B04, 1
P00, Trade, 45748.423, 154, P00, S15, 1
P00, Trade, 45756.231, 160, P00, B12, 1
P00, Trade, 45758.038, 158, P00, S16, 1
P00, Trade, 45765.827, 153, P00, B19, 1
P00, Trade, 45772.096, 155, P00, S21, 1
P00, Trade, 45784.192, 149, P00, B04, 1
P00, Trade, 45787.981, 153, P00, S10, 1
P00, Trade, 45790.462, 157, P00, B09, 1
P00, Trade, 45799.250, 154, P00, S01, 1
P00, Trade, 45801.673, 154, P00, B04, 1
P00, Trade, 45806.346, 154, P00, S00, 1
P00, Trade, 45813.481, 148, P00, B09, 1
P00, Trade, 45816.846, 152, P00, S16, 1
P00, Trade, 45823.596, 154, P00, B12, 1
P00, Trade, 45827.269, 152, P00, S07, 1
P00, Trade, 45829.327, 157, P00, B01, 1
P00, Trade, 45836.135, 155, P00, S10, 1
P00, Trade, 45851.596, 154, P00, B04, 1
P00, Trade, 45853.308, 152, P00, S05, 1
P00, Trade, 45861.173, 151, P00, B20, 1
P00, Trade, 45864.635, 148, P00, S14, 1
P00, Trade, 45878.923, 154, P00, B11, 1
P00, Trade, 45883.788, 146, P00, S04, 1
P00, Trade, 45888.808, 148, P00, B23, 1
P00, Trade, 45897.346, 148, P00, S05, 1
P00, Trade, 45901.442, 152, P00, B07, 1
P00, Trade, 45904.712, 151, P00, S03, 1
P00, Trade, 45913.423, 155, P00, B23, 1
P00, Trade, 45916.673, 151, P00, S05, 1
P00, Trade, 45918.423, 152, P00, B10, 1
P00, Trade, 45929.231, 155, P00, S00, 1
P00, Trade, 45931.962, 159, P00, B22, 1
P00, Trade, 45933.654, 156, P00, S22, 1
P00, Trade, 45938.462, 158, P00, B09, 1
P00, Trade, 45939.500, 157, P00, S17, 1
P00, Trade, 45939.596, 159, P00, B10, 1
P00, Trade, 45942.654, 156, P00, S16, 1
P00, Trade, 45951.327, 157, P00, B04, 1
P00, Trade, 45954.154, 154, P00, S02, 1
P00, Trade, 45957.173, 154, P00, B09, 1
P00, Trade, 45968.154, 156, P00, S10, 1
P00, Trade, 45970.654, 159, P00, B16, 1
P00, Trade, 45973.558, 157, P00, S04, 1
P00, Trade, 45978.019, 158, P00, B03, 1
P00, Trade, 45983.654, 159, P00, S06, 1
P00, Trade, 45995.385, 158, P00, B24, 1
P00, Trade, 45998.750, 152, P00, S20, 1
P00, Trade, 46004.115, 155, P00, B20, 1
P00, Trade, 46013.019, 147, P00, S06, 1
P00, Trade, 46015.154, 148, P00, B12, 1
P00, Trade, 46017.731, 145, P00, S15, 1
P00, Trade, 46022.981, 150, P00, B17, 1
P00, Trade, 46028.462, 149, P00, S06, 1
P00, Trade, 46030.442, 152, P00, B04, 1
P00, Trade, 46032.596, 155, P00, S08, 1
P00, Trade, 46034.731, 156, P00, B20, 1
P00, Trade, 46039.827, 153, P00, S16, 1
P00, Trade, 46043.038, 153, P00, B09, 1
P00, Trade, 46045.750, 149, P00, S01, 1
P00, Trade, 46050.192, 157, P00, B17, 1
P00, Trade, 46052.885, 156, P00, S07, 1
P00, Trade, 46059.365, 155, P00, B03, 1
P00, Trade, 46060.481, 154, P00, S08, 1
P00, Trade, 46067.558, 149, P00, B01, 1
P00, Trade, 46074.077, 148, P00, S07, 1
P00, Trade, 46076.962, 152, P00, B11, 1
P00, Trade, 46077.538, 151, P00, S18, 1
P00, Trade, 46085.288, 154, P00, B12, 1
P00, Trade, 46092.096, 151, P00, S00, 1
P00, Trade, 46100.327, 149, P00, B20, 1
P00, Trade, 46107.462, 157, P00, S12, 1
P00, Trade, 46117.865, 150, P00, B19, 1
P00, Trade, 46122.154, 148, P00, S16, 1
P00, Trade, 46125.019, 153, P00, B17, 1
P00, Trade, 46132.654, 151, P00, S16, 1
P00, Trade, 46150.135, 155, P00, B11, 1
P00, Trade, 46157.192, 155, P00, S11, 1
P00, Trade, 46170.962, 152, P00, B22, 1
P00, Trade, 46174.673, 151, P00, S22, 1
P00, Trade, 46178.404, 157, P00, B00, 1
P00, Trade, 46180.558, 154, P00, S20, 1
P00, Trade, 46183.019, 153, P00, B24, 1
P00, Trade, 46190.269, 153, P00, S17, 1
P00, Trade, 46202.423, 156, P00, B18, 1
P00, Trade, 46214.269, 151, P00, S06, 1
P00, Trade, 46217.135, 155, P00, B20, 1
P00, Trade, 46221.538, 152, P00, S16, 1
P00, Trade, 46221.942, 154, P00, B12, 1
P00, Trade, 46225.750, 155, P00, S13, 1
P00, Trade, 46230.308, 156, P00, B16, 1
P00, Trade, 46235.500, 152, P00, S07, 1
P00, Trade, 46237.558, 153, P00, B18, 1
P00, Trade, 46240.365, 150, P00, S18, 1
P00, Trade, 46242.846, 154, P00, B01, 1
P00, Trade, 46250.250, 156, P00, S17, 1
P00, Trade, 46257.519, 159, P00, B17, 1
P00, Trade, 46259.250, 154, P00, S13, 1
P00, Trade, 46265.058, 151, P00, B00, 1
P00, Trade, 46266.846, 149, P00, S03, 1
P00, Trade, 46271.462, 151, P00, B12, 1
P00, Trade, 46274.442, 151, P00, S07, 1
P00, Trade, 46284.231, 156, P00, B00, 1
P00, Trade, 46286.385, 152, P00, S06, 1
P00, Trade, 46288.038, 153, P00, B12, 1
P00, Trade, 46289.865, 153, P00, S01, 1
P00, Trade, 46298.577, 151, P00, B10, 1
P00, Trade, 46303.231, 151, P00, S22, 1
P00, Trade, 46307.365, 154, P00, B01, 1
P00, Trade, 46308.923, 154, P00, S09, 1
P00, Trade, 46312.731, 153, P00, B05, 1
P00, Trade, 46316.000, 150, P00, S00, 1
P00, Trade, 46318.038, 156, P00, B01, 1
P00, Trade, 46321.481, 152, P00, S03, 1
P00, Trade, 46324.115, 153, P00, B20, 1
P00, Trade, 46330.077, 163, P00, S15, 1
P00, Trade, 46343.250, 153, P00, B23, 1
P00, Trade, 46346.673, 149, P00, S02, 1
P00, Trade, 46353.942, 152, P00, B20, 1
P00, Trade, 46357.038, 159, P00, S19, 1
P00, Trade, 46358.731, 158, P00, B12, 1
P00, Trade, 46363.635, 152, P00, S13, 1
P00, Trade, 46369.115, 153, P00, B12, 1
P00, Trade, 46373.808, 151, P00, S07, 1
P00, Trade, 46375.481, 154, P00, B14, 1
P00, Trade, 46383.538, 154, P00, S03, 1
P00, Trade, 46391.346, 154, P00, B13, 1
P00, Trade, 46393.308, 152, P00, S05, 1
P00, Trade, 46403.462, 153, P00, B08, 1
P00, Trade, 46410.442, 152, P00, S20, 1
P00, Trade, 46417.365, 155, P00, B14, 1
P00, Trade, 46424.981, 150, P00, S17, 1
P00, Trade, 46427.769, 151, P00, B17, 1
P00, Trade, 46431.519, 153, P00, S08, 1
P00, Trade, 46443.019, 148, P00, B14, 1
P00, Trade, 46454.269, 156, P00, S00, 1
P00, Trade, 46456.788, 153, P00, B20, 1
P00, Trade, 46460.442, 150, P00, S24, 1
P00, Trade, 46465.327, 155, P00, B10, 1
P00, Trade, 46469.327, 154, P00, S04, 1
P00, Trade, 46474.904, 153, P00, B04, 1
P00, Trade, 46475.058, 152, P00, S14, 1
P00, Trade, 46477.096, 153, P00, B20, 1
P00, Trade, 46478.135, 152, P00, S02, 1
P00, Trade, 46488.288, 154, P00, B08, 1
P00, Trade, 46490.462, 150, P00, S19, 1
P00, Trade, 46500.731, 149, P00, B05, 1
P00, Trade, 46504.019, 147, P00, S00, 1
P00, Trade, 46507.904, 149, P00, B09, 1
P00, Trade, 46513.962, 150, P00, S08, 1
P00, Trade, 46517.385, 152, P00, B09, 1
P00, Trade, 46520.904, 146, P00, S05, 1
P00, Trade, 46527.923, 146, P00, B10, 1
P00, Trade, 46530.058, 150, P00, S23, 1
P00, Trade, 46536.000, 152, P00, B02, 1
P00, Trade, 46541.654, 151, P00, S15, 1
P00, Trade, 46548.462, 152, P00, B17, 1
P00, Trade, 46554.481, 153, P00, S03, 1
P00, Trade, 46558.846, 153, P00, B19, 1
P00, Trade, 46564.173, 153, P00, S02, 1
P00, Trade, 46567.135, 151, P00, B01, 1
P00, Trade, 46574.865, 149, P00, S04, 1
P00, Trade, 46577.635, 154, P00, B16, 1
P00, Trade, 46590.019, 153, P00, S13, 1
P00, Trade, 46591.981, 156, P00, B03, 1
P00, Trade, 46602.212, 166, P00, S03, 1
P00, Trade, 46612.462, 152, P00, B13, 1
P00, Trade, 46615.596, 148, P00, S04, 1
P00, Trade, 46621.288, 149, P00, B19, 1
P00, Trade, 46630.442, 151, P00, S04, 1
P00, Trade, 46632.404, 153, P00, B10, 1
P00, Trade, 46633.788, 150, P00, S01, 1
P00, Trade, 46634.846, 148, P00, B05, 1
P00, Trade, 46639.442, 147, P00, S05, 1
P00, Trade, 46647.654, 150, P00, B12, 1
P00, Trade, 46651.327, 150, P00, S02, 1
P00, Trade, 46654.423, 159, P00, B20, 1
P00, Trade, 46660.885, 155, P00, S04, 1
P00, Trade, 46664.077, 159, P00, B09, 1
P00, Trade, 46665.308, 152, P00, S07, 1
P00, Trade, 46670.481, 153, P00, B18, 1
P00, Trade, 46672.096, 150, P00, S15, 1
P00, Trade, 46673.500, 153, P00, B20, 1
P00, Trade, 46679.385, 152, P00, S03, 1
P00, Trade, 46685.519, 154, P00, B06, 1
P00, Trade, 46687.577, 154, P00, S10, 1
P00, Trade, 46694.827, 155, P00, B10, 1
P00, Trade, 46700.192, 154, P00, S01, 1
P00, Trade, 46701.596, 161, P00, B14, 1
P00, Trade, 46707.173, 152, P00, S21, 1
P00, Trade, 46711.385, 154, P00, B13, 1
P00, Trade, 46714.154, 150, P00, S12, 1
P00, Trade, 46717.788, 151, P00, B20, 1
P00, Trade, 46733.423, 153, P00, S10, 1
P00, Trade, 46739.769, 152, P00, B17, 1
P00, Trade, 46743.442, 148, P00, S18, 1
P00, Trade, 46748.019, 153, P00, B02, 1
P00, Trade, 46752.827, 152, P00, S14, 1
P00, Trade, 46754.904, 154, P00, B13, 1
P00, Trade, 46761.962, 152, P00, S17, 1
P00, Trade, 46770.577, 154, P00, B20, 1
P00, Trade, 46776.404, 149, P00, S11, 1
P00, Trade, 46782.038, 150, P00, B10, 1
P00, Trade, 46789.192, 157, P00, S06, 1
P00, Trade, 46792.615, 160, P00, B18, 1
P00, Trade, 46798.731, 157, P00, S16, 1
P00, Trade, 46804.558, 153, P00, B02, 1
P00, Trade, 46810.000, 156, P00, S04, 1
P00, Trade, 46815.615, 157, P00, B10, 1
P00, Trade, 46820.365, 154, P00, S09, 1
P00, Trade, 46822.635, 157, P00, B20, 1
P00, Trade, 46825.327, 152, P00, S00, 1
P00, Trade, 46834.904, 154, P00, B01, 1
P00, Trade, 46839.981, 151, P00, S08, 1
P00, Trade, 46841.615, 152, P00, B16, 1
P00, Trade, 46850.308, 153, P00, S03, 1
P00, Trade, 46851.192, 157, P00, B00, 1
P00, Trade, 46859.269, 154, P00, S10, 1
P00, Trade, 46862.865, 158, P00, B21, 1
P00, Trade, 46866.385, 155, P00, S14, 1
P00, Trade, 46868.769, 152, P00, B05, 1
P00, Trade, 46872.481, 151, P00, S11, 1
P00, Trade, 46879.538, 154, P00, B09, 1
P00, Trade, 46886.288, 154, P00, S19, 1
P00, Trade, 46894.712, 148, P00, B24, 1
P00, Trade, 46906.673, 155, P00, S07, 1
P00, Trade, 46910.019, 161, P00, B04, 1
P00, Trade, 46913.865, 156, P00, S03, 1
P00, Trade, 46923.346, 149, P00, B04, 1
P00, Trade, 46928.692, 147, P00, S07, 1
P00, Trade, 46934.173, 152, P00, B17, 1
P00, Trade, 46939.615, 152, P00, S10, 1
P00, Trade, 46940.673, 155, P00, B12, 1
P00, Trade, 46951.712, 153, P00, S13, 1
P00, Trade, 46955.827, 155, P00, B03, 1
P00, Trade, 46959.038, 152, P00, S17, 1
P00, Trade, 46963.558, 153, P00, B08, 1
P00, Trade, 46965.135, 152, S09, P00, 1
P00, Trade, 46966.365, 155, P00, B24, 1
P00, Trade, 46974.000, 148, P00, S22, 1
P00, Trade, 46978.308, 154, P00, B01, 1
P00, Trade, 46989.019, 153, P00, S20, 1
P00, Trade, 46992.481, 157, P00, B11, 1
P00, Trade, 47001.788, 152, P00, S00, 1
P00, Trade, 47010.981, 152, P00, B09, 1
P00, Trade, 47016.500, 156, P00, S10, 1
P00, Trade, 47020.558, 150, P00, B24, 1
P00, Trade, 47027.038, 152, P00, S14, 1
P00, Trade, 47033.500, 151, P00, B16, 1
P00, Trade, 47038.981, 151, P00, S10, 1
P00, Trade, 47044.212, 151, P00, B12, 1
P00, Trade, 47055.673, 151, P00, S10, 1
P00, Trade, 47059.577, 149, P00, B19, 1
P00, Trade, 47065.308, 159, P00, S17, 1
P00, Trade, 47078.115, 151, P00, B01, 1
P00, Trade, 47088.346, 149, P00, S02, 1
P00, Trade, 47091.442, 151, P00, B08, 1
P00, Trade, 47098.481, 153, P00, S15, 1
P00, Trade, 47100.154, 157, P00, B13, 1
P00, Trade, 47108.327, 154, P00, S17, 1
P00, Trade, 47113.692, 147, P00, B20, 1
P00, Trade, 47120.327, 154, P00, S12, 1
P00, Trade, 47127.808, 154, P00, B14, 1
P00, Trade, 47128.885, 150, P00, S04, 1
P00, Trade, 47131.846, 153, P00, B09, 1
P00, Trade, 47134.827, 153, P00, S12, 1
P00, Trade, 47137.423, 154, P00, B16, 1
P00, Trade, 47143.192, 148, P00, S17, 1
P00, Trade, 47147.788, 149, P00, B09, 1
P00, Trade, 47148.481, 148, P00, S16, 1
P00, Trade, 47157.192, 153, P00, B22, 1
P00, Trade, 47162.308, 155, P00, S11, 1
P00, Trade, 47164.212, 158, P00, B23, 1
P00, Trade, 47172.865, 146, P00, S00, 1
P00, Trade, 47178.712, 154, P00, B10, 1
P00, Trade, 47180.673, 154, P00, S09, 1
P00, Trade, 47185.288, 151, P00, B03, 1
P00, Trade, 47189.019, 147, P00, S01, 1
P00, Trade, 47191.423, 149, P00, B21, 1
P00, Trade, 47193.981, 149, P00, S17, 1
P00, Trade, 47199.212, 155, P00, B04, 1
P00, Trade, 47206.865, 153, P00, S10, 1
P00, Trade, 47210.096, 154, P00, B03, 1
P00, Trade, 47211.846, 152, P00, S17, 1
P00, Trade, 47215.731, 159, P00, B09, 1
P00, Trade, 47217.981, 154, P00, S16, 1
P00, Trade, 47226.808, 156, P00, B01, 1
P00, Trade, 47229.058, 152, P00, S10, 1
P00, Trade, 47231.615, 157, P00, B11, 1
P00, Trade, 47235.500, 149, P00, S02, 1
P00, Trade, 47240.635, 152, P00, B19, 1
P00, Trade, 47243.981, 149, P00, S17, 1
P00, Trade, 47250.327, 152, P00, B02, 1
P00, Trade, 47253.615, 151, P00, S21, 1
P00, Trade, 47261.923, 155, P00, B12, 1
P00, Trade, 47265.654, 153, P00, S12, 1
P00, Trade, 47269.750, 154, P00, B17, 1
P00, Trade, 47272.288, 150, P00, S04, 1
P00, Trade, 47274.692, 151, P00, B23, 1
P00, Trade, 47281.712, 150, P00, S10, 1
P00, Trade, 47283.423, 153, P00, B09, 1
P00, Trade, 47289.404, 154, P00, S09, 1
P00, Trade, 47294.404, 154, P00, B13, 1
P00, Trade, 47298.673, 149, P00, S22, 1
P00, Trade, 47302.885, 154, P00, B19, 1
P00, Trade, 47307.788, 149, P00, S00, 1
P00, Trade, 47314.462, 152, P00, B18, 1
P00, Trade, 47318.577, 150, P00, S01, 1
P00, Trade, 47321.173, 156, P00, B24, 1
P00, Trade, 47326.673, 158, P00, S23, 1
P00, Trade, 47335.750, 148, P00, B12, 1
P00, Trade, 47336.404, 146, P00, S00, 1
P00, Trade, 47340.346, 155, P00, B01, 1
P00, Trade, 47342.404, 148, P00, S00, 1
P00, Trade, 47346.423, 148, P00, B17, 1
P00, Trade, 47354.192, 150, P00, S16, 1
P00, Trade, 47356.692, 153, P00, B01, 1
P00, Trade, 47359.808, 146, P00, S18, 1
P00, Trade, 47362.538, 148, P00, B04, 1
P00, Trade, 47366.327, 152, P00, S00, 1
P00, Trade, 47372.327, 147, P00, B09, 1
P00, Trade, 47376.635, 148, P00, S06, 1
P00, Trade, 47395.500, 150, P00, B03, 1
P00, Trade, 47399.673, 150, P00, S00, 1
P00, Trade, 47401.365, 151, P00, B08, 1
P00, Trade, 47404.462, 150, P00, S24, 1
P00, Trade, 47406.750, 151, P00, B18, 1
P00, Trade, 47411.077, 149, P00, S00, 1
P00, Trade, 47415.769, 150, P00, B16, 1
P00, Trade, 47418.923, 149, P00, S09, 1
P00, Trade, 47419.615, 157, P00, B18, 1
P00, Trade, 47424.962, 151, P00, S01, 1
P00, Trade, 47429.250, 152, P00, B20, 1
P00, Trade, 47431.250, 145, P00, S07, 1
P00, Trade, 47433.788, 149, P00, B20, 1
P00, Trade, 47438.577, 149, P00, S24, 1
P00, Trade, 47450.962, 155, P00, B01, 1
P00, Trade, 47453.000, 145, P00, S22, 1
P00, Trade, 47458.096, 149, P00, B06, 1
P00, Trade, 47459.038, 147, P00, S11, 1
P00, Trade, 47463.481, 144, P00, B12, 1
P00, Trade, 47468.519, 143, P00, S23, 1
P00, Trade, 47478.288, 151, P00, B01, 1
P00, Trade, 47481.288, 151, P00, S15, 1
P00, Trade, 47486.500, 154, P00, B13, 1
P00, Trade, 47489.212, 150, P00, S03, 1
P00, Trade, 47493.808, 150, P00, B12, 1
P00, Trade, 47496.404, 145, P00, S01, 1
P00, Trade, 47511.077, 151, P00, B20, 1
P00, Trade, 47514.558, 147, P00, S15, 1
P00, Trade, 47520.596, 149, P00, B20, 1
P00, Trade, 47525.981, 147, P00, S21, 1
P00, Trade, 47527.635, 152, P00, B01, 1
P00, Trade, 47537.231, 153, P00, S14, 1
P00, Trade, 47545.558, 153, P00, B09, 1
P00, Trade, 47548.385, 146, P00, S20, 1
P00, Trade, 47556.635, 153, P00, B11, 1
P00, Trade, 47564.327, 151, P00, S02, 1
P00, Trade, 47568.519, 151, P00, B23, 1
P00, Trade, 47573.442, 152, P00, S16, 1
P00, Trade, 47578.365, 155, P00, B06, 1
P00, Trade, 47584.115, 152, P00, S20, 1
P00, Trade, 47589.212, 152, P00, B13, 1
P00, Trade, 47591.038, 149, P00, S07, 1
P00, Trade, 47594.231, 158, P00, B08, 1
P00, Trade, 47603.096, 150, P00, S08, 1
P00, Trade, 47610.423, 150, P00, B16, 1
P00, Trade, 47618.519, 155, P00, S17, 1
P00, Trade, 47627.635, 151, P00, B24, 1
P00, Trade, 47630.827, 141, P00, S18, 1
P00, Trade, 47641.942, 146, P00, B01, 1
P00, Trade, 47642.923, 145, P00, S11, 1
P00, Trade, 47646.673, 151, P00, B20, 1
P00, Trade, 47648.346, 148, P00, S14, 1
P00, Trade, 47650.135, 150, P00, B19, 1
P00, Trade, 47652.135, 144, P00, S19, 1
P00, Trade, 47659.019, 150, P00, B22, 1
P00, Trade, 47664.654, 145, P00, S13, 1
P00, Trade, 47669.019, 152, P00, B16, 1
P00, Trade, 47673.231, 144, P00, S10, 1
P00, Trade, 47681.135, 153, P00, B06, 1
P00, Trade, 47689.846, 144, P00, S20, 1
P00, Trade, 47694.481, 153, P00, B17, 1
P00, Trade, 47698.654, 149, P00, S11, 1
P00, Trade, 47701.404, 149, P00, B08, 1
P00, Trade, 47706.654, 145, P00, S24, 1
P00, Trade, 47709.250, 147, P00, B16, 1
P00, Trade, 47710.942, 147, P00, S00, 1
P00, Trade, 47718.731, 152, P00, B19, 1
P00, Trade, 47729.442, 152, P00, S00, 1
P00, Trade, 47731.115, 152, P00, B15, 1
P00, Trade, 47732.404, 151, P00, S18, 1
P00, Trade, 47734.154, 153, P00, B17, 1
P00, Trade, 47738.231, 163, P00, S20, 1
P00, Trade, 47752.173, 151, P00, B03, 1
P00, Trade, 47756.346, 153, P00, S05, 1
P00, Trade, 47765.981, 151, P00, B14, 1
P00, Trade, 47769.154, 144, S19, P00, 1
P00, Trade, 47780.154, 147, P00, B12, 1
P00, Trade, 47784.346, 146, P00, S04, 1
P00, Trade, 47791.538, 154, P00, B05, 1
P00, Trade, 47795.346, 147, P00, S07, 1
P00, Trade, 47804.019, 152, P00, B03, 1
P00, Trade, 47807.692, 148, P00, S20, 1
P00, Trade, 47814.000, 150, B04, P00, 1
P00, Trade, 47815.769, 148, P00, S00, 1
P00, Trade, 47825.404, 152, P00, B09, 1
P00, Trade, 47827.000, 150, P00, S10, 1
P00, Trade, 47829.923, 152, P00, B17, 1
P00, Trade, 47837.135, 153, P00, S21, 1
P00, Trade, 47843.385, 153, P00, B22, 1
P00, Trade, 47849.962, 149, P00, S06, 1
P00, Trade, 47853.923, 152, P00, B03, 1
P00, Trade, 47859.308, 153, P00, S17, 1
P00, Trade, 47865.788, 153, P00, B18, 1
P00, Trade, 47873.135, 148, P00, S18, 1
P00, Trade, 47878.250, 147, P00, B17, 1
P00, Trade, 47886.846, 152, P00, S14, 1
P00, Trade, 47890.558, 152, P00, B20, 1
P00, Trade, 47898.558, 152, P00, S10, 1
P00, Trade, 47902.673, 144, P00, B07, 1
P00, Trade, 47908.750, 145, P00, S15, 1
P00, Trade, 47913.885, 153, P00, B20, 1
P00, Trade, 47921.173, 151, P00, S18, 1
P00, Trade, 47926.404, 151, P00, B24, 1
P00, Trade, 47933.692, 149, P00, S09, 1
P00, Trade, 47936.154, 156, P00, B02, 1
P00, Trade, 47947.212, 151, P00, S02, 1
P00, Trade, 47951.442, 151, P00, B21, 1
P00, Trade, 47954.327, 150, P00, S02, 1
P00, Trade, 47957.692, 151, P00, B02, 1
P00, Trade, 47965.635, 147, P00, S10, 1
P00, Trade, 47975.192, 150, P00, B01, 1
P00, Trade, 47980.308, 148, P00, S09, 1
P00, Trade, 47984.692, 152, P00, B18, 1
P00, Trade, 47986.885, 151, S08, P00, 1
P00, Trade, 47992.288, 153, P00, B23, 1
P00, Trade, 47997.538, 151, P00, S07, 1
P00, Trade, 48000.654, 154, P00, B11, 1
P00, Trade, 48006.173, 174, P00, S06, 1
P00, Trade, 48019.077, 152, P00, B00, 1
P00, Trade, 48023.923, 151, P00, S02, 1
P00, Trade, 48032.846, 154, P00, B09, 1
P00, Trade, 48039.077, 145, P00, S04, 1
P00, Trade, 48042.654, 154, P00, B20, 1
P00, Trade, 48047.577, 145, P00, S17, 1
P00, Trade, 48052.096, 146, P00, B08, 1
P00, Trade, 48054.673, 149, P00, S10, 1
P00, Trade, 48058.269, 150, P00, B01, 1
P00, Trade, 48062.173, 147, P00, S01, 1
P00, Trade, 48069.019, 155, P00, B17, 1
P00, Trade, 48071.019, 152, P00, S01, 1
P00, Trade, 48073.558, 151, P00, B08, 1
P00, Trade, 48080.327, 151, P00, S17, 1
P00, Trade, 48082.673, 159, P00, B22, 1
P00, Trade, 48089.077, 148, P00, S22, 1
P00, Trade, 48090.827, 153, P00, B10, 1
P00, Trade, 48093.981, 145, P00, S10, 1
P00, Trade, 48097.365, 152, P00, B08, 1
P00, Trade, 48100.173, 153, P00, S20, 1
P00, Trade, 48104.250, 153, P00, B24, 1
P00, Trade, 48110.327, 149, P00, S09, 1
P00, Trade, 48117.558, 156, P00, B08, 1
P00, Trade, 48119.519, 150, P00, S15, 1
P00, Trade, 48121.846, 150, P00, B24, 1
P00, Trade, 48127.673, 150, P00, S22, 1
P00, Trade, 48129.981, 152, P00, B12, 1
P00, Trade, 48130.692, 146, P00, S19, 1
P00, Trade, 48140.596, 151, P00, B03, 1
P00, Trade, 48149.942, 148, P00, S01, 1
P00, Trade, 48154.827, 153, P00, B06, 1
P00, Trade, 48159.135, 151, P00, S20, 1
P00, Trade, 48159.981, 154, P00, B07, 1
P00, Trade, 48167.827, 150, P00, S18, 1
P00, Trade, 48174.827, 154, P00, B08, 1
P00, Trade, 48177.385, 150, P00, S04, 1
P00, Trade, 48182.269, 150, P00, B17, 1
P00, Trade, 48188.269, 150, P00, S02, 1
P00, Trade, 48191.769, 156, P00, B03, 1
P00, Trade, 48193.577, 155, P00, S19, 1
P00, Trade, 48203.442, 155, P00, B20, 1
P00, Trade, 48210.135, 150, P00, S02, 1
P00, Trade, 48211.538, 151, P00, B10, 1
P00, Trade, 48216.327, 148, P00, S07, 1
P00, Trade, 48232.865, 153, P00, B24, 1
P00, Trade, 48240.038, 151, P00, S04, 1
P00, Trade, 48242.058, 152, P00, B01, 1
P00, Trade, 48254.923, 149, P00, S18, 1
P00, Trade, 48259.923, 152, P00, B20, 1
P00, Trade, 48260.904, 151, P00, S17, 1
P00, Trade, 48266.673, 153, P00, B08, 1
P00, Trade, 48270.788, 153, P00, S07, 1
P00, Trade, 48272.673, 155, P00, B19, 1
P00, Trade, 48275.538, 154, P00, S07, 1
P00, Trade, 48279.808, 153, P00, B01, 1
P00, Trade, 48286.173, 150, P00, S11, 1
P00, Trade, 48289.635, 152, P00, B21, 1
P00, Trade, 48290.981, 151, P00, S22, 1
P00, Trade, 48295.558, 151, P00, B01, 1
P00, Trade, 48299.923, 149, P00, S03, 1
P00, Trade, 48304.712, 155, P00, B12, 1
P00, Trade, 48306.192, 151, P00, S00, 1
P00, Trade, 48308.500, 150, P00, B08, 1
P00, Trade, 48312.692, 157, P00, S06, 1
P00, Trade, 48322.154, 156, P00, B04, 1
P00, Trade, 48323.404, 152, P00, S01, 1
P00, Trade, 48327.212, 152, P00, B05, 1
P00, Trade, 48330.308, 151, P00, S09, 1
P00, Trade, 48332.577, 152, P00, B10, 1
P00, Trade, 48334.423, 151, P00, S04, 1
P00, Trade, 48336.712, 152, P00, B13, 1
P00, Trade, 48343.865, 155, P00, S24, 1
P00, Trade, 48355.846, 153, P00, B07, 1
P00, Trade, 48360.712, 154, P00, S01, 1
P00, Trade, 48362.058, 156, P00, B13, 1
P00, Trade, 48365.577, 149, P00, S15, 1
P00, Trade, 48371.231, 150, P00, B08, 1
P00, Trade, 48373.481, 153, P00, S06, 1
P00, Trade, 48377.212, 154, P00, B19, 1
P00, Trade, 48380.942, 151, P00, S20, 1
P00, Trade, 48381.885, 154, P00, B08, 1
P00, Trade, 48384.673, 153, P00, S10, 1
P00, Trade, 48390.596, 151, P00, B08, 1
P00, Trade, 48391.750, 148, P00, S16, 1
P00, Trade, 48395.404, 152, P00, B20, 1
P00, Trade, 48403.346, 149, P00, S04, 1
P00, Trade, 48421.788, 157, P00, B24, 1
P00, Trade, 48433.269, 144, P00, S09, 1
P00, Trade, 48436.904, 154, P00, B13, 1
P00, Trade, 48440.481, 154, P00, S00, 1
P00, Trade, 48444.808, 154, P00, B09, 1
P00, Trade, 48447.558, 152, P00, S18, 1
P00, Trade, 48452.462, 154, P00, B18, 1
P00, Trade, 48456.577, 151, P00, S03, 1
P00, Trade, 48462.885, 161, P00, B05, 1
P00, Trade, 48465.577, 161, P00, S11, 1
P00, Trade, 48472.231, 158, P00, B08, 1
P00, Trade, 48477.019, 150, P00, S04, 1
P00, Trade, 48478.865, 153, P00, B12, 1
P00, Trade, 48483.019, 146, P00, S00, 1
P00, Trade, 48486.077, 144, P00, B00, 1
P00, Trade, 48492.019, 148, P00, S15, 1
P00, Trade, 48498.096, 149, P00, B13, 1
P00, Trade, 48505.038, 148, P00, S07, 1
P00, Trade, 48524.115, 146, P00, B12, 1
P00, Trade, 48528.635, 152, P00, S20, 1
P00, Trade, 48544.192, 148, P00, B04, 1
P00, Trade, 48545.481, 146, P00, S15, 1
P00, Trade, 48554.019, 147, P00, B17, 1
P00, Trade, 48559.423, 150, P00, S17, 1
P00, Trade, 48562.423, 154, P00, B01, 1
P00, Trade, 48562.788, 152, P00, S17, 1
P00, Trade, 48567.077, 152, P00, B24, 1
P00, Trade, 48573.558, 148, P00, S01, 1
P00, Trade, 48575.000, 152, P00, B05, 1
P00, Trade, 48576.808, 151, P00, S05, 1
P00, Trade, 48591.000, 144, P00, B01, 1
P00, Trade, 48598.192, 151, P00, S22, 1
P00, Trade, 48600.327, 151, B00, P00, 1
P00, Trade, 48603.154, 152, P00, S10, 1
P00, Trade, 48611.750, 148, P00, B22, 1
P00, Trade, 48615.173, 147, P00, S18, 1
P00, Trade, 48617.750, 149, P00, B03, 1
P00, Trade, 48621.846, 151, P00, S10, 1
P00, Trade, 48628.404, 152, P00, B22, 1
P00, Trade, 48631.231, 150, P00, S04, 1
P00, Trade, 48642.385, 146, P00, B19, 1
P00, Trade, 48645.923, 154, P00, S18, 1
P00, Trade, 48654.038, 148, P00, B09, 1
P00, Trade, 48655.769, 146, P00, S17, 1
P00, Trade, 48657.923, 151, P00, B01, 1
P00, Trade, 48664.615, 144, P00, S10, 1
P00, Trade, 48668.288, 150, P00, B00, 1
P00, Trade, 48671.558, 148, P00, S06, 1
P00, Trade, 48673.981, 151, P00, B23, 1
P00, Trade, 48678.577, 144, P00, S21, 1
P00, Trade, 48680.481, 145, P00, B21, 1
P00, Trade, 48684.173, 148, P00, S23, 1
P00, Trade, 48689.500, 152, P00, B10, 1
P00, Trade, 48692.288, 146, P00, S23, 1
P00, Trade, 48696.231, 147, P00, B03, 1
P00, Trade, 48701.192, 151, P00, S13, 1
P00, Trade, 48708.808, 151, P00, B08, 1
P00, Trade, 48711.769, 154, P00, S15, 1
P00, Trade, 48715.692, 152, P00, B23, 1
P00, Trade, 48721.865, 150, P00, S00, 1
P00, Trade, 48723.750, 154, P00, B22, 1
P00, Trade, 48726.596, 156, P00, S08, 1
P00, Trade, 48728.750, 157, P00, B01, 1
P00, Trade, 48736.538, 150, P00, S13, 1
P00, Trade, 48737.327, 151, P00, B06, 1
P00, Trade, 48740.019, 149, P00, S16, 1
P00, Trade, 48745.615, 144, P00, B10, 1
P00, Trade, 48753.923, 148, P00, S16, 1
P00, Trade, 48757.769, 151, P00, B08, 1
P00, Trade, 48760.231, 149, P00, S13, 1
P00, Trade, 48764.558, 153, P00, B10, 1
P00, Trade, 48768.346, 147, P00, S06, 1
P00, Trade, 48774.250, 144, P00, B06, 1
P00, Trade, 48779.404, 148, P00, S04, 1
P00, Trade, 48782.000, 150, P00, B20, 1
P00, Trade, 48785.385, 155, P00, S01, 1
P00, Trade, 48792.769, 146, P00, B16, 1
P00, Trade, 48796.731, 147, P00, S17, 1
P00, Trade, 48802.269, 149, P00, B17, 1
P00, Trade, 48812.135, 145, P00, S04, 1
P00, Trade, 48817.019, 149, P00, B09, 1
P00, Trade, 48823.692, 145, P00, S01, 1
P00, Trade, 48825.231, 148, P00, B10, 1
P00, Trade, 48827.346, 147, P00, S08, 1
P00, Trade, 48831.404, 149, P00, B20, 1
P00, Trade, 48838.904, 149, P00, S04, 1
P00, Trade, 48845.269, 148, P00, B15, 1
P00, Trade, 48847.615, 149, P00, S10, 1
P00, Trade, 48855.788, 150, P00, B08, 1
P00, Trade, 48874.154, 144, P00, S24, 1
P00, Trade, 48880.904, 151, P00, B22, 1
P00, Trade, 48886.519, 150, P00, S06, 1
P00, Trade, 48897.538, 148, P00, B11, 1
P00, Trade, 48898.885, 147, P00, S24, 1
P00, Trade, 48901.019, 151, P00, B08, 1
P00, Trade, 48901.327, 147, P00, S20, 1
P00, Trade, 48903.904, 150, P00, B13, 1
P00, Trade, 48908.096, 149, P00, S05, 1
P00, Trade, 48911.442, 150, P00, B09, 1
P00, Trade, 48914.462, 149, P00, S10, 1
P00, Trade, 48915.750, 152, P00, B08, 1
P00, Trade, 48923.269, 147, P00, S22, 1
P00, Trade, 48924.365, 150, P00, B12, 1
P00, Trade, 48925.385, 147, P00, S04, 1
P00, Trade, 48929.750, 148, P00, B07, 1
P00, Trade, 48934.154, 143, P00, S02, 1
P00, Trade, 48939.827, 151, P00, B08, 1
P00, Trade, 48946.365, 145, P00, S06, 1
P00, Trade, 48951.346, 146, P00, B19, 1
P00, Trade, 48962.827, 147, P00, S16, 1
P00, Trade, 48968.365, 147, P00, B10, 1
P00, Trade, 48971.981, 144, P00, S06, 1
P00, Trade, 48973.462, 147, P00, B08, 1
P00, Trade, 48976.942, 146, P00, S10, 1
P00, Trade, 48983.135, 148, P00, B13, 1
P00, Trade, 48990.962, 144, P00, S09, 1
P00, Trade, 48991.981, 149, P00, B09, 1
P00, Trade, 49002.500, 151, P00, S10, 1
P00, Trade, 49014.692, 151, P00, B11, 1
P00, Trade, 49018.519, 147, P00, S05, 1
P00, Trade, 49021.923, 149, P00, B07, 1
P00, Trade, 49029.596, 144, P00, S13, 1
P00, Trade, 49031.577, 149, P00, B19, 1
P00, Trade, 49035.404, 147, P00, S15, 1
P00, Trade, 49041.423, 156, P00, B14, 1
P00, Trade, 49046.346, 154, P00, S14, 1
P00, Trade, 49048.250, 151, P00, P01, 1
P00, Trade, 49053.712, 149, P00, S20, 1
P00, Trade, 49054.962, 151, P00, B12, 1
P00, Trade, 49060.500, 155, P00, S13, 1
P00, Trade, 49068.865, 150, P00, B17, 1
P00, Trade, 49072.442, 145, P00, S20, 1
P00, Trade, 49078.481, 148, P00, B18, 1
P00, Trade, 49081.577, 149, P00, S04, 1
P00, Trade, 49087.442, 151, P00, B12, 1
P00, Trade, 49092.769, 150, P00, S22, 1
P00, Trade, 49099.250, 153, P00, B17, 1
P00, Trade, 49103.423, 153, P00, S11, 1
P00, Trade, 49109.731, 147, P00, B00, 1
P00, Trade, 49111.788, 144, P00, S03, 1
P00, Trade, 49117.692, 148, P00, B22, 1
P00, Trade, 49122.250, 146, P00, S09, 1
P00, Trade, 49126.577, 147, P00, B02, 1
P00, Trade, 49129.192, 147, P00, S04, 1
P00, Trade, 49131.115, 154, P00, B11, 1
P00, Trade, 49135.788, 147, P00, S21, 1
P00, Trade, 49148.058, 147, P00, B00, 1
P00, Trade, 49153.654, 152, P00, S09, 1
P00, Trade, 49156.942, 154, P00, B12, 1
P00, Trade, 49164.808, 143, P00, S20, 1
P00, Trade, 49166.577, 147, P00, B01, 1
P00, Trade, 49171.442, 148, P00, S18, 1
P00, Trade, 49182.173, 147, P00, B04, 1
P00, Trade, 49185.115, 142, P00, S10, 1
P00, Trade, 49188.212, 150, P00, B11, 1
P00, Trade, 49191.288, 148, P00, S06, 1
P00, Trade, 49203.519, 149, P00, B19, 1
P00, Trade, 49208.346, 148, P00, S20, 1
P00, Trade, 49217.673, 156, P00, B08, 1
P00, Trade, 49222.135, 152, P00, S01, 1
P00, Trade, 49226.904, 152, P00, B09, 1
P00, Trade, 49236.538, 148, P00, S08, 1
P00, Trade, 49240.000, 151, P00, B17, 1
P00, Trade, 49246.750, 147, P00, S09, 1
P00, Trade, 49249.827, 149, P00, B24, 1
P00, Trade, 49254.904, 145, P00, S04, 1
P00, Trade, 49261.058, 148, P00, B13, 1
P00, Trade, 49264.769, 150, P00, S08, 1
P00, Trade, 49266.615, 151, P00, B07, 1
P00, Trade, 49272.712, 150, P00, S17, 1
P00, Trade, 49276.635, 152, P00, B11, 1
P00, Trade, 49282.250, 147, P00, S10, 1
P00, Trade, 49284.769, 152, P00, B09, 1
P00, Trade, 49290.000, 147, P00, S03, 1
P00, Trade, 49293.981, 145, P00, B07, 1
P00, Trade, 49296.154, 144, P00, S01, 1
P00, Trade, 49298.404, 150, P00, B20, 1
P00, Trade, 49305.712, 149, P00, S00, 1
P00, Trade, 49311.654, 155, P00, B23, 1
P00, Trade, 49317.442, 149, P00, S15, 1
P00, Trade, 49320.154, 153, P00, B20, 1
P00, Trade, 49321.327, 152, P00, S13, 1
P00, Trade, 49324.519, 153, P00, B24, 1
P00, Trade, 49329.115, 148, P00, S20, 1
P00, Trade, 49336.135, 148, P00, B23, 1
P00, Trade, 49342.923, 149, P00, S04, 1
P00, Trade, 49347.308, 153, P00, B10, 1
P00, Trade, 49350.500, 152, P00, S19, 1
P00, Trade, 49356.596, 154, P00, B11, 1
P00, Trade, 49363.885, 147, P00, S06, 1
P00, Trade, 49371.692, 143, P00, B12, 1
P00, Trade, 49378.769, 148, P00, S16, 1
P00, Trade, 49382.692, 152, P00, B00, 1
P00, Trade, 49385.558, 154, P00, S09, 1
P00, Trade, 49390.635, 153, P00, B08, 1
P00, Trade, 49393.731, 148, P00, S24, 1
P00, Trade, 49397.500, 149, P00, B09, 1
P00, Trade, 49399.577, 149, P00, S00, 1
P00, Trade, 49410.904, 150, P00, B16, 1
P00, Trade, 49417.673, 146, P00, S17, 1
P00, Trade, 49419.712, 149, P00, B05, 1
P00, Trade, 49423.096, 141, P00, S02, 1
P00, Trade, 49427.788, 147, P00, B07, 1
P00, Trade, 49430.808, 147, P00, S10, 1
P00, Trade, 49435.212, 149, P00, B17, 1
P00, Trade, 49440.442, 146, P00, S12, 1
P00, Trade, 49443.231, 148, P00, B09, 1
P00, Trade, 49453.115, 145, P00, S20, 1
P00, Trade, 49455.250, 147, P00, B20, 1
P00, Trade, 49464.596, 146, P00, S17, 1
P00, Trade, 49465.846, 147, P00, B21, 1
P00, Trade, 49471.788, 149, P00, S10, 1
P00, Trade, 49478.154, 150, P00, B05, 1
P00, Trade, 49480.000, 149, P00, S22, 1
P00, Trade, 49490.750, 147, P00, B17, 1
P00, Trade, 49495.481, 147, P00, S22, 1
P00, Trade, 49505.135, 150, P00, B24, 1
P00, Trade, 49509.942, 148, P00, S08, 1
P00, Trade, 49515.173, 146, P00, B12, 1
P00, Trade, 49524.769, 147, P00, S22, 1
P00, Trade, 49527.000, 147, P00, B08, 1
P00, Trade, 49530.962, 144, P00, S01, 1
P00, Trade, 49533.096, 147, B19, P00, 1
P00, Trade, 49533.596, 144, P00, S09, 1
P00, Trade, 49539.808, 150, P00, B08, 1
P00, Trade, 49544.365, 146, P00, S05, 1
P00, Trade, 49544.885, 148, P00, B20, 1
P00, Trade, 49554.769, 149, P00, S15, 1
P00, Trade, 49562.712, 150, P00, B22, 1
P00, Trade, 49565.788, 145, P00, S04, 1
P00, Trade, 49570.288, 148, P00, B02, 1
P00, Trade, 49572.577, 149, P00, S13, 1
P00, Trade, 49581.096, 150, P00, B06, 1
P00, Trade, 49583.115, 149, P00, S12, 1
P00, Trade, 49586.673, 155, P00, B14, 1
P00, Trade, 49591.635, 148, P00, S18, 1
P00, Trade, 49597.000, 147, P00, B06, 1
P00, Trade, 49600.423, 145, P00, S13, 1
P00, Trade, 49605.154, 148, P00, B16, 1
P00, Trade, 49608.942, 147, P00, S17, 1
P00, Trade, 49614.635, 145, P00, B16, 1
P00, Trade, 49619.731, 148, P00, S18, 1
P00, Trade, 49622.846, 145, B06, P00, 1
P00, Trade, 49624.500, 149, P00, S10, 1
P00, Trade, 49628.404, 152, P00, B00, 1
P00, Trade, 49630.712, 150, P00, S14, 1
P00, Trade, 49633.192, 153, P00, B24, 1
P00, Trade, 49642.404, 145, P00, S07, 1
P00, Trade, 49644.904, 149, P00, B13, 1
P00, Trade, 49649.731, 147, P00, S06, 1
P00, Trade, 49653.673, 148, P00, B05, 1
P00, Trade, 49656.212, 145, P00, S14, 1
P00, Trade, 49657.269, 146, P00, B08, 1
P00, Trade, 49662.385, 152, P00, S10, 1
P00, Trade, 49666.173, 154, P00, B20, 1
P00, Trade, 49672.154, 145, P00, S03, 1
P00, Trade, 49681.712, 149, P00, B01, 1
P00, Trade, 49689.365, 145, P00, S18, 1
P00, Trade, 49698.288, 147, P00, B03, 1
P00, Trade, 49703.827, 148, P00, S11, 1
P00, Trade, 49706.288, 146, P00, B01, 1
P00, Trade, 49713.404, 145, P00, S05, 1
P00, Trade, 49723.250, 141, P00, B14, 1
P00, Trade, 49724.115, 140, P00, S03, 1
P00, Trade, 49726.327, 147, P00, B14, 1
P00, Trade, 49729.154, 144, P00, S02, 1
P00, Trade, 49732.635, 142, P00, B08, 1
P00, Trade, 49736.769, 139, P00, S18, 1
P00, Trade, 49739.154, 143, P00, B05, 1
P00, Trade, 49740.865, 144, P00, S01, 1
P00, Trade, 49742.269, 146, P00, B13, 1
P00, Trade, 49743.462, 143, P00, S02, 1
P00, Trade, 49747.423, 144, P00, B08, 1
P00, Trade, 49748.923, 142, P00, S10, 1
P00, Trade, 49752.019, 142, P00, B21, 1
P00, Trade, 49755.231, 141, P00, S01, 1
P00, Trade, 49761.327, 142, P00, B03, 1
P00, Trade, 49770.385, 145, P00, S07, 1
P00, Trade, 49775.192, 149, P00, B17, 1
P00, Trade, 49781.635, 140, P00, S24, 1
P00, Trade, 49784.673, 143, P00, B14, 1
P00, Trade, 49787.096, 139, P00, S22, 1
P00, Trade, 49797.500, 140, P00, B09, 1
P00, Trade, 49805.192, 145, P00, S20, 1
P00, Trade, 49809.577, 146, P00, B20, 1
P00, Trade, 49811.942, 143, P00, S04, 1
P00, Trade, 49816.750, 142, P00, B00, 1
P00, Trade, 49820.231, 136, P00, S13, 1
P00, Trade, 49822.019, 139, P00, B20, 1
P00, Trade, 49824.750, 139, P00, S16, 1
P00, Trade, 49831.038, 149, P00, B09, 1
P00, Trade, 49834.173, 144, P00, S06, 1
P00, Trade, 49839.308, 143, P00, B18, 1
P00, Trade, 49843.462, 143, P00, S08, 1
P00, Trade, 49846.769, 144, P00, B01, 1
P00, Trade, 49851.231, 148, P00, S20, 1
P00, Trade, 49856.731, 148, P00, B10, 1
P00, Trade, 49859.212, 139, P00, S00, 1
P00, Trade, 49861.558, 142, P00, B13, 1
P00, Trade, 49864.558, 140, P00, S24, 1
P00, Trade, 49867.731, 141, P00, B06, 1
P00, Trade, 49872.212, 145, P00, S23, 1
P00, Trade, 49874.404, 149, P00, B19, 1
P00, Trade, 49882.519, 143, P00, S02, 1
P00, Trade, 49884.577, 147, P00, B21, 1
P00, Trade, 49885.981, 146, P00, S18, 1
P00, Trade, 49893.846, 146, P00, B12, 1
P00, Trade, 49899.827, 145, P00, S18, 1
P00, Trade, 49907.769, 141, P00, B17, 1
P00, Trade, 49912.327, 143, P00, S04, 1
P00, Trade, 49913.885, 145, P00, B20, 1
P00, Trade, 49916.212, 144, P00, S18, 1
P00, Trade, 49920.000, 147, P00, B05, 1
P00, Trade, 49921.058, 146, P00, S10, 1
P00, Trade, 49923.365, 147, P00, B22, 1
P00, Trade, 49926.231, 146, P00, S05, 1
P00, Trade, 49939.288, 143, P00, B01, 1
P00, Trade, 49943.192, 142, P00, S12, 1
P00, Trade, 49944.654, 144, P00, B14, 1
P00, Trade, 49952.077, 139, P00, S10, 1
P00, Trade, 49958.615, 140, P00, B04, 1
P00, Trade, 49970.365, 147, P00, S22, 1
P00, Trade, 49972.442, 148, P00, B08, 1
P00, Trade, 49974.923, 144, P00, S03, 1
P00, Trade, 49984.212, 143, P00, B03, 1
P00, Trade, 49988.096, 142, P00, S07, 1
P00, Trade, 49990.712, 145, P00, B13, 1
P00, Trade, 49993.115, 143, P00, S10, 1
P00, Trade, 49994.673, 144, P00, B14, 1
P00, Trade, 50001.885, 143, P00, S00, 1
P00, Trade, 50002.846, 145, P00, B00, 1
P00, Trade, 50009.096, 143, P00, S09, 1
P00, Trade, 50011.212, 144, P00, B12, 1
P00, Trade, 50013.250, 141, P00, S07, 1
P00, Trade, 50020.000, 142, P00, B24, 1
P00, Trade, 50026.288, 137, P00, S22, 1
P00, Trade, 50031.577, 143, P00, B13, 1
P00, Trade, 50033.500, 139, P00, S24, 1
P00, Trade, 50037.231, 138, P00, B06, 1
P00, Trade, 50043.058, 136, P00, S14, 1
P00, Trade, 50044.596, 139, P00, B14, 1
P00, Trade, 50050.981, 145, P00, S17, 1
P00, Trade, 50057.231, 139, P00, B09, 1
P00, Trade, 50063.538, 141, P00, S20, 1
P00, Trade, 50064.865, 144, P00, B01, 1
P00, Trade, 50069.635, 142, P00, S04, 1
P00, Trade, 50075.173, 144, P00, B20, 1
P00, Trade, 50077.596, 141, P00, S17, 1
P00, Trade, 50079.731, 144, P00, B19, 1
P00, Trade, 50085.481, 144, P00, S07, 1
P00, Trade, 50086.404, 150, P00, B01, 1
P00, Trade, 50089.173, 140, P00, S04, 1
P00, Trade, 50092.385, 144, P00, B12, 1
P00, Trade, 50096.865, 142, P00, S11, 1
P00, Trade, 50105.365, 139, P00, B18, 1
P00, Trade, 50108.962, 137, P00, S02, 1
P00, Trade, 50114.615, 144, P00, B03, 1
P00, Trade, 50116.635, 143, P00, S09, 1
P00, Trade, 50121.327, 139, P00, B03, 1
P00, Trade, 50129.327, 140, P00, S02, 1
P00, Trade, 50134.058, 140, P00, B08, 1
P00, Trade, 50135.462, 138, P00, S14, 1
P00, Trade, 50139.000, 140, P00, B02, 1
P00, Trade, 50143.000, 139, P00, S17, 1
P00, Trade, 50145.962, 145, P00, B15, 1
P00, Trade, 50146.846, 146, P00, S12, 1
P00, Trade, 50155.596, 140, P00, B07, 1
P00, Trade, 50159.192, 140, P00, S02, 1
P00, Trade, 50159.750, 143, P00, B03, 1
P00, Trade, 50165.154, 143, P00, S07, 1
P00, Trade, 50166.154, 143, P00, B22, 1
P00, Trade, 50172.212, 139, P00, S05, 1
P00, Trade, 50173.558, 140, P00, B06, 1
P00, Trade, 50175.269, 139, P00, S15, 1
P00, Trade, 50178.962, 146, P00, B24, 1
P00, Trade, 50194.558, 144, P00, S16, 1
P00, Trade, 50200.019, 142, P00, B13, 1
P00, Trade, 50204.635, 145, P00, S07, 1
P00, Trade, 50207.635, 147, P00, B14, 1
P00, Trade, 50210.154, 144, P00, S17, 1
P00, Trade, 50214.865, 148, P00, B18, 1
P00, Trade, 50218.423, 142, P00, S10, 1
P00, Trade, 50222.788, 148, P00, B00, 1
P00, Trade, 50224.615, 141, P00, S16, 1
P00, Trade, 50227.692, 144, P00, B13, 1
P00, Trade, 50233.558, 143, P00, S04, 1
P00, Trade, 50240.519, 144, P00, B12, 1
P00, Trade, 50242.615, 140, P00, S07, 1
P00, Trade, 50254.596, 139, P00, B13, 1
P00, Trade, 50262.692, 142, P00, S03, 1
P00, Trade, 50265.135, 143, P00, B03, 1
P00, Trade, 50271.808, 145, P00, S01, 1
P00, Trade, 50277.885, 147, P00, B01, 1
P00, Trade, 50289.231, 140, P00, S01, 1
P00, Trade, 50295.500, 138, P00, B09, 1
P00, Trade, 50297.269, 136, P00, S13, 1
P00, Trade, 50301.038, 145, P00, B03, 1
P00, Trade, 50307.731, 147, P00, S00, 1
P00, Trade, 50312.308, 143, P00, B06, 1
P00, Trade, 50322.288, 142, P00, S09, 1
P00, Trade, 50331.558, 141, P00, B08, 1
P00, Trade, 50333.038, 134, P00, S14, 1
P00, Trade, 50336.712, 141, P00, B22, 1
P00, Trade, 50338.212, 140, P00, S05, 1
P00, Trade, 50344.462, 142, P00, B04, 1
P00, Trade, 50344.923, 141, P00, S02, 1
P00, Trade, 50345.942, 142, P00, B09, 1
P00, Trade, 50347.154, 141, P00, S15, 1
P00, Trade, 50364.346, 138, P00, B01, 1
P00, Trade, 50366.558, 138, P00, S03, 1
P00, Trade, 50370.173, 149, P00, B20, 1
P00, Trade, 50373.038, 150, P00, S10, 1
P00, Trade, 50393.192, 138, P00, B09, 1
P00, Trade, 50394.885, 136, P00, S05, 1
P00, Trade, 50397.885, 145, P00, B20, 1
P00, Trade, 50401.000, 143, P00, S04, 1
P00, Trade, 50408.077, 147, P00, B05, 1
P00, Trade, 50409.462, 140, P00, S07, 1
P00, Trade, 50414.654, 141, P00, B11, 1
P00, Trade, 50420.673, 133, P00, S19, 1
P00, Trade, 50422.019, 135, P00, B13, 1
P00, Trade, 50430.865, 139, P00, S03, 1
P00, Trade, 50433.673, 140, P00, B15, 1
P00, Trade, 50438.558, 138, P00, S01, 1
P00, Trade, 50445.423, 137, P00, B05, 1
P00, Trade, 50451.865, 136, P00, S14, 1
P00, Trade, 50453.558, 140, P00, B03, 1
P00, Trade, 50460.115, 138, P00, S08, 1
P00, Trade, 50463.981, 140, P00, B08, 1
P00, Trade, 50469.000, 137, P00, S22, 1
P00, Trade, 50473.481, 139, P00, B01, 1
P00, Trade, 50477.615, 138, P00, S17, 1
P00, Trade, 50486.115, 140, P00, B15, 1
P00, Trade, 50487.904, 137, P00, S16, 1
P00, Trade, 50496.192, 134, P00, B12, 1
P00, Trade, 50499.865, 132, P00, S06, 1
P00, Trade, 50501.096, 135, P00, B05, 1
P00, Trade, 50505.942, 138, P00, S10, 1
P00, Trade, 50512.000, 139, P00, B02, 1
P00, Trade, 50513.058, 137, P00, S10, 1
P00, Trade, 50517.231, 137, P00, B14, 1
P00, Trade, 50519.596, 135, P00, S20, 1
P00, Trade, 50520.885, 138, P00, B01, 1
P00, Trade, 50522.615, 141, P00, S04, 1
P00, Trade, 50529.500, 140, P00, B13, 1
P00, Trade, 50533.731, 136, P00, S14, 1
P00, Trade, 50541.962, 132, P00, B01, 1
P00, Trade, 50553.981, 136, P00, S20, 1
P00, Trade, 50557.846, 142, P00, B22, 1
P00, Trade, 50562.788, 141, P00, S08, 1
P00, Trade, 50567.846, 140, P00, B22, 1
P00, Trade, 50571.096, 135, P00, S10, 1
P00, Trade, 50575.173, 147, P00, B02, 1
P00, Trade, 50577.288, 143, P00, S24, 1
P00, Trade, 50583.596, 144, P00, B05, 1
P00, Trade, 50584.327, 143, P00, S17, 1
P00, Trade, 50591.731, 138, P00, B20, 1
P00, Trade, 50596.173, 134, P00, S13, 1
P00, Trade, 50599.750, 137, P00, B10, 1
P00, Trade, 50601.038, 136, P00, S04, 1
P00, Trade, 50606.635, 139, P00, B16, 1
P00, Trade, 50611.269, 137, P00, S15, 1
P00, Trade, 50624.096, 139, P00, B17, 1
P00, Trade, 50629.115, 138, P00, S17, 1
P00, Trade, 50636.077, 137, P00, B19, 1
P00, Trade, 50642.212, 131, P00, S10, 1
P00, Trade, 50643.808, 137, P00, B14, 1
P00, Trade, 50644.635, 136, P00, S11, 1
P00, Trade, 50647.923, 135, P00, B08, 1
P00, Trade, 50653.250, 135, P00, S03, 1
P00, Trade, 50653.481, 141, P00, B20, 1
P00, Trade, 50656.019, 135, P00, S02, 1
P00, Trade, 50659.577, 136, P00, B08, 1
P00, Trade, 50662.250, 138, P00, S18, 1
P00, Trade, 50666.615, 139, P00, B00, 1
P00, Trade, 50668.423, 134, P00, S18, 1
P00, Trade, 50671.750, 137, P00, B13, 1
P00, Trade, 50676.923, 135, P00, S20, 1
P00, Trade, 50684.000, 141, P00, B14, 1
P00, Trade, 50686.385, 137, P00, S04, 1
P00, Trade, 50687.288, 142, P00, B18, 1
P00, Trade, 50690.250, 136, P00, S15, 1
P00, Trade, 50695.712, 136, P00, B07, 1
P00, Trade, 50700.712, 139, P00, S09, 1
P00, Trade, 50717.788, 136, P00, B13, 1
P00, Trade, 50721.385, 138, P00, S04, 1
P00, Trade, 50724.885, 137, P00, B00, 1
P00, Trade, 50727.692, 136, P00, S14, 1
P00, Trade, 50738.077, 136, P00, B00, 1
P00, Trade, 50743.077, 137, P00, S13, 1
P00, Trade, 50749.019, 138, P00, B24, 1
P00, Trade, 50752.404, 131, P00, S13, 1
P00, Trade, 50754.173, 134, P00, B03, 1
P00, Trade, 50756.885, 130, P00, S00, 1
P00, Trade, 50759.212, 136, P00, B02, 1
P00, Trade, 50766.865, 136, P00, S15, 1
P00, Trade, 50770.481, 141, P00, B10, 1
P00, Trade, 50774.365, 133, P00, S19, 1
P00, Trade, 50780.577, 139, P00, B09, 1
P00, Trade, 50790.288, 140, P00, S22, 1
P00, Trade, 50794.654, 142, P00, B21, 1
P00, Trade, 50796.788, 140, P00, S10, 1
P00, Trade, 50800.981, 143, P00, B00, 1
P00, Trade, 50803.692, 142, S07, P00, 1
P00, Trade, 50806.019, 142, P00, B03, 1
P00, Trade, 50810.442, 138, P00, S17, 1
P00, Trade, 50813.865, 140, P00, B22, 1
P00, Trade, 50818.442, 139, P00, S04, 1
P00, Trade, 50826.731, 140, P00, B03, 1
P00, Trade, 50827.173, 139, P00, S22, 1
P00, Trade, 50829.019, 140, P00, B11, 1
P00, Trade, 50833.250, 137, P00, S19, 1
P00, Trade, 50839.712, 143, P00, B20, 1
P00, Trade, 50845.135, 138, P00, S17, 1
P00, Trade, 50855.808, 136, P00, B06, 1
P00, Trade, 50856.769, 135, P00, S09, 1
P00, Trade, 50858.750, 139, P00, B11, 1
P00, Trade, 50862.019, 133, P00, S12, 1
P00, Trade, 50864.923, 137, P00, B20, 1
P00, Trade, 50870.462, 136, P00, S03, 1
P00, Trade, 50873.923, 140, B14, P00, 1
P00, Trade, 50878.962, 137, P00, S19, 1
P00, Trade, 50887.115, 135, B08, P00, 1
P00, Trade, 50892.058, 133, P00, S22, 1
P00, Trade, 50893.788, 134, P00, B18, 1
P00, Trade, 50900.788, 133, P00, S05, 1
P00, Trade, 50907.500, 134, P00, B22, 1
P00, Trade, 50911.788, 133, P00, S01, 1
P00, Trade, 50914.865, 134, P00, B05, 1
P00, Trade, 50919.712, 132, P00, S03, 1
P00, Trade, 50920.750, 136, P00, B08, 1
P00, Trade, 50922.385, 130, P00, S16, 1
P00, Trade, 50923.577, 132, P00, B05, 1
P00, Trade, 50931.462, 135, P00, S14, 1
P00, Trade, 50935.058, 142, P00, B18, 1
P00, Trade, 50936.423, 137, P00, S06, 1
P00, Trade, 50937.365, 138, P00, B14, 1
P00, Trade, 50938.827, 136, P00, S04, 1
P00, Trade, 50947.096, 137, P00, B03, 1
P00, Trade, 50948.385, 133, P00, S06, 1
P00, Trade, 50951.385, 134, P00, B05, 1
P00, Trade, 50955.442, 134, P00, S16, 1
P00, Trade, 50957.808, 134, P00, B09, 1
P00, Trade, 50961.808, 141, P00, S09, 1
P00, Trade, 50968.769, 139, P00, B22, 1
P00, Trade, 50973.212, 131, P00, S06, 1
P00, Trade, 50982.692, 138, P00, B23, 1
P00, Trade, 50988.788, 137, P00, S04, 1
P00, Trade, 50994.019, 139, P00, B20, 1
P00, Trade, 51005.808, 133, P00, S19, 1
P00, Trade, 51008.019, 142, P00, B24, 1
P00, Trade, 51010.769, 132, P00, S10, 1
P00, Trade, 51015.019, 139, P00, B01, 1
P00, Trade, 51020.365, 136, P00, S11, 1
P00, Trade, 51031.654, 142, P00, B18, 1
P00, Trade, 51033.346, 131, P00, S10, 1
P00, Trade, 51035.865, 134, P00, B04, 1
P00, Trade, 51038.615, 137, P00, S23, 1
P00, Trade, 51039.846, 142, P00, B08, 1
P00, Trade, 51046.750, 136, P00, S12, 1
P00, Trade, 51048.788, 140, P00, B14, 1
P00, Trade, 51052.808, 135, P00, S23, 1
P00, Trade, 51053.577, 141, P00, B08, 1
P00, Trade, 51057.731, 133, P00, S07, 1
P00, Trade, 51063.442, 141, P00, B09, 1
P00, Trade, 51069.577, 131, P00, S10, 1
P00, Trade, 51071.500, 132, P00, B23, 1
P00, Trade, 51080.442, 134, P00, S09, 1
P00, Trade, 51084.000, 136, P00, B01, 1
P00, Trade, 51087.327, 133, P00, S10, 1
P00, Trade, 51092.385, 135, P00, B18, 1
P00, Trade, 51095.731, 137, P00, S14, 1
P00, Trade, 51096.827, 143, P00, B08, 1
P00, Trade, 51098.519, 139, P00, S13, 1
P00, Trade, 51109.404, 141, P00, B22, 1
P00, Trade, 51114.904, 137, P00, S22, 1
P00, Trade, 51119.404, 141, P00, B12, 1
P00, Trade, 51131.096, 130, P00, S22, 1
P00, Trade, 51132.712, 132, P00, B18, 1
P00, Trade, 51135.750, 132, P00, S20, 1
P00, Trade, 51139.827, 135, P00, B23, 1
P00, Trade, 51150.865, 140, P00, S04, 1
P00, Trade, 51156.365, 138, P00, B09, 1
P00, Trade, 51161.135, 137, P00, S22, 1
P00, Trade, 51166.788, 138, P00, B13, 1
P00, Trade, 51176.519, 136, P00, S16, 1
P00, Trade, 51182.885, 134, P00, B14, 1
P00, Trade, 51188.808, 131, P00, S22, 1
P00, Trade, 51193.269, 139, P00, B19, 1
P00, Trade, 51200.077, 135, P00, S08, 1
P00, Trade, 51202.596, 137, P00, B14, 1
P00, Trade, 51208.135, 135, P00, S13, 1
P00, Trade, 51209.981, 135, P00, B07, 1
P00, Trade, 51225.577, 136, P00, S10, 1
P00, Trade, 51232.308, 134, P00, B12, 1
P00, Trade, 51236.865, 138, P00, S15, 1
P00, Trade, 51239.135, 140, P00, B24, 1
P00, Trade, 51241.846, 137, P00, S17, 1
P00, Trade, 51247.038, 135, P00, B04, 1
P00, Trade, 51252.673, 138, P00, S14, 1
P00, Trade, 51260.635, 135, P00, B08, 1
P00, Trade, 51266.346, 138, P00, S09, 1
P00, Trade, 51270.173, 151, P00, B14, 1
P00, Trade, 51275.077, 141, P00, S03, 1
P00, Trade, 51289.904, 137, P00, B12, 1
P00, Trade, 51294.942, 138, P00, S04, 1
P00, Trade, 51295.981, 141, P00, B00, 1
P00, Trade, 51301.808, 141, P00, S05, 1
P00, Trade, 51314.519, 138, P00, B20, 1
P00, Trade, 51323.442, 140, P00, S11, 1
P00, Trade, 51325.423, 143, P00, B12, 1
P00, Trade, 51326.558, 137, P00, S17, 1
P00, Trade, 51330.442, 137, P00, B12, 1
P00, Trade, 51336.673, 135, P00, S01, 1
P00, Trade, 51340.481, 139, P00, B00, 1
P00, Trade, 51342.769, 135, P00, S09, 1
P00, Trade, 51348.808, 137, P00, B12, 1
P00, Trade, 51354.058, 139, P00, S15, 1
P00, Trade, 51361.981, 138, P00, B23, 1
P00, Trade, 51363.596, 138, P00, S16, 1
P00, Trade, 51370.635, 139, P00, B00, 1
P00, Trade, 51377.135, 140, P00, S00, 1
P00, Trade, 51383.173, 140, P00, B20, 1
P00, Trade, 51386.808, 142, P00, S00, 1
P00, Trade, 51388.442, 148, P00, B23, 1
P00, Trade, 51393.096, 146, P00, S07, 1
P00, Trade, 51397.115, 142, P00, B12, 1
P00, Trade, 51404.058, 138, P00, S04, 1
P00, Trade, 51406.173, 139, P00, B19, 1
P00, Trade, 51411.769, 138, P00, S14, 1
P00, Trade, 51414.519, 138, P00, B18, 1
P00, Trade, 51416.519, 136, P00, S04, 1
P00, Trade, 51420.327, 139, P00, B13, 1
P00, Trade, 51421.558, 132, P00, S00, 1
P00, Trade, 51423.904, 138, P00, B07, 1
P00, Trade, 51431.269, 139, P00, S16, 1
P00, Trade, 51434.327, 143, P00, B05, 1
P00, Trade, 51437.135, 139, P00, S21, 1
P00, Trade, 51441.385, 140, P00, B10, 1
P00, Trade, 51446.712, 144, P00, S17, 1
P00, Trade, 51454.577, 140, P00, B03, 1
P00, Trade, 51462.827, 135, P00, S06, 1
P00, Trade, 51466.942, 139, P00, B08, 1
P00, Trade, 51469.231, 137, P00, S16, 1
P00, Trade, 51478.154, 141, P00, B16, 1
P00, Trade, 51479.423, 138, P00, S17, 1
P00, Trade, 51480.750, 140, P00, B18, 1
P00, Trade, 51485.519, 138, P00, S19, 1
P00, Trade, 51488.231, 143, P00, B10, 1
P00, Trade, 51492.712, 137, P00, S23, 1
P00, Trade, 51494.096, 139, P00, B23, 1
P00, Trade, 51497.885, 136, P00, S13, 1
P00, Trade, 51502.865, 137, P00, B03, 1
P00, Trade, 51509.615, 136, P00, S24, 1
P00, Trade, 51515.404, 136, P00, B00, 1
P00, Trade, 51516.423, 135, P00, S13, 1
P00, Trade, 51521.673, 136, P00, B01, 1
P00, Trade, 51524.288, 133, P00, S04, 1
P00, Trade, 51528.404, 133, P00, B14, 1
P00, Trade, 51531.712, 134, P00, S16, 1
P00, Trade, 51533.712, 138, P00, B23, 1
P00, Trade, 51536.481, 133, P00, S00, 1
P00, Trade, 51539.250, 143, P00, B16, 1
P00, Trade, 51540.923, 139, P00, S16, 1
P00, Trade, 51550.692, 140, P00, B19, 1
P00, Trade, 51555.500, 135, P00, S24, 1
P00, Trade, 51560.827, 132, P00, B09, 1
P00, Trade, 51563.577, 133, P00, S16, 1
P00, Trade, 51566.404, 138, P00, B13, 1
P00, Trade, 51571.500, 134, P00, S02, 1
P00, Trade, 51574.135, 135, B23, P00, 1
P00, Trade, 51579.115, 136, P00, S00, 1
P00, Trade, 51586.788, 134, P00, B18, 1
P00, Trade, 51591.712, 131, P00, S04, 1
P00, Trade, 51592.250, 137, P00, B20, 1
P00, Trade, 51597.404, 130, P00, S06, 1
P00, Trade, 51599.231, 136, P00, B08, 1
P00, Trade, 51607.346, 132, P00, S17, 1
P00, Trade, 51612.750, 144, P00, B23, 1
P00, Trade, 51613.192, 140, P00, S10, 1
P00, Trade, 51626.385, 134, P00, B07, 1
P00, Trade, 51630.115, 130, P00, S09, 1
P00, Trade, 51632.462, 139, P00, B06, 1
P00, Trade, 51635.538, 136, P00, S04, 1
P00, Trade, 51643.115, 138, P00, B08, 1
P00, Trade, 51649.115, 135, P00, S02, 1
P00, Trade, 51651.019, 140, P00, B19, 1
P00, Trade, 51654.962, 135, P00, S16, 1
P00, Trade, 51655.731, 134, P00, B12, 1
P00, Trade, 51665.923, 138, P00, S11, 1
P00, Trade, 51677.942, 133, P00, B20, 1
P00, Trade, 51679.519, 130, P00, S02, 1
P00, Trade, 51682.558, 134, P00, B19, 1
P00, Trade, 51689.654, 135, P00, S01, 1
P00, Trade, 51694.346, 140, P00, B08, 1
P00, Trade, 51698.135, 139, P00, S14, 1
P00, Trade, 51703.442, 136, P00, B00, 1
P00, Trade, 51709.365, 132, P00, S01, 1
P00, Trade, 51715.827, 134, P00, B22, 1
P00, Trade, 51718.288, 133, P00, S10, 1
P00, Trade, 51719.135, 137, P00, B19, 1
P00, Trade, 51722.365, 133, P00, S16, 1
P00, Trade, 51725.808, 137, P00, B17, 1
P00, Trade, 51731.250, 138, P00, S10, 1
P00, Trade, 51740.038, 132, P00, B19, 1
P00, Trade, 51744.827, 135, P00, S23, 1
P00, Trade, 51753.692, 146, P00, B02, 1
P00, Trade, 51763.923, 138, P00, S08, 1
P00, Trade, 51769.269, 140, P00, B01, 1
P00, Trade, 51773.346, 136, P00, S17, 1
P00, Trade, 51778.635, 138, P00, B13, 1
P00, Trade, 51781.846, 137, P00, S10, 1
P00, Trade, 51783.769, 138, P00, B22, 1
P00, Trade, 51787.538, 138, P00, S12, 1
P00, Trade, 51791.096, 139, P00, B21, 1
P00, Trade, 51792.885, 138, P00, S19, 1
P00, Trade, 51802.904, 137, P00, B19, 1
P00, Trade, 51805.058, 134, P00, S23, 1
P00, Trade, 51810.596, 136, P00, B11, 1
P00, Trade, 51814.942, 134, P00, S16, 1
P00, Trade, 51818.827, 137, P00, B02, 1
P00, Trade, 51824.365, 137, P00, S04, 1
P00, Trade, 51829.000, 138, P00, B13, 1
P00, Trade, 51833.846, 143, P00, S12, 1
P00, Trade, 51841.981, 127, B05, P00, 1
P00, Trade, 51850.885, 136, P00, S17, 1
P00, Trade, 51857.038, 135, P00, B16, 1
P00, Trade, 51858.442, 134, P00, S22, 1
P00, Trade, 51859.923, 135, P00, B03, 1
P00, Trade, 51864.692, 133, P00, S19, 1
P00, Trade, 51869.673, 137, P00, B08, 1
P00, Trade, 51872.654, 134, P00, S04, 1
P00, Trade, 51874.135, 134, P00, B14, 1
P00, Trade, 51884.962, 134, P00, S07, 1
P00, Trade, 51888.712, 136, P00, B22, 1
P00, Trade, 51893.538, 142, P00, S14, 1
P00, Trade, 51907.635, 138, P00, B12, 1
P00, Trade, 51916.615, 137, P00, S15, 1
P00, Trade, 51918.115, 138, P00, B15, 1
P00, Trade, 51924.288, 138, P00, S19, 1
P00, Trade, 51930.827, 138, P00, B08, 1
P00, Trade, 51934.519, 135, P00, S04, 1
P00, Trade, 51943.500, 140, P00, B15, 1
P00, Trade, 51948.462, 140, P00, S02, 1
P00, Trade, 51953.269, 139, P00, B20, 1
P00, Trade, 51958.519, 137, P00, S04, 1
P00, Trade, 51972.596, 138, P00, B16, 1
P00, Trade, 51975.923, 138, P00, S24, 1
P00, Trade, 51978.904, 140, P00, B01, 1
P00, Trade, 51981.231, 136, P00, S07, 1
P00, Trade, 51984.865, 134, P00, B09, 1
P00, Trade, 51989.173, 134, P00, S06, 1
P00, Trade, 51993.827, 133, P00, B12, 1
P00, Trade, 52002.231, 142, P00, S17, 1
P00, Trade, 52008.346, 137, P00, B13, 1
P00, Trade, 52014.750, 138, P00, S00, 1
P00, Trade, 52029.577, 137, P00, B12, 1
P00, Trade, 52045.481, 140, P00, S10, 1
P00, Trade, 52054.288, 137, P00, B13, 1
P00, Trade, 52056.923, 134, P00, S13, 1
P00, Trade, 52064.635, 137, P00, B09, 1
P00, Trade, 52067.846, 135, P00, S01, 1
P00, Trade, 52075.308, 138, P00, B19, 1
P00, Trade, 52079.750, 134, P00, S13, 1
P00, Trade, 52083.712, 133, P00, B08, 1
P00, Trade, 52086.442, 136, P00, S00, 1
P00, Trade, 52095.731, 141, B15, P00, 1
P00, Trade, 52100.865, 141, P00, S11, 1
P00, Trade, 52103.577, 144, P00, B12, 1
P00, Trade, 52107.981, 141, P00, S12, 1
P00, Trade, 52113.885, 142, P00, B17, 1
P00, Trade, 52119.135, 138, P00, S10, 1
P00, Trade, 52120.885, 142, P00, B13, 1
P00, Trade, 52127.250, 146, P00, S20, 1
P00, Trade, 52132.231, 150, P00, B08, 1
P00, Trade, 52139.135, 137, P00, S15, 1
P00, Trade, 52143.538, 138, P00, B07, 1
P00, Trade, 52147.038, 138, P00, S09, 1
P00, Trade, 52151.058, 139, P00, B20, 1
P00, Trade, 52156.827, 139, P00, S01, 1
P00, Trade, 52161.154, 144, P00, B03, 1
P00, Trade, 52174.096, 140, P00, S10, 1
P00, Trade, 52177.596, 141, P00, B02, 1
P00, Trade, 52185.923, 140, P00, S07, 1
P00, Trade, 52192.231, 143, P00, B18, 1
P00, Trade, 52196.904, 143, P00, S06, 1
P00, Trade, 52198.808, 144, P00, B08, 1
P00, Trade, 52202.481, 145, P00, S04, 1
P00, Trade, 52210.269, 136, P00, B20, 1
P00, Trade, 52210.923, 137, P00, S04, 1
P00, Trade, 52216.288, 143, P00, B10, 1
P00, Trade, 52219.308, 141, P00, S18, 1
P00, Trade, 52232.750, 142, P00, B00, 1
P00, Trade, 52236.423, 138, P00, S14, 1
P00, Trade, 52245.269, 141, P00, B06, 1
P00, Trade, 52246.885, 136, P00, S19, 1
P00, Trade, 52251.404, 143, P00, B15, 1
P00, Trade, 52254.077, 141, P00, S06, 1
P00, Trade, 52261.308, 142, P00, B00, 1
P00, Trade, 52266.154, 144, P00, S11, 1
P00, Trade, 52280.558, 140, P00, B08, 1
P00, Trade, 52292.250, 146, P00, S15, 1
P00, Trade, 52296.365, 143, P00, B13, 1
P00, Trade, 52297.981, 138, P00, S04, 1
P00, Trade, 52302.327, 133, P00, B06, 1
P00, Trade, 52305.462, 142, P00, S23, 1
P00, Trade, 52318.058, 142, P00, B14, 1
P00, Trade, 52332.500, 142, P00, S13, 1
P00, Trade, 52339.000, 143, P00, B12, 1
P00, Trade, 52342.942, 144, P00, S10, 1
P00, Trade, 52346.731, 146, P00, B01, 1
P00, Trade, 52348.154, 138, P00, S07, 1
P00, Trade, 52353.135, 144, P00, B23, 1
P00, Trade, 52358.923, 141, P00, S00, 1
P00, Trade, 52365.846, 148, P00, B08, 1
P00, Trade, 52368.365, 144, P00, S10, 1
P00, Trade, 52381.731, 144, P00, B03, 1
P00, Trade, 52385.288, 143, P00, S19, 1
P00, Trade, 52388.173, 148, P00, B09, 1
P00, Trade, 52395.058, 138, P00, S18, 1
P00, Trade, 52401.192, 140, P00, B19, 1
P00, Trade, 52404.865, 144, P00, S00, 1
P00, Trade, 52405.404, 146, P00, B12, 1
P00, Trade, 52417.365, 147, P00, S13, 1
P00, Trade, 52421.058, 144, P00, B10, 1
P00, Trade, 52425.635, 147, P00, S18, 1
P00, Trade, 52433.692, 144, P00, B03, 1
P00, Trade, 52440.692, 141, P00, S18, 1
P00, Trade, 52445.808, 141, P00, B18, 1
P00, Trade, 52450.135, 148, P00, S15, 1
P00, Trade, 52468.385, 142, P00, B06, 1
P00, Trade, 52472.327, 146, P00, S07, 1
P00, Trade, 52473.096, 147, P00, B22, 1
P00, Trade, 52482.692, 145, P00, S14, 1
P00, Trade, 52484.346, 147, P00, B17, 1
P00, Trade, 52489.442, 138, P00, S19, 1
P00, Trade, 52490.308, 140, P00, B10, 1
P00, Trade, 52493.288, 140, P00, S15, 1
P00, Trade, 52497.365, 142, P00, B13, 1
P00, Trade, 52501.519, 148, P00, S15, 1
P00, Trade, 52503.058, 150, B09, P00, 1
P00, Trade, 52507.885, 142, P00, S07, 1
P00, Trade, 52510.750, 146, P00, B20, 1
P00, Trade, 52515.173, 145, P00, S05, 1
P00, Trade, 52518.442, 146, P00, B08, 1
P00, Trade, 52525.731, 139, P00, S01, 1
P00, Trade, 52532.808, 141, P00, B24, 1
P00, Trade, 52540.923, 142, P00, S02, 1
P00, Trade, 52546.750, 146, P00, B18, 1
P00, Trade, 52553.519, 140, P00, S24, 1
P00, Trade, 52557.615, 140, P00, B02, 1
P00, Trade, 52562.250, 138, P00, S04, 1
P00, Trade, 52564.154, 136, P00, B10, 1
P00, Trade, 52571.923, 143, P00, S22, 1
P00, Trade, 52577.096, 143, P00, B12, 1
P00, Trade, 52584.192, 143, P00, S09, 1
P00, Trade, 52590.692, 144, P00, B02, 1
P00, Trade, 52592.173, 142, P00, S04, 1
P00, Trade, 52607.827, 137, P00, B11, 1
P00, Trade, 52613.750, 144, P00, S10, 1
P00, Trade, 52617.635, 147, P00, B15, 1
P00, Trade, 52622.615, 141, P00, S00, 1
P00, Trade, 52627.058, 142, P00, B16, 1
P00, Trade, 52629.615, 140, P00, S04, 1
P00, Trade, 52634.481, 141, P00, B20, 1
P00, Trade, 52640.154, 135, P00, S00, 1
P00, Trade, 52641.135, 138, P00, B20, 1
P00, Trade, 52648.365, 147, P00, S06, 1
P00, Trade, 52654.288, 147, P00, B20, 1
P00, Trade, 52659.538, 144, P00, S15, 1
P00, Trade, 52664.885, 144, P00, B16, 1
P00, Trade, 52666.404, 142, P00, S03, 1
P00, Trade, 52674.500, 144, P00, B09, 1
P00, Trade, 52679.519, 140, P00, S16, 1
P00, Trade, 52687.231, 137, P00, B07, 1
P00, Trade, 52693.231, 134, P00, S17, 1
P00, Trade, 52698.135, 132, P00, B14, 1
P00, Trade, 52701.000, 131, P00, S17, 1
P00, Trade, 52707.154, 138, P00, B12, 1
P00, Trade, 52709.538, 137, P00, S07, 1
P00, Trade, 52711.346, 140, P00, B18, 1
P00, Trade, 52717.346, 141, P00, S13, 1
P00, Trade, 52724.981, 134, P00, B14, 1
P00, Trade, 52733.250, 140, P00, S10, 1
P00, Trade, 52739.846, 138, P00, B09, 1
P00, Trade, 52745.250, 135, P00, S01, 1
P00, Trade, 52747.731, 137, P00, B05, 1
P00, Trade, 52751.519, 142, P00, S04, 1
P00, Trade, 52757.577, 146, P00, B04, 1
P00, Trade, 52760.788, 144, P00, S06, 1
P00, Trade, 52763.000, 143, P00, B10, 1
P00, Trade, 52767.500, 136, P00, S18, 1
P00, Trade, 52768.808, 145, P00, B23, 1
P00, Trade, 52772.846, 138, P00, S06, 1
P00, Trade, 52777.423, 143, P00, B16, 1
P00, Trade, 52780.385, 135, P00, S10, 1
P00, Trade, 52782.327, 143, P00, B19, 1
P00, Trade, 52789.135, 138, P00, S12, 1
P00, Trade, 52791.615, 139, P00, B00, 1
P00, Trade, 52794.500, 133, P00, S14, 1
P00, Trade, 52801.000, 140, P00, B02, 1
P00, Trade, 52812.731, 141, P00, S23, 1
P00, Trade, 52824.192, 139, P00, B10, 1
P00, Trade, 52831.096, 138, P00, S09, 1
P00, Trade, 52849.154, 138, P00, B23, 1
P00, Trade, 52859.038, 139, P00, S14, 1
P00, Trade, 52864.673, 139, P00, B12, 1
P00, Trade, 52867.596, 137, P00, S19, 1
P00, Trade, 52872.692, 138, P00, B15, 1
P00, Trade, 52873.962, 138, P00, S00, 1
P00, Trade, 52881.981, 135, P00, B18, 1
P00, Trade, 52886.673, 136, P00, S20, 1
P00, Trade, 52888.269, 137, P00, B14, 1
P00, Trade, 52901.712, 135, P00, S22, 1
P00, Trade, 52904.692, 138, P00, B19, 1
P00, Trade, 52911.673, 143, P00, S00, 1
P00, Trade, 52918.500, 142, P00, B09, 1
P00, Trade, 52923.538, 135, P00, S20, 1
P00, Trade, 52931.385, 145, P00, B16, 1
P00, Trade, 52937.423, 134, P00, S24, 1
P00, Trade, 52945.038, 146, P00, B01, 1
P00, Trade, 52952.212, 137, P00, S10, 1
P00, Trade, 52954.962, 138, P00, B20, 1
P00, Trade, 52958.462, 138, P00, S09, 1
P00, Trade, 52960.212, 138, P00, B12, 1
P00, Trade, 52967.731, 140, P00, S24, 1
P00, Trade, 52976.865, 137, P00, B02, 1
P00, Trade, 52980.154, 135, P00, S15, 1
P00, Trade, 52982.462, 144, P00, B14, 1
P00, Trade, 52983.808, 132, P00, S16, 1
P00, Trade, 52985.365, 133, P00, B08, 1
P00, Trade, 52988.385, 132, P00, S14, 1
P00, Trade, 52992.288, 135, P00, B12, 1
P00, Trade, 52995.731, 133, P00, S02, 1
P00, Trade, 53001.923, 137, P00, B22, 1
P00, Trade, 53005.635, 136, P00, S10, 1
P00, Trade, 53009.077, 142, P00, B09, 1
P00, Trade, 53017.846, 133, P00, S14, 1
P00, Trade, 53030.077, 130, P00, B11, 1
P00, Trade, 53038.154, 137, P00, S14, 1
P00, Trade, 53044.135, 135, P00, B12, 1
P00, Trade, 53051.000, 137, P00, S04, 1
P00, Trade, 53054.654, 137, P00, B21, 1
P00, Trade, 53058.519, 139, P00, S18, 1
P00, Trade, 53066.692, 134, P00, B22, 1
P00, Trade, 53069.673, 131, P00, S00, 1
P00, Trade, 53073.038, 136, P00, B13, 1
P00, Trade, 53075.365, 137, P00, S00, 1
P00, Trade, 53080.231, 138, P00, B15, 1
P00, Trade, 53084.577, 136, P00, S19, 1
P00, Trade, 53088.904, 142, P00, B12, 1
P00, Trade, 53093.558, 138, P00, S04, 1
P00, Trade, 53102.635, 140, P00, B18, 1
P00, Trade, 53108.519, 139, P00, S00, 1
P00, Trade, 53115.038, 140, P00, B16, 1
P00, Trade, 53122.635, 137, P00, S06, 1
P00, Trade, 53129.923, 137, B23, P00, 1
P00, Trade, 53133.538, 133, P00, S06, 1
P00, Trade, 53134.635, 138, P00, B22, 1
P00, Trade, 53138.442, 139, P00, S15, 1
P00, Trade, 53138.904, 143, B18, P00, 1
P00, Trade, 53142.096, 143, P00, S19, 1
P00, Trade, 53150.077, 141, P00, B00, 1
P00, Trade, 53152.423, 135, P00, S12, 1
P00, Trade, 53155.808, 139, P00, B18, 1
P00, Trade, 53159.212, 134, P00, S15, 1
P00, Trade, 53162.019, 136, P00, B22, 1
P00, Trade, 53165.769, 132, P00, S16, 1
P00, Trade, 53169.596, 138, P00, B08, 1
P00, Trade, 53174.808, 133, P00, S24, 1
P00, Trade, 53179.423, 135, P00, B20, 1
P00, Trade, 53182.904, 137, P00, S13, 1
P00, Trade, 53196.327, 132, P00, B14, 1
P00, Trade, 53200.808, 135, P00, S13, 1
P00, Trade, 53203.500, 137, P00, B18, 1
P00, Trade, 53207.596, 135, P00, S14, 1
P00, Trade, 53211.904, 143, P00, B05, 1
P00, Trade, 53214.846, 141, P00, S02, 1
P00, Trade, 53225.308, 137, P00, B13, 1
P00, Trade, 53226.865, 136, P00, S13, 1
P00, Trade, 53232.769, 138, P00, B09, 1
P00, Trade, 53236.558, 133, P00, S14, 1
P00, Trade, 53240.327, 133, P00, B02, 1
P00, Trade, 53248.212, 156, P00, S03, 1
P00, Trade, 53255.962, 132, P00, B12, 1
P00, Trade, 53262.423, 137, P00, S21, 1
P00, Trade, 53265.962, 138, P00, B24, 1
P00, Trade, 53269.654, 135, P00, S17, 1
P00, Trade, 53276.115, 144, P00, B19, 1
P00, Trade, 53278.808, 143, P00, S20, 1
P00, Trade, 53288.154, 138, P00, B20, 1
P00, Trade, 53291.596, 138, P00, S18, 1
P00, Trade, 53306.404, 139, P00, B17, 1
P00, Trade, 53312.154, 135, P00, S13, 1
P00, Trade, 53318.808, 137, P00, B19, 1
P00, Trade, 53321.500, 138, P00, S03, 1
P00, Trade, 53329.462, 141, P00, B01, 1
P00, Trade, 53334.231, 136, P00, S05, 1
P00, Trade, 53338.962, 139, P00, B08, 1
P00, Trade, 53340.904, 139, P00, S16, 1
P00, Trade, 53344.885, 145, P00, B01, 1
P00, Trade, 53349.904, 133, P00, S01, 1
P00, Trade, 53359.000, 132, P00, B16, 1
P00, Trade, 53361.154, 131, P00, S14, 1
P00, Trade, 53366.481, 140, P00, B10, 1
P00, Trade, 53368.981, 139, P00, S11, 1
P00, Trade, 53370.519, 140, P00, B01, 1
P00, Trade, 53372.038, 136, P00, S21, 1
P00, Trade, 53376.846, 135, P00, B18, 1
P00, Trade, 53378.712, 134, P00, S06, 1
P00, Trade, 53380.654, 136, P00, B13, 1
P00, Trade, 53381.769, 132, P00, S04, 1
P00, Trade, 53384.846, 137, P00, B22, 1
P00, Trade, 53387.173, 134, P00, S17, 1
P00, Trade, 53390.635, 135, P00, B18, 1
P00, Trade, 53394.385, 135, P00, S15, 1
P00, Trade, 53399.942, 141, P00, B02, 1
P00, Trade, 53401.635, 140, P00, S17, 1
P00, Trade, 53404.327, 140, P00, B19, 1
P00, Trade, 53407.288, 134, P00, S06, 1
P00, Trade, 53408.731, 135, P00, B24, 1
P00, Trade, 53413.923, 142, P00, S00, 1
P00, Trade, 53428.308, 140, P00, B03, 1
P00, Trade, 53430.808, 135, P00, S19, 1
P00, Trade, 53434.404, 140, P00, B00, 1
P00, Trade, 53438.404, 140, P00, S06, 1
P00, Trade, 53439.019, 142, P00, B12, 1
P00, Trade, 53443.346, 137, P00, S02, 1
P00, Trade, 53445.077, 139, P00, B07, 1
P00, Trade, 53449.096, 138, P00, S09, 1
P00, Trade, 53450.077, 141, P00, B24, 1
P00, Trade, 53453.423, 135, P00, S16, 1
P00, Trade, 53456.692, 143, P00, B02, 1
P00, Trade, 53460.596, 143, P00, S15, 1
P00, Trade, 53467.096, 135, P00, B17, 1
P00, Trade, 53473.596, 134, P00, S03, 1
P00, Trade, 53474.731, 138, P00, B19, 1
P00, Trade, 53482.827, 130, P00, S24, 1
P00, Trade, 53486.019, 137, P00, B18, 1
P00, Trade, 53490.788, 135, P00, S02, 1
P00, Trade, 53498.288, 139, P00, B08, 1
P00, Trade, 53501.808, 134, P00, S04, 1
P00, Trade, 53505.500, 146, P00, B10, 1
P00, Trade, 53508.077, 141, P00, S00, 1
P00, Trade, 53515.192, 140, P00, B24, 1
P00, Trade, 53516.692, 137, P00, S10, 1
P00, Trade, 53521.000, 139, P00, B06, 1
P00, Trade, 53524.115, 138, P00, S16, 1
P00, Trade, 53526.423, 139, P00, B09, 1
P00, Trade, 53531.212, 134, P00, S15, 1
P00, Trade, 53540.654, 135, P00, B12, 1
P00, Trade, 53548.000, 129, P00, S17, 1
P00, Trade, 53551.462, 132, B23, P00, 1
P00, Trade, 53553.904, 135, P00, P01, 1
P00, Trade, 53557.327, 135, P00, B10, 1
P00, Trade, 53560.538, 137, P00, S09, 1
P00, Trade, 53566.673, 139, P00, B14, 1
P00, Trade, 53572.750, 136, P00, S11, 1
P00, Trade, 53574.538, 136, P00, B03, 1
P00, Trade, 53577.442, 129, P00, S01, 1
P00, Trade, 53581.250, 142, P00, B22, 1
P00, Trade, 53583.038, 135, P00, S16, 1
P00, Trade, 53586.288, 141, P00, B09, 1
P00, Trade, 53587.038, 140, P00, S24, 1
P00, Trade, 53592.904, 138, P00, B19, 1
P00, Trade, 53595.596, 135, P00, S03, 1
P00, Trade, 53599.500, 136, P00, B24, 1
P00, Trade, 53602.077, 134, P00, S09, 1
P00, Trade, 53607.577, 143, P00, B23, 1
P00, Trade, 53613.731, 136, P00, S17, 1
P00, Trade, 53616.654, 136, P00, B04, 1
P00, Trade, 53624.731, 135, P00, S18, 1
P00, Trade, 53627.269, 141, P00, B24, 1
P00, Trade, 53629.923, 139, P00, S11, 1
P00, Trade, 53632.538, 140, P00, B07, 1
P00, Trade, 53636.731, 137, P00, S10, 1
P00, Trade, 53639.769, 142, P00, B11, 1
P00, Trade, 53640.673, 141, P00, S02, 1
P00, Trade, 53643.481, 145, P00, B03, 1
P00, Trade, 53645.808, 140, P00, S16, 1
P00, Trade, 53651.404, 142, P00, B11, 1
P00, Trade, 53661.173, 145, P00, S23, 1
P00, Trade, 53666.500, 147, P00, B16, 1
P00, Trade, 53668.827, 145, P00, S20, 1
P00, Trade, 53673.865, 146, P00, B07, 1
P00, Trade, 53675.000, 141, P00, S22, 1
P00, Trade, 53679.192, 145, P00, B05, 1
P00, Trade, 53683.538, 141, P00, S23, 1
P00, Trade, 53703.192, 141, P00, B09, 1
P00, Trade, 53707.308, 142, P00, S20, 1
P00, Trade, 53714.538, 140, P00, B11, 1
P00, Trade, 53721.462, 142, P00, S17, 1
P00, Trade, 53727.327, 140, P00, B09, 1
P00, Trade, 53733.750, 141, P00, S01, 1
P00, Trade, 53742.423, 141, P00, B19, 1
P00, Trade, 53746.769, 133, P00, S01, 1
P00, Trade, 53754.154, 142, P00, B10, 1
P00, Trade, 53758.519, 141, P00, S17, 1
P00, Trade, 53764.212, 139, P00, B08, 1
P00, Trade, 53765.904, 138, P00, S03, 1
P00, Trade, 53767.538, 144, P00, B14, 1
P00, Trade, 53772.000, 142, P00, S09, 1
P00, Trade, 53776.615, 140, P00, B12, 1
P00, Trade, 53779.865, 138, P00, S20, 1
P00, Trade, 53786.269, 140, P00, B10, 1
P00, Trade, 53788.558, 141, P00, S05, 1
P00, Trade, 53804.096, 137, P00, B12, 1
P00, Trade, 53807.038, 136, P00, S19, 1
P00, Trade, 53808.558, 140, P00, B19, 1
P00, Trade, 53812.673, 140, P00, S16, 1
P00, Trade, 53816.288, 142, B21, P00, 1
P00, Trade, 53821.250, 138, P00, S21, 1
P00, Trade, 53823.462, 140, P00, B08, 1
P00, Trade, 53828.404, 135, P00, S18, 1
P00, Trade, 53830.135, 142, P00, B13, 1
P00, Trade, 53839.500, 140, P00, S07, 1
P00, Trade, 53843.115, 142, P00, B12, 1
P00, Trade, 53850.365, 136, P00, S03, 1
P00, Trade, 53854.269, 142, P00, B03, 1
P00, Trade, 53865.192, 138, P00, S15, 1
P00, Trade, 53867.288, 142, P00, B20, 1
P00, Trade, 53873.115, 144, P00, S04, 1
P00, Trade, 53877.692, 145, P00, B22, 1
P00, Trade, 53881.769, 143, P00, S11, 1
P00, Trade, 53890.269, 141, P00, B15, 1
P00, Trade, 53893.635, 140, P00, S00, 1
P00, Trade, 53895.846, 141, P00, B16, 1
P00, Trade, 53898.250, 140, P00, S14, 1
P00, Trade, 53901.962, 141, P00, B21, 1
P00, Trade, 53904.038, 140, P00, S00, 1
P00, Trade, 53907.519, 144, P00, B03, 1
P00, Trade, 53914.231, 140, P00, S13, 1
P00, Trade, 53917.481, 145, P00, B17, 1
P00, Trade, 53922.365, 144, P00, S21, 1
P00, Trade, 53927.808, 140, B00, P00, 1
P00, Trade, 53931.135, 141, P00, S17, 1
P00, Trade, 53939.000, 141, P00, B12, 1
P00, Trade, 53949.346, 146, P00, S04, 1
P00, Trade, 53956.750, 141, P00, B12, 1
P00, Trade, 53964.346, 138, P00, S06, 1
P00, Trade, 53969.558, 142, P00, B17, 1
P00, Trade, 53972.846, 142, P00, S15, 1
P00, Trade, 53978.519, 142, P00, B15, 1
P00, Trade, 53979.712, 140, P00, S06, 1
P00, Trade, 53984.327, 142, P00, B09, 1
P00, Trade, 53992.115, 137, P00, S00, 1
P00, Trade, 53996.788, 140, P00, B12, 1
P00, Trade, 54002.173, 140, P00, S06, 1
P00, Trade, 54003.077, 142, P00, B00, 1
P00, Trade, 54004.596, 134, P00, S14, 1
P00, Trade, 54006.288, 139, P00, B11, 1
P00, Trade, 54010.942, 143, P00, S12, 1
P00, Trade, 54015.615, 135, P00, B08, 1
P00, Trade, 54024.212, 138, P00, S01, 1
P00, Trade, 54033.115, 145, P00, B20, 1
P00, Trade, 54040.115, 142, P00, S01, 1
P00, Trade, 54047.558, 140, P00, B24, 1
P00, Trade, 54052.135, 138, P00, S24, 1
P00, Trade, 54056.308, 138, P00, B10, 1
P00, Trade, 54061.404, 144, P00, S21, 1
P00, Trade, 54069.173, 142, P00, B17, 1
P00, Trade, 54074.250, 137, P00, S18, 1
P00, Trade, 54081.577, 138, P00, B21, 1
P00, Trade, 54086.154, 139, P00, S17, 1
P00, Trade, 54091.673, 139, P00, B21, 1
P00, Trade, 54099.885, 138, P00, S09, 1
P00, Trade, 54106.712, 143, P00, B11, 1
P00, Trade, 54116.923, 139, P00, S23, 1
P00, Trade, 54120.385, 143, P00, B13, 1
P00, Trade, 54122.231, 138, P00, S10, 1
P00, Trade, 54126.731, 143, P00, B05, 1
P00, Trade, 54130.596, 143, P00, S04, 1
P00, Trade, 54136.654, 145, P00, B14, 1
P00, Trade, 54139.519, 142, P00, S07, 1
P00, Trade, 54146.904, 140, P00, B09, 1
P00, Trade, 54149.038, 126, S05, P00, 1
P00, Trade, 54154.077, 149, P00, B02, 1
P00, Trade, 54164.077, 144, P00, S13, 1
P00, Trade, 54167.538, 145, P00, B12, 1
P00, Trade, 54169.481, 144, P00, S05, 1
P00, Trade, 54173.558, 144, P00, B10, 1
P00, Trade, 54175.635, 141, P00, S00, 1
P00, Trade, 54180.481, 145, P00, B13, 1
P00, Trade, 54182.346, 138, P00, S11, 1
P00, Trade, 54184.558, 140, P00, B05, 1
P00, Trade, 54187.308, 140, P00, S04, 1
P00, Trade, 54193.615, 140, P00, B14, 1
P00, Trade, 54196.769, 132, P00, S22, 1
P00, Trade, 54199.788, 135, P00, B13, 1
P00, Trade, 54207.442, 144, P00, S18, 1
P00, Trade, 54222.038, 145, P00, B02, 1
P00, Trade, 54226.846, 139, P00, S02, 1
P00, Trade, 54227.481, 144, P00, B09, 1
P00, Trade, 54235.135, 142, P00, S10, 1
P00, Trade, 54240.115, 146, P00, B01, 1
P00, Trade, 54244.250, 145, P00, S01, 1
P00, Trade, 54253.135, 145, P00, B24, 1
P00, Trade, 54255.923, 138, P00, S20, 1
P00, Trade, 54257.558, 142, P00, B18, 1
P00, Trade, 54265.442, 142, P00, S24, 1
P00, Trade, 54268.423, 139, P00, B08, 1
P00, Trade, 54277.192, 139, P00, S09, 1
P00, Trade, 54281.327, 141, P00, B05, 1
P00, Trade, 54282.019, 139, P00, S14, 1
P00, Trade, 54286.019, 143, P00, B13, 1
P00, Trade, 54290.731, 141, P00, S12, 1
P00, Trade, 54295.250, 138, P00, B14, 1
P00, Trade, 54298.808, 141, P00, S15, 1
P00, Trade, 54306.404, 138, P00, B08, 1
P00, Trade, 54311.423, 137, P00, S18, 1
P00, Trade, 54315.788, 136, P00, B10, 1
P00, Trade, 54316.481, 135, P00, S02, 1
P00, Trade, 54318.269, 135, P00, B15, 1
P00, Trade, 54319.981, 134, P00, S22, 1
P00, Trade, 54323.404, 141, P00, B12, 1
P00, Trade, 54325.423, 133, P00, S03, 1
P00, Trade, 54330.212, 145, P00, B18, 1
P00, Trade, 54332.519, 144, P00, S17, 1
P00, Trade, 54340.942, 145, P00, B09, 1
P00, Trade, 54342.635, 137, P00, S02, 1
P00, Trade, 54345.846, 138, P00, B22, 1
P00, Trade, 54350.981, 136, P00, S06, 1
P00, Trade, 54353.192, 137, P00, B02, 1
P00, Trade, 54365.635, 144, P00, S04, 1
P00, Trade, 54367.596, 146, P00, B01, 1
P00, Trade, 54373.442, 140, P00, S06, 1
P00, Trade, 54374.077, 138, P00, B08, 1
P00, Trade, 54380.538, 136, P00, S13, 1
P00, Trade, 54386.212, 144, P00, B17, 1
P00, Trade, 54388.038, 139, P00, S11, 1
P00, Trade, 54390.404, 142, P00, B20, 1
P00, Trade, 54392.904, 134, P00, S01, 1
P00, Trade, 54395.250, 138, P00, B00, 1
P00, Trade, 54397.635, 144, P00, S19, 1
P00, Trade, 54403.327, 144, P00, B19, 1
P00, Trade, 54407.538, 141, P00, S19, 1
P00, Trade, 54410.635, 146, P00, B08, 1
P00, Trade, 54412.269, 142, P00, S18, 1
P00, Trade, 54420.135, 138, P00, B08, 1
P00, Trade, 54427.500, 137, P00, S13, 1
P00, Trade, 54433.481, 143, P00, B03, 1
P00, Trade, 54439.096, 143, P00, S10, 1
P00, Trade, 54444.962, 141, P00, B06, 1
P00, Trade, 54449.250, 144, P00, S04, 1
P00, Trade, 54463.519, 144, P00, B13, 1
P00, Trade, 54467.654, 142, P00, S17, 1
P00, Trade, 54473.365, 140, P00, B19, 1
P00, Trade, 54477.827, 141, P00, S02, 1
P00, Trade, 54478.231, 142, P00, B12, 1
P00, Trade, 54483.308, 141, P00, S01, 1
P00, Trade, 54487.038, 139, P00, B01, 1
P00, Trade, 54487.750, 136, P00, S15, 1
P00, Trade, 54491.135, 139, P00, B07, 1
P00, Trade, 54500.288, 139, P00, S17, 1
P00, Trade, 54504.865, 143, P00, B15, 1
P00, Trade, 54510.250, 137, P00, S04, 1
P00, Trade, 54513.538, 143, P00, B17, 1
P00, Trade, 54519.846, 139, P00, S15, 1
P00, Trade, 54522.731, 147, P00, B13, 1
P00, Trade, 54528.577, 143, P00, S00, 1
P00, Trade, 54537.288, 145, P00, B08, 1
P00, Trade, 54538.712, 146, P00, S18, 1
P00, Trade, 54552.038, 139, P00, B09, 1
P00, Trade, 54554.827, 138, P00, S01, 1
P00, Trade, 54560.635, 142, P00, B10, 1
P00, Trade, 54572.385, 143, P00, S10, 1
P00, Trade, 54575.365, 136, P00, B23, 1
P00, Trade, 54584.154, 138, P00, S22, 1
P00, Trade, 54587.942, 142, P00, B23, 1
P00, Trade, 54589.596, 135, P00, S18, 1
P00, Trade, 54595.173, 141, P00, B02, 1
P00, Trade, 54597.865, 139, P00, S00, 1
P00, Trade, 54600.962, 140, P00, B14, 1
P00, Trade, 54609.077, 145, P00, S01, 1
P00, Trade, 54618.827, 144, P00, B11, 1
P00, Trade, 54628.077, 141, P00, S17, 1
P00, Trade, 54636.096, 142, P00, B08, 1
P00, Trade, 54643.962, 140, P00, S02, 1
P00, Trade, 54659.654, 141, P00, B13, 1
P00, Trade, 54663.577, 139, P00, S08, 1
P00, Trade, 54667.808, 142, P00, B01, 1
P00, Trade, 54672.269, 138, P00, S17, 1
P00, Trade, 54677.173, 143, P00, B19, 1
P00, Trade, 54682.942, 142, P00, S22, 1
P00, Trade, 54685.962, 142, P00, B00, 1
P00, Trade, 54690.423, 137, P00, S22, 1
P00, Trade, 54692.519, 142, P00, B12, 1
P00, Trade, 54696.231, 135, P00, S09, 1
P00, Trade, 54701.558, 142, P00, B01, 1
P00, Trade, 54709.308, 138, P00, S17, 1
P00, Trade, 54710.423, 147, P00, B08, 1
P00, Trade, 54715.192, 140, P00, S15, 1
P00, Trade, 54717.423, 140, P00, B23, 1
P00, Trade, 54720.115, 139, P00, S16, 1
P00, Trade, 54722.596, 140, P00, B05, 1
P00, Trade, 54725.462, 138, P00, S19, 1
P00, Trade, 54734.962, 143, P00, B18, 1
P00, Trade, 54738.904, 139, P00, S24, 1
P00, Trade, 54742.981, 142, P00, B20, 1
P00, Trade, 54746.577, 143, P00, S12, 1
P00, Trade, 54755.750, 138, P00, B10, 1
P00, Trade, 54764.519, 139, P00, S16, 1
P00, Trade, 54767.442, 144, P00, B12, 1
P00, Trade, 54775.115, 140, P00, S04, 1
P00, Trade, 54782.038, 145, P00, B21, 1
P00, Trade, 54785.115, 144, P00, S18, 1
P00, Trade, 54785.923, 144, P00, B16, 1
P00, Trade, 54788.077, 142, P00, S04, 1
P00, Trade, 54790.904, 144, P00, B09, 1
P00, Trade, 54795.058, 141, P00, S17, 1
P00, Trade, 54799.173, 144, P00, B01, 1
P00, Trade, 54800.250, 141, P00, S02, 1
P00, Trade, 54801.865, 139, P00, B23, 1
P00, Trade, 54803.846, 138, P00, S16, 1
P00, Trade, 54811.442, 143, P00, B15, 1
P00, Trade, 54818.135, 143, P00, S01, 1
P00, Trade, 54822.769, 143, P00, B17, 1
P00, Trade, 54834.615, 141, P00, S09, 1
P00, Trade, 54846.327, 139, P00, B21, 1
P00, Trade, 54850.500, 139, P00, S17, 1
P00, Trade, 54852.173, 140, P00, B12, 1
P00, Trade, 54854.038, 138, P00, S22, 1
P00, Trade, 54857.115, 142, P00, B01, 1
P00, Trade, 54861.077, 138, P00, S10, 1
P00, Trade, 54864.558, 140, P00, B08, 1
P00, Trade, 54869.596, 141, P00, S14, 1
P00, Trade, 54872.308, 145, P00, B16, 1
P00, Trade, 54877.654, 139, P00, S03, 1
P00, Trade, 54883.462, 141, P00, B12, 1
P00, Trade, 54883.942, 137, P00, S09, 1
P00, Trade, 54886.538, 140, P00, B21, 1
P00, Trade, 54893.365, 146, P00, S12, 1
P00, Trade, 54895.712, 148, P00, B09, 1
P00, Trade, 54899.077, 132, P00, S01, 1
P00, Trade, 54903.346, 146, P00, B13, 1
P00, Trade, 54914.173, 140, P00, S24, 1
P00, Trade, 54916.231, 141, P00, B18, 1
P00, Trade, 54924.962, 141, P00, S21, 1
P00, Trade, 54935.462, 143, P00, B19, 1
P00, Trade, 54938.404, 139, P00, S09, 1
P00, Trade, 54942.923, 139, P00, B06, 1
P00, Trade, 54945.096, 141, P00, S09, 1
P00, Trade, 54948.423, 142, P00, B14, 1
P00, Trade, 54955.712, 141, P00, S09, 1
P00, Trade, 54959.500, 141, P00, B23, 1
P00, Trade, 54966.038, 142, P00, S21, 1
P00, Trade, 54971.846, 147, P00, B17, 1
P00, Trade, 54976.115, 141, P00, S15, 1
P00, Trade, 54979.250, 144, P00, B09, 1
P00, Trade, 54985.692, 140, P00, S18, 1
P00, Trade, 54988.712, 143, P00, B16, 1
P00, Trade, 54993.288, 142, P00, S02, 1
P00, Trade, 54997.731, 146, P00, B22, 1
P00, Trade, 55003.404, 142, P00, S00, 1
P00, Trade, 55006.596, 143, P00, B16, 1
P00, Trade, 55010.038, 140, P00, S16, 1
P00, Trade, 55013.096, 140, P00, B05, 1
P00, Trade, 55016.115, 139, P00, S09, 1
P00, Trade, 55018.000, 141, P00, B05, 1
P00, Trade, 55018.981, 145, P00, S15, 1
P00, Trade, 55027.885, 141, P00, B10, 1
P00, Trade, 55034.654, 144, P00, S17, 1
P00, Trade, 55037.135, 146, P00, B20, 1
P00, Trade, 55043.019, 141, P00, S01, 1
P00, Trade, 55050.788, 137, P00, B23, 1
P00, Trade, 55061.115, 138, P00, S18, 1
P00, Trade, 55062.942, 139, P00, B01, 1
P00, Trade, 55064.962, 138, P00, S06, 1
P00, Trade, 55067.596, 148, B11, P00, 1
P00, Trade, 55069.308, 140, P00, S22, 1
P00, Trade, 55073.942, 144, P00, B08, 1
P00, Trade, 55078.615, 142, P00, S09, 1
P00, Trade, 55088.115, 140, P00, B13, 1
P00, Trade, 55093.365, 137, P00, S17, 1
P00, Trade, 55095.865, 142, P00, B03, 1
P00, Trade, 55098.635, 134, P00, S19, 1
P00, Trade, 55111.846, 137, P00, B01, 1
P00, Trade, 55114.192, 137, P00, S14, 1
P00, Trade, 55117.038, 137, P00, B15, 1
P00, Trade, 55124.327, 133, P00, S04, 1
P00, Trade, 55130.981, 135, P00, B20, 1
P00, Trade, 55141.000, 136, P00, S04, 1
P00, Trade, 55142.769, 137, P00, B17, 1
P00, Trade, 55147.269, 141, P00, S03, 1
P00, Trade, 55150.385, 145, P00, B20, 1
P00, Trade, 55155.192, 141, P00, S15, 1
P00, Trade, 55163.019, 141, P00, B20, 1
P00, Trade, 55166.135, 138, P00, S14, 1
P00, Trade, 55169.923, 144, P00, B20, 1
P00, Trade, 55174.250, 141, P00, S00, 1
P00, Trade, 55179.231, 145, P00, B20, 1
P00, Trade, 55186.519, 141, P00, S15, 1
P00, Trade, 55188.058, 143, P00, B22, 1
P00, Trade, 55193.558, 139, P00, S04, 1
P00, Trade, 55199.481, 137, P00, B03, 1
P00, Trade, 55201.731, 135, P00, S07, 1
P00, Trade, 55206.288, 138, P00, B21, 1
P00, Trade, 55209.038, 142, P00, S04, 1
P00, Trade, 55212.712, 138, P00, B09, 1
P00, Trade, 55214.923, 136, P00, S24, 1
P00, Trade, 55215.404, 136, P00, B09, 1
P00, Trade, 55217.481, 135, P00, S22, 1
P00, Trade, 55221.308, 137, P00, B00, 1
P00, Trade, 55229.731, 136, P00, S24, 1
P00, Trade, 55232.019, 138, P00, B16, 1
P00, Trade, 55233.135, 135, P00, S13, 1
P00, Trade, 55239.058, 137, P00, B11, 1
P00, Trade, 55245.577, 141, P00, S06, 1
P00, Trade, 55246.192, 143, P00, B12, 1
P00, Trade, 55251.692, 139, P00, S18, 1
P00, Trade, 55252.885, 141, P00, B14, 1
P00, Trade, 55259.308, 143, P00, S15, 1
P00, Trade, 55263.346, 142, P00, B04, 1
P00, Trade, 55273.231, 143, P00, S07, 1
P00, Trade, 55281.423, 143, P00, B15, 1
P00, Trade, 55290.519, 142, P00, S00, 1
P00, Trade, 55298.308, 147, P00, B09, 1
P00, Trade, 55299.962, 144, P00, S14, 1
P00, Trade, 55308.250, 140, P00, B09, 1
P00, Trade, 55311.173, 138, S12, P00, 1
P00, Trade, 55322.788, 142, P00, B17, 1
P00, Trade, 55324.808, 139, P00, S12, 1
P00, Trade, 55328.577, 139, P00, B07, 1
P00, Trade, 55334.308, 141, P00, S02, 1
P00, Trade, 55336.635, 142, P00, B09, 1
P00, Trade, 55339.635, 138, P00, S07, 1
P00, Trade, 55345.000, 138, P00, B00, 1
P00, Trade, 55358.365, 142, P00, S10, 1
P00, Trade, 55361.404, 142, P00, B24, 1
P00, Trade, 55363.654, 143, P00, S07, 1
P00, Trade, 55369.981, 141, P00, B17, 1
P00, Trade, 55374.788, 138, P00, S19, 1
P00, Trade, 55381.115, 140, P00, B06, 1
P00, Trade, 55385.327, 141, P00, S13, 1
P00, Trade, 55393.115, 142, P00, B01, 1
P00, Trade, 55399.212, 138, P00, S01, 1
P00, Trade, 55403.058, 139, P00, B20, 1
P00, Trade, 55407.077, 140, P00, S02, 1
P00, Trade, 55414.865, 141, P00, B00, 1
P00, Trade, 55422.154, 143, P00, S11, 1
P00, Trade, 55423.231, 144, P00, B20, 1
P00, Trade, 55429.423, 141, P00, S19, 1
P00, Trade, 55434.404, 135, P00, B05, 1
P00, Trade, 55440.327, 137, P00, S13, 1
P00, Trade, 55441.673, 138, P00, B16, 1
P00, Trade, 55445.673, 138, P00, S14, 1
P00, Trade, 55451.558, 138, P00, B08, 1
P00, Trade, 55460.942, 134, P00, S07, 1
P00, Trade, 55463.442, 137, P00, B01, 1
P00, Trade, 55467.923, 136, P00, S09, 1
P00, Trade, 55472.135, 137, P00, B00, 1
P00, Trade, 55482.981, 140, P00, S07, 1
P00, Trade, 55491.654, 138, P00, B24, 1
P00, Trade, 55498.058, 137, P00, S24, 1
P00, Trade, 55501.596, 138, P00, B17, 1
P00, Trade, 55507.173, 138, P00, S15, 1
P00, Trade, 55510.769, 144, P00, B14, 1
P00, Trade, 55514.846, 143, P00, S18, 1
P00, Trade, 55530.462, 141, P00, B23, 1
P00, Trade, 55534.058, 140, P00, S24, 1
P00, Trade, 55535.577, 143, P00, B09, 1
P00, Trade, 55538.692, 139, P00, S15, 1
P00, Trade, 55547.538, 139, P00, B04, 1
P00, Trade, 55550.385, 137, P00, S11, 1
P00, Trade, 55553.308, 139, P00, B20, 1
P00, Trade, 55554.288, 140, P00, S15, 1
P00, Trade, 55558.115, 139, P00, B21, 1
P00, Trade, 55561.750, 136, P00, S22, 1
P00, Trade, 55569.327, 143, P00, B02, 1
P00, Trade, 55572.885, 143, P00, S18, 1
P00, Trade, 55575.673, 145, P00, B14, 1
P00, Trade, 55581.538, 143, P00, S15, 1
P00, Trade, 55582.962, 144, P00, B13, 1
P00, Trade, 55587.673, 138, P00, S12, 1
P00, Trade, 55590.596, 140, P00, B23, 1
P00, Trade, 55593.442, 137, P00, S06, 1
P00, Trade, 55599.077, 147, P00, B20, 1
P00, Trade, 55601.115, 142, P00, S11, 1
P00, Trade, 55603.288, 144, P00, B02, 1
P00, Trade, 55606.769, 140, P00, S10, 1
P00, Trade, 55609.865, 144, P00, B08, 1
P00, Trade, 55619.596, 137, P00, S02, 1
P00, Trade, 55622.692, 138, P00, B04, 1
P00, Trade, 55624.481, 137, P00, S03, 1
P00, Trade, 55627.404, 140, P00, B12, 1
P00, Trade, 55628.904, 140, P00, S08, 1
P00, Trade, 55638.962, 142, P00, B12, 1
P00, Trade, 55643.058, 141, P00, S19, 1
P00, Trade, 55645.269, 140, P00, B01, 1
P00, Trade, 55647.231, 136, P00, S11, 1
P00, Trade, 55649.673, 137, P00, B11, 1
P00, Trade, 55651.519, 136, P00, S10, 1
P00, Trade, 55652.962, 138, P00, B09, 1
P00, Trade, 55655.058, 133, P00, S06, 1
P00, Trade, 55658.038, 137, P00, B05, 1
P00, Trade, 55659.404, 136, P00, S00, 1
P00, Trade, 55665.558, 137, P00, B07, 1
P00, Trade, 55669.904, 139, P00, S00, 1
P00, Trade, 55671.115, 143, P00, B20, 1
P00, Trade, 55676.115, 142, P00, S07, 1
P00, Trade, 55686.404, 141, P00, B03, 1
P00, Trade, 55689.500, 139, P00, S04, 1
P00, Trade, 55700.846, 139, P00, B00, 1
P00, Trade, 55708.154, 137, P00, S20, 1
P00, Trade, 55711.250, 139, P00, B24, 1
P00, Trade, 55715.385, 133, P00, S14, 1
P00, Trade, 55719.135, 138, P00, B16, 1
P00, Trade, 55722.500, 139, P00, S06, 1
P00, Trade, 55733.038, 143, P00, B00, 1
P00, Trade, 55734.846, 139, P00, S10, 1
P00, Trade, 55741.808, 141, P00, B04, 1
P00, Trade, 55743.750, 140, P00, S06, 1
P00, Trade, 55746.788, 140, P00, B05, 1
P00, Trade, 55751.885, 138, P00, S20, 1
P00, Trade, 55755.462, 141, P00, B01, 1
P00, Trade, 55759.288, 141, P00, S20, 1
P00, Trade, 55762.538, 146, P00, B18, 1
P00, Trade, 55767.173, 139, P00, S14, 1
P00, Trade, 55770.385, 142, P00, B17, 1
P00, Trade, 55773.635, 142, P00, S01, 1
P00, Trade, 55775.288, 144, P00, B24, 1
P00, Trade, 55784.096, 134, P00, S17, 1
P00, Trade, 55788.462, 140, P00, B24, 1
P00, Trade, 55790.692, 146, P00, S06, 1
P00, Trade, 55803.846, 139, P00, B20, 1
P00, Trade, 55808.808, 139, P00, S18, 1
P00, Trade, 55810.827, 140, P00, B04, 1
P00, Trade, 55815.346, 138, P00, S09, 1
P00, Trade, 55817.154, 139, P00, B02, 1
P00, Trade, 55821.769, 144, P00, S16, 1
P00, Trade, 55829.115, 141, P00, B03, 1
P00, Trade, 55834.981, 139, P00, S15, 1
P00, Trade, 55837.096, 145, P00, B19, 1
P00, Trade, 55855.827, 140, P00, S01, 1
P00, Trade, 55861.788, 141, P00, B18, 1
P00, Trade, 55875.308, 139, P00, S16, 1
P00, Trade, 55886.308, 141, P00, B19, 1
P00, Trade, 55890.654, 141, P00, S09, 1
P00, Trade, 55893.154, 142, P00, B09, 1
P00, Trade, 55902.019, 135, P00, S18, 1
P00, Trade, 55911.135, 138, P00, B20, 1
P00, Trade, 55915.846, 133, P00, S22, 1
P00, Trade, 55918.250, 140, P00, B11, 1
P00, Trade, 55922.885, 138, P00, S03, 1
P00, Trade, 55925.885, 143, P00, B02, 1
P00, Trade, 55926.558, 141, P00, S16, 1
P00, Trade, 55936.058, 146, P00, B03, 1
P00, Trade, 55937.712, 138, P00, S10, 1
P00, Trade, 55942.788, 137, P00, B23, 1
P00, Trade, 55946.308, 136, P00, S00, 1
P00, Trade, 55949.750, 138, P00, B20, 1
P00, Trade, 55951.442, 136, P00, S18, 1
P00, Trade, 55954.404, 137, P00, B18, 1
P00, Trade, 55956.654, 137, P00, S10, 1
P00, Trade, 55961.212, 139, P00, B09, 1
P00, Trade, 55971.115, 154, P00, S10, 1
P00, Trade, 55978.077, 142, P00, B10, 1
P00, Trade, 55978.981, 136, P00, S09, 1
P00, Trade, 55984.404, 140, P00, B04, 1
P00, Trade, 55987.692, 138, P00, S18, 1
P00, Trade, 55993.173, 143, P00, B10, 1
P00, Trade, 55994.173, 140, P00, S07, 1
P00, Trade, 56000.365, 138, P00, B00, 1
P00, Trade, 56012.558, 134, P00, S13, 1
P00, Trade, 56014.096, 136, P00, B03, 1
P00, Trade, 56017.577, 137, P00, S19, 1
P00, Trade, 56021.827, 139, P00, B10, 1
P00, Trade, 56024.481, 135, P00, S13, 1
P00, Trade, 56028.135, 136, P00, B11, 1
P00, Trade, 56030.962, 135, P00, S10, 1
P00, Trade, 56038.712, 136, P00, B07, 1
P00, Trade, 56041.096, 133, P00, S14, 1
P00, Trade, 56043.923, 135, P00, B03, 1
P00, Trade, 56050.154, 142, P00, S15, 1
P00, Trade, 56054.750, 142, P00, B09, 1
P00, Trade, 56059.231, 139, P00, S14, 1
P00, Trade, 56067.346, 143, P00, B18, 1
P00, Trade, 56076.173, 141, P00, S00, 1
P00, Trade, 56079.788, 144, P00, B17, 1
P00, Trade, 56087.673, 142, P00, S19, 1
P00, Trade, 56089.058, 147, P00, B07, 1
P00, Trade, 56092.212, 146, P00, S07, 1
P00, Trade, 56102.288, 135, P00, B09, 1
P00, Trade, 56106.135, 132, P00, S15, 1
P00, Trade, 56108.769, 140, B18, P00, 1
P00, Trade, 56111.846, 136, P00, S21, 1
P00, Trade, 56118.904, 138, P00, B04, 1
P00, Trade, 56126.615, 139, P00, S17, 1
P00, Trade, 56130.250, 136, P00, B14, 1
P00, Trade, 56137.173, 129, P00, S10, 1
P00, Trade, 56142.231, 140, P00, B08, 1
P00, Trade, 56146.981, 144, P00, S13, 1
P00, Trade, 56156.788, 139, P00, B17, 1
P00, Trade, 56159.904, 140, P00, S12, 1
P00, Trade, 56168.404, 145, P00, B04, 1
P00, Trade, 56174.308, 140, P00, S15, 1
P00, Trade, 56182.192, 140, P00, B04, 1
P00, Trade, 56182.750, 138, P00, S02, 1
P00, Trade, 56184.673, 141, P00, B09, 1
P00, Trade, 56188.577, 137, P00, S01, 1
P00, Trade, 56195.231, 138, P00, B01, 1
P00, Trade, 56199.500, 132, P00, S23, 1
P00, Trade, 56202.327, 135, P00, B18, 1
P00, Trade, 56209.577, 163, P00, S13, 1
P00, Trade, 56221.385, 140, P00, B02, 1
P00, Trade, 56222.538, 134, P00, S16, 1
P00, Trade, 56227.231, 140, P00, B20, 1
P00, Trade, 56240.577, 139, P00, S10, 1
P00, Trade, 56244.769, 137, P00, B17, 1
P00, Trade, 56247.942, 139, P00, S07, 1
P00, Trade, 56253.692, 141, P00, B12, 1
P00, Trade, 56256.673, 136, P00, S16, 1
P00, Trade, 56274.096, 139, P00, B22, 1
P00, Trade, 56281.269, 145, P00, S05, 1
P00, Trade, 56295.173, 142, P00, B01, 1
P00, Trade, 56301.788, 133, P00, S02, 1
P00, Trade, 56310.135, 132, P00, B01, 1
P00, Trade, 56312.750, 130, P00, S19, 1
P00, Trade, 56315.865, 129, P00, B07, 1
P00, Trade, 56321.808, 134, P00, S03, 1
P00, Trade, 56323.673, 144, P00, B12, 1
P00, Trade, 56325.615, 142, P00, S17, 1
P00, Trade, 56334.615, 138, P00, B09, 1
P00, Trade, 56336.019, 132, P00, S18, 1
P00, Trade, 56343.365, 135, P00, B23, 1
P00, Trade, 56349.500, 139, P00, S02, 1
P00, Trade, 56356.000, 135, P00, B10, 1
P00, Trade, 56360.577, 128, P00, S08, 1
P00, Trade, 56360.981, 129, P00, B18, 1
P00, Trade, 56365.327, 128, P00, S23, 1
P00, Trade, 56366.673, 130, P00, B08, 1
P00, Trade, 56369.250, 131, P00, S16, 1
P00, Trade, 56374.519, 134, P00, B24, 1
P00, Trade, 56381.269, 135, P00, S20, 1
P00, Trade, 56384.212, 133, P00, B15, 1
P00, Trade, 56390.058, 138, P00, S10, 1
P00, Trade, 56399.096, 137, P00, B07, 1
P00, Trade, 56406.654, 136, P00, S10, 1
P00, Trade, 56407.596, 138, P00, B02, 1
P00, Trade, 56410.096, 138, P00, S15, 1
P00, Trade, 56416.481, 138, P00, B03, 1
P00, Trade, 56419.712, 136, P00, S06, 1
P00, Trade, 56421.000, 136, P00, B07, 1
P00, Trade, 56423.442, 136, P00, S20, 1
P00, Trade, 56425.904, 138, P00, B03, 1
P00, Trade, 56430.712, 139, P00, S14, 1
P00, Trade, 56434.462, 141, P00, B19, 1
P00, Trade, 56436.615, 133, P00, S20, 1
P00, Trade, 56442.231, 136, P00, B01, 1
P00, Trade, 56445.865, 132, P00, S03, 1
P00, Trade, 56448.615, 134, P00, B10, 1
P00, Trade, 56456.404, 138, P00, S00, 1
P00, Trade, 56470.885, 139, P00, B12, 1
P00, Trade, 56478.596, 136, P00, S07, 1
P00, Trade, 56486.365, 132, P00, B24, 1
P00, Trade, 56491.481, 134, P00, S15, 1
P00, Trade, 56493.481, 135, P00, B00, 1
P00, Trade, 56500.212, 132, P00, S02, 1
P00, Trade, 56506.885, 136, P00, B08, 1
P00, Trade, 56515.346, 133, P00, S04, 1
P00, Trade, 56521.904, 136, P00, B07, 1
P00, Trade, 56529.308, 130, P00, S18, 1
P00, Trade, 56530.115, 132, P00, B01, 1
P00, Trade, 56537.096, 136, P00, S10, 1
P00, Trade, 56542.635, 137, P00, B07, 1
P00, Trade, 56547.615, 134, P00, S02, 1
P00, Trade, 56549.788, 138, P00, B02, 1
P00, Trade, 56553.423, 134, P00, S16, 1
P00, Trade, 56557.327, 135, P00, B10, 1
P00, Trade, 56563.788, 134, P00, S03, 1
P00, Trade, 56573.385, 141, P00, B17, 1
P00, Trade, 56577.077, 132, P00, S10, 1
P00, Trade, 56577.212, 133, P00, B00, 1
P00, Trade, 56581.154, 134, P00, S13, 1
P00, Trade, 56582.558, 135, P00, B24, 1
P00, Trade, 56585.250, 132, P00, S16, 1
P00, Trade, 56589.519, 139, P00, B00, 1
P00, Trade, 56593.846, 134, P00, S18, 1
P00, Trade, 56596.962, 139, P00, B17, 1
P00, Trade, 56598.654, 141, P00, S12, 1
P00, Trade, 56603.712, 135, P00, B14, 1
P00, Trade, 56606.577, 133, P00, S01, 1
P00, Trade, 56610.962, 135, P00, B12, 1
P00, Trade, 56614.712, 132, P00, S18, 1
P00, Trade, 56617.365, 137, P00, B01, 1
P00, Trade, 56618.481, 129, P00, S12, 1
P00, Trade, 56624.038, 128, P00, B02, 1
P00, Trade, 56627.962, 128, P00, S01, 1
P00, Trade, 56631.885, 139, P00, B02, 1
P00, Trade, 56632.904, 137, S07, P00, 1
P00, Trade, 56635.808, 138, P00, B18, 1
P00, Trade, 56639.846, 136, P00, S16, 1
P00, Trade, 56641.173, 138, P00, B20, 1
P00, Trade, 56644.846, 131, P00, S01, 1
P00, Trade, 56648.500, 141, P00, B01, 1
P00, Trade, 56651.923, 139, P00, S10, 1
P00, Trade, 56657.269, 140, P00, B00, 1
P00, Trade, 56661.404, 136, P00, S06, 1
P00, Trade, 56665.750, 137, P00, B05, 1
P00, Trade, 56666.808, 133, P00, S14, 1
P00, Trade, 56672.096, 133, P00, B23, 1
P00, Trade, 56682.904, 138, P00, S00, 1
P00, Trade, 56685.500, 132, P00, B18, 1
P00, Trade, 56686.712, 129, P00, S12, 1
P00, Trade, 56701.250, 131, P00, B14, 1
P00, Trade, 56707.712, 131, P00, S16, 1
P00, Trade, 56713.538, 136, P00, B01, 1
P00, Trade, 56721.846, 135, P00, S04, 1
P00, Trade, 56723.077, 140, P00, B19, 1
P00, Trade, 56726.538, 136, P00, S24, 1
P00, Trade, 56729.500, 138, P00, B12, 1
P00, Trade, 56736.519, 132, P00, S14, 1
P00, Trade, 56740.308, 133, P00, B03, 1
P00, Trade, 56747.423, 137, P00, S19, 1
P00, Trade, 56761.231, 134, P00, B23, 1
P00, Trade, 56768.635, 133, P00, S04, 1
P00, Trade, 56774.096, 135, P00, B01, 1
P00, Trade, 56775.865, 139, P00, S17, 1
P00, Trade, 56785.019, 140, P00, B24, 1
P00, Trade, 56792.981, 134, P00, S11, 1
P00, Trade, 56795.788, 134, P00, B06, 1
P00, Trade, 56799.904, 137, P00, S18, 1
P00, Trade, 56802.519, 136, P00, B03, 1
P00, Trade, 56804.212, 134, P00, S17, 1
P00, Trade, 56806.808, 140, P00, B18, 1
P00, Trade, 56808.500, 138, P00, S14, 1
P00, Trade, 56815.808, 139, P00, B12, 1
P00, Trade, 56824.481, 136, P00, S09, 1
P00, Trade, 56828.981, 141, P00, B20, 1
P00, Trade, 56835.558, 134, P00, S00, 1
P00, Trade, 56837.788, 133, P00, B11, 1
P00, Trade, 56846.558, 139, P00, S15, 1
P00, Trade, 56851.481, 134, P00, B01, 1
P00, Trade, 56853.692, 129, P00, S01, 1
P00, Trade, 56854.135, 132, P00, B13, 1
P00, Trade, 56859.519, 131, P00, S07, 1
P00, Trade, 56866.115, 139, P00, B09, 1
P00, Trade, 56871.154, 137, P00, S21, 1
P00, Trade, 56872.192, 138, P00, B02, 1
P00, Trade, 56877.135, 135, P00, S10, 1
P00, Trade, 56877.731, 138, P00, B11, 1
P00, Trade, 56881.269, 135, P00, S09, 1
P00, Trade, 56883.558, 139, P00, B03, 1
P00, Trade, 56887.154, 135, P00, S01, 1
P00, Trade, 56895.692, 132, P00, B17, 1
P00, Trade, 56902.327, 137, P00, S01, 1
P00, Trade, 56911.077, 134, P00, B17, 1
P00, Trade, 56918.788, 136, P00, S04, 1
P00, Trade, 56921.750, 138, P00, B13, 1
P00, Trade, 56926.231, 130, P00, S17, 1
P00, Trade, 56931.577, 128, P00, B21, 1
P00, Trade, 56939.519, 135, P00, S04, 1
P00, Trade, 56948.192, 133, P00, B16, 1
P00, Trade, 56956.423, 131, P00, S14, 1
P00, Trade, 56961.692, 133, P00, B10, 1
P00, Trade, 56966.442, 134, S12, P00, 1
P00, Trade, 56968.038, 136, B09, P00, 1
P00, Trade, 56975.808, 137, P00, S18, 1
P00, Trade, 56979.692, 134, P00, B21, 1
P00, Trade, 56986.596, 140, P00, S19, 1
P00, Trade, 57000.654, 138, P00, B00, 1
P00, Trade, 57006.423, 134, P00, S17, 1
P00, Trade, 57013.923, 132, P00, B02, 1
P00, Trade, 57019.500, 132, P00, S17, 1
P00, Trade, 57025.827, 134, P00, B09, 1
P00, Trade, 57028.885, 131, P00, S16, 1
P00, Trade, 57031.769, 137, P00, B08, 1
P00, Trade, 57038.038, 140, P00, S02, 1
P00, Trade, 57051.750, 132, B21, P00, 1
P00, Trade, 57059.788, 129, P00, S15, 1
P00, Trade, 57063.712, 134, P00, B20, 1
P00, Trade, 57067.942, 132, P00, S06, 1
P00, Trade, 57072.596, 135, P00, B19, 1
P00, Trade, 57073.692, 135, P00, S07, 1
P00, Trade, 57074.577, 136, P00, B20, 1
P00, Trade, 57077.577, 130, P00, S13, 1
P00, Trade, 57081.000, 131, P00, B12, 1
P00, Trade, 57086.096, 133, P00, S14, 1
P00, Trade, 57090.135, 133, P00, B00, 1
P00, Trade, 57091.519, 134, P00, S18, 1
P00, Trade, 57096.731, 135, P00, B09, 1
P00, Trade, 57097.558, 132, P00, S04, 1
P00, Trade, 57098.692, 137, P00, B02, 1
P00, Trade, 57103.442, 135, P00, S20, 1
P00, Trade, 57107.077, 132, P00, B09, 1
P00, Trade, 57113.538, 135, P00, S02, 1
P00, Trade, 57117.269, 137, B20, P00, 1
P00, Trade, 57120.173, 130, P00, S02, 1
P00, Trade, 57123.365, 131, P00, B09, 1
P00, Trade, 57130.538, 138, P00, S04, 1
P00, Trade, 57136.519, 136, P00, B20, 1
P00, Trade, 57137.846, 135, P00, S07, 1
P00, Trade, 57144.365, 139, P00, B07, 1
P00, Trade, 57146.269, 133, P00, S13, 1
P00, Trade, 57153.135, 130, P00, B13, 1
P00, Trade, 57160.500, 132, P00, S23, 1
P00, Trade, 57168.865, 134, P00, B10, 1
P00, Trade, 57174.250, 138, P00, S13, 1
P00, Trade, 57180.692, 132, P00, B03, 1
P00, Trade, 57185.865, 126, P00, S14, 1
P00, Trade, 57195.385, 127, P00, B09, 1
P00, Trade, 57200.981, 130, P00, S22, 1
P00, Trade, 57205.327, 134, P00, B12, 1
P00, Trade, 57209.654, 136, S05, P00, 1
P00, Trade, 57211.827, 134, P00, B03, 1
P00, Trade, 57217.904, 139, P00, S17, 1
P00, Trade, 57224.596, 138, P00, B12, 1
P00, Trade, 57229.962, 135, P00, S03, 1
P00, Trade, 57233.077, 135, P00, B16, 1
P00, Trade, 57239.231, 138, P00, S09, 1
P00, Trade, 57242.865, 143, P00, B10, 1
P00, Trade, 57247.942, 133, P00, S19, 1
P00, Trade, 57251.788, 134, P00, B19, 1
P00, Trade, 57257.865, 132, P00, S10, 1
P00, Trade, 57265.904, 133, P00, B22, 1
P00, Trade, 57273.308, 135, P00, S05, 1
P00, Trade, 57276.596, 136, P00, B07, 1
P00, Trade, 57282.981, 140, P00, S12, 1
P00, Trade, 57300.654, 135, P00, B09, 1
P00, Trade, 57304.846, 132, P00, S19, 1
P00, Trade, 57310.865, 138, P00, B17, 1
P00, Trade, 57316.538, 137, P00, S03, 1
P00, Trade, 57322.135, 138, P00, B09, 1
P00, Trade, 57324.673, 137, P00, S17, 1
P00, Trade, 57325.654, 140, P00, B01, 1
P00, Trade, 57327.327, 134, P00, S15, 1
P00, Trade, 57335.538, 134, P00, B08, 1
P00, Trade, 57341.019, 135, P00, S13, 1
P00, Trade, 57347.250, 137, P00, B01, 1
P00, Trade, 57352.846, 134, P00, S22, 1
P00, Trade, 57357.981, 142, P00, B15, 1
P00, Trade, 57360.192, 135, P00, S03, 1
P00, Trade, 57372.635, 137, P00, B17, 1
P00, Trade, 57374.865, 135, P00, S03, 1
P00, Trade, 57379.000, 134, P00, B01, 1
P00, Trade, 57383.077, 128, S05, P00, 1
P00, Trade, 57386.538, 128, P00, B20, 1
P00, Trade, 57390.519, 130, P00, S04, 1
P00, Trade, 57393.212, 132, P00, B07, 1
P00, Trade, 57400.942, 135, P00, S01, 1
P00, Trade, 57412.192, 133, P00, B08, 1
P00, Trade, 57414.904, 129, P00, S15, 1
P00, Trade, 57426.673, 132, P00, B24, 1
P00, Trade, 57431.365, 127, P00, S14, 1
P00, Trade, 57435.519, 129, P00, B03, 1
P00, Trade, 57443.500, 145, P00, S11, 1
P00, Trade, 57449.442, 137, P00, B19, 1
P00, Trade, 57453.827, 134, P00, S12, 1
P00, Trade, 57456.731, 135, P00, B09, 1
P00, Trade, 57459.904, 132, P00, S14, 1
P00, Trade, 57464.808, 135, P00, B02, 1
P00, Trade, 57472.673, 134, P00, S08, 1
P00, Trade, 57478.519, 140, P00, B17, 1
P00, Trade, 57482.077, 138, P00, S22, 1
P00, Trade, 57487.827, 139, P00, B09, 1
P00, Trade, 57490.327, 134, P00, S17, 1
P00, Trade, 57495.769, 138, P00, B01, 1
P00, Trade, 57498.481, 131, P00, S17, 1
P00, Trade, 57500.577, 134, P00, B12, 1
P00, Trade, 57503.731, 130, P00, S19, 1
P00, Trade, 57506.365, 131, P00, B08, 1
P00, Trade, 57512.519, 133, P00, S15, 1
P00, Trade, 57521.288, 137, P00, B02, 1
P00, Trade, 57524.981, 136, P00, S16, 1
P00, Trade, 57533.038, 137, P00, B23, 1
P00, Trade, 57533.538, 132, P00, S13, 1
P00, Trade, 57537.135, 132, P00, B24, 1
P00, Trade, 57544.904, 132, P00, S18, 1
P00, Trade, 57548.500, 131, P00, B18, 1
P00, Trade, 57551.558, 131, P00, S00, 1
P00, Trade, 57557.615, 134, P00, B11, 1
P00, Trade, 57561.673, 136, P00, S08, 1
P00, Trade, 57569.558, 133, P00, B01, 1
P00, Trade, 57570.923, 131, P00, S03, 1
P00, Trade, 57579.385, 133, P00, B12, 1
P00, Trade, 57584.519, 129, P00, S19, 1
P00, Trade, 57586.135, 135, P00, B19, 1
P00, Trade, 57592.404, 131, P00, S01, 1
P00, Trade, 57598.192, 138, P00, B01, 1
P00, Trade, 57599.404, 135, P00, S20, 1
P00, Trade, 57624.404, 137, P00, B01, 1
P00, Trade, 57627.769, 127, P00, S11, 1
P00, Trade, 57634.365, 132, P00, B22, 1
P00, Trade, 57637.808, 131, P00, S01, 1
P00, Trade, 57647.154, 132, P00, B21, 1
P00, Trade, 57649.654, 130, P00, S24, 1
P00, Trade, 57652.885, 132, P00, B01, 1
P00, Trade, 57657.154, 132, P00, S14, 1
P00, Trade, 57658.058, 134, P00, B22, 1
P00, Trade, 57660.981, 131, P00, S21, 1
P00, Trade, 57663.308, 132, P00, B12, 1
P00, Trade, 57667.635, 133, P00, S00, 1
P00, Trade, 57672.904, 128, P00, B07, 1
P00, Trade, 57680.212, 132, P00, S11, 1
P00, Trade, 57688.115, 133, P00, B12, 1
P00, Trade, 57690.788, 132, P00, S20, 1
P00, Trade, 57694.308, 137, P00, B08, 1
P00, Trade, 57696.942, 132, P00, S19, 1
P00, Trade, 57697.173, 139, P00, B18, 1
P00, Trade, 57705.577, 139, P00, S15, 1
P00, Trade, 57711.654, 137, P00, B10, 1
P00, Trade, 57714.000, 132, P00, S12, 1
P00, Trade, 57715.346, 133, P00, B03, 1
P00, Trade, 57717.288, 132, P00, S09, 1
P00, Trade, 57717.615, 133, P00, B17, 1
P00, Trade, 57720.058, 128, P00, S03, 1
P00, Trade, 57720.885, 133, B15, P00, 1
P00, Trade, 57723.423, 136, P00, S00, 1
P00, Trade, 57728.712, 135, P00, B20, 1
P00, Trade, 57732.904, 133, P00, S10, 1
P00, Trade, 57736.538, 131, P00, B20, 1
P00, Trade, 57741.058, 132, P00, S17, 1
P00, Trade, 57746.942, 131, P00, B24, 1
P00, Trade, 57747.635, 129, P00, S04, 1
P00, Trade, 57754.865, 129, P00, B10, 1
P00, Trade, 57757.673, 130, P00, S01, 1
P00, Trade, 57760.154, 132, P00, B09, 1
P00, Trade, 57762.981, 128, P00, S04, 1
P00, Trade, 57768.788, 135, P00, B12, 1
P00, Trade, 57771.596, 133, P00, S15, 1
P00, Trade, 57778.788, 134, P00, B02, 1
P00, Trade, 57786.635, 131, P00, S20, 1
P00, Trade, 57790.942, 138, P00, B09, 1
P00, Trade, 57794.846, 133, P00, S17, 1
P00, Trade, 57800.827, 133, P00, B20, 1
P00, Trade, 57806.269, 138, P00, S19, 1
P00, Trade, 57814.673, 138, P00, B02, 1
P00, Trade, 57826.423, 134, P00, S05, 1
P00, Trade, 57831.385, 133, P00, B03, 1
P00, Trade, 57832.904, 129, P00, S18, 1
P00, Trade, 57833.731, 130, P00, B12, 1
P00, Trade, 57840.962, 135, P00, S11, 1
P00, Trade, 57846.365, 134, P00, B20, 1
P00, Trade, 57849.692, 131, P00, S00, 1
P00, Trade, 57853.365, 135, P00, B11, 1
P00, Trade, 57866.000, 137, P00, S21, 1
P00, Trade, 57866.846, 140, P00, B09, 1
P00, Trade, 57878.615, 129, P00, S04, 1
P00, Trade, 57880.269, 132, P00, B07, 1
P00, Trade, 57884.385, 123, P00, S17, 1
P00, Trade, 57886.519, 126, P00, B15, 1
P00, Trade, 57893.808, 137, P00, S14, 1
P00, Trade, 57903.942, 135, P00, B09, 1
P00, Trade, 57910.346, 129, P00, S04, 1
P00, Trade, 57917.731, 136, P00, B12, 1
P00, Trade, 57932.981, 131, P00, S06, 1
P00, Trade, 57937.962, 135, P00, B12, 1
P00, Trade, 57943.615, 129, P00, S19, 1
P00, Trade, 57947.635, 136, P00, B09, 1
P00, Trade, 57949.750, 134, P00, S16, 1
P00, Trade, 57953.962, 132, P00, B15, 1
P00, Trade, 57955.615, 133, P00, S14, 1
P00, Trade, 57964.058, 132, P00, B07, 1
P00, Trade, 57967.673, 132, P00, S04, 1
P00, Trade, 57971.827, 133, P00, B06, 1
P00, Trade, 57977.250, 129, P00, S03, 1
P00, Trade, 57981.192, 130, P00, B08, 1
P00, Trade, 57983.019, 128, P00, S23, 1
P00, Trade, 57985.135, 130, P00, B07, 1
P00, Trade, 57993.173, 133, P00, S16, 1
P00, Trade, 58000.712, 131, P00, B11, 1
P00, Trade, 58005.404, 126, P00, S20, 1
P00, Trade, 58007.673, 129, P00, B20, 1
P00, Trade, 58017.750, 135, P00, S22, 1
P00, Trade, 58019.038, 133, B00, P00, 1
P00, Trade, 58025.019, 131, P00, S10, 1
P00, Trade, 58026.692, 137, P00, B12, 1
P00, Trade, 58030.404, 130, P00, S07, 1
P00, Trade, 58034.385, 131, P00, B13, 1
P00, Trade, 58038.673, 134, P00, S00, 1
P00, Trade, 58042.058, 136, P00, B19, 1
P00, Trade, 58044.231, 130, P00, S15, 1
P00, Trade, 58054.404, 122, P00, B01, 1
P00, Trade, 58060.231, 134, P00, S16, 1
P00, Trade, 58068.808, 131, P00, B24, 1
P00, Trade, 58072.038, 130, P00, S15, 1
P00, Trade, 58075.673, 127, P00, B08, 1
P00, Trade, 58079.404, 125, P00, S04, 1
P00, Trade, 58082.423, 130, P00, B18, 1
P00, Trade, 58089.750, 128, P00, S17, 1
P00, Trade, 58096.558, 132, P00, B00, 1
P00, Trade, 58103.038, 132, P00, S04, 1
P00, Trade, 58106.019, 130, P00, B03, 1
P00, Trade, 58108.346, 127, P00, S09, 1
P00, Trade, 58110.692, 138, P00, B03, 1
P00, Trade, 58118.962, 136, P00, S10, 1
P00, Trade, 58122.904, 139, P00, B02, 1
P00, Trade, 58127.500, 136, P00, S10, 1
P00, Trade, 58135.885, 137, P00, B05, 1
P00, Trade, 58142.385, 133, P00, S24, 1
P00, Trade, 58146.846, 137, P00, B17, 1
P00, Trade, 58154.135, 138, P00, S22, 1
P00, Trade, 58158.885, 142, P00, B15, 1
P00, Trade, 58162.577, 142, P00, S09, 1
P00, Trade, 58168.481, 138, P00, B20, 1
P00, Trade, 58172.096, 139, P00, S12, 1
P00, Trade, 58175.827, 142, P00, B01, 1
P00, Trade, 58178.000, 138, P00, S18, 1
P00, Trade, 58187.154, 136, P00, B08, 1
P00, Trade, 58191.212, 139, P00, S04, 1
P00, Trade, 58195.904, 142, P00, B08, 1
P00, Trade, 58196.808, 139, P00, S10, 1
P00, Trade, 58203.865, 140, P00, B18, 1
P00, Trade, 58205.500, 136, P00, S00, 1
P00, Trade, 58210.327, 138, P00, B21, 1
P00, Trade, 58215.827, 137, P00, S19, 1
P00, Trade, 58218.596, 139, P00, B08, 1
P00, Trade, 58221.404, 137, P00, S03, 1
P00, Trade, 58225.481, 136, P00, B02, 1
P00, Trade, 58226.385, 135, P00, S14, 1
P00, Trade, 58234.173, 135, P00, B21, 1
P00, Trade, 58235.808, 135, P00, S15, 1
P00, Trade, 58240.154, 143, P00, B12, 1
P00, Trade, 58245.192, 144, P00, S15, 1
P00, Trade, 58247.173, 146, P00, B11, 1
P00, Trade, 58248.115, 144, P00, S04, 1
P00, Trade, 58254.308, 140, P00, B14, 1
P00, Trade, 58259.788, 138, P00, S04, 1
P00, Trade, 58263.192, 145, P00, B02, 1
P00, Trade, 58270.135, 139, P00, S04, 1
P00, Trade, 58273.596, 143, P00, B24, 1
P00, Trade, 58275.981, 133, P00, S01, 1
P00, Trade, 58278.885, 139, P00, B13, 1
P00, Trade, 58283.769, 137, P00, S10, 1
P00, Trade, 58289.000, 141, P00, B08, 1
P00, Trade, 58294.673, 140, P00, S18, 1
P00, Trade, 58303.904, 140, P00, B21, 1
P00, Trade, 58306.558, 138, P00, S04, 1
P00, Trade, 58315.269, 141, P00, B15, 1
P00, Trade, 58316.904, 140, P00, S17, 1
P00, Trade, 58320.173, 147, P00, B08, 1
P00, Trade, 58329.346, 136, P00, S19, 1
P00, Trade, 58334.154, 139, P00, B20, 1
P00, Trade, 58336.654, 135, P00, S23, 1
P00, Trade, 58338.500, 139, P00, B09, 1
P00, Trade, 58343.288, 134, P00, S19, 1
P00, Trade, 58355.769, 137, P00, B06, 1
P00, Trade, 58359.135, 137, P00, S19, 1
P00, Trade, 58360.538, 139, P00, B01, 1
P00, Trade, 58368.404, 136, P00, S04, 1
P00, Trade, 58373.615, 141, P00, B24, 1
P00, Trade, 58381.673, 134, P00, S11, 1
P00, Trade, 58393.731, 136, P00, B12, 1
P00, Trade, 58397.481, 135, P00, S02, 1
P00, Trade, 58399.442, 140, P00, B11, 1
P00, Trade, 58402.500, 137, P00, S17, 1
P00, Trade, 58409.462, 139, P00, B20, 1
P00, Trade, 58413.308, 139, P00, S14, 1
P00, Trade, 58420.846, 137, P00, B10, 1
P00, Trade, 58428.538, 137, P00, S16, 1
P00, Trade, 58432.635, 138, P00, B05, 1
P00, Trade, 58435.481, 137, P00, S06, 1
P00, Trade, 58437.596, 144, P00, B12, 1
P00, Trade, 58439.865, 138, P00, S04, 1
P00, Trade, 58446.750, 140, P00, B01, 1
P00, Trade, 58453.577, 139, P00, S13, 1
P00, Trade, 58463.558, 144, P00, B19, 1
P00, Trade, 58467.846, 135, P00, S03, 1
P00, Trade, 58468.846, 144, P00, B01, 1
P00, Trade, 58479.346, 135, P00, S02, 1
P00, Trade, 58481.731, 137, P00, B10, 1
P00, Trade, 58486.731, 136, P00, S19, 1
P00, Trade, 58488.058, 137, P00, B00, 1
P00, Trade, 58492.481, 137, P00, S16, 1
P00, Trade, 58504.423, 142, P00, B24, 1
P00, Trade, 58509.558, 139, P00, S22, 1
P00, Trade, 58511.615, 143, P00, B13, 1
P00, Trade, 58514.577, 137, P00, S04, 1
P00, Trade, 58521.635, 142, P00, B14, 1
P00, Trade, 58526.865, 135, P00, S20, 1
P00, Trade, 58528.692, 138, P00, B04, 1
P00, Trade, 58539.250, 138, P00, S20, 1
P00, Trade, 58546.115, 138, P00, B09, 1
P00, Trade, 58547.865, 137, P00, S16, 1
P00, Trade, 58552.750, 137, B04, P00, 1
P00, Trade, 58559.250, 137, P00, S17, 1
P00, Trade, 58564.827, 141, P00, B04, 1
P00, Trade, 58568.462, 138, P00, S14, 1
P00, Trade, 58573.558, 145, B08, P00, 1
P00, Trade, 58580.077, 143, P00, S21, 1
P00, Trade, 58586.731, 140, P00, B08, 1
P00, Trade, 58589.231, 132, P00, S14, 1
P00, Trade, 58590.000, 133, P00, B02, 1
P00, Trade, 58596.788, 135, P00, S00, 1
P00, Trade, 58602.462, 142, P00, B23, 1
P00, Trade, 58609.615, 141, P00, S14, 1
P00, Trade, 58614.404, 141, P00, B20, 1
P00, Trade, 58621.038, 131, P00, S10, 1
P00, Trade, 58622.923, 135, P00, B15, 1
P00, Trade, 58627.827, 141, P00, S08, 1
P00, Trade, 58631.135, 142, P00, B17, 1
P00, Trade, 58633.673, 137, P00, S08, 1
P00, Trade, 58637.750, 140, P00, B08, 1
P00, Trade, 58642.327, 140, P00, S15, 1
P00, Trade, 58649.269, 143, P00, B09, 1
P00, Trade, 58654.500, 146, P00, S08, 1
P00, Trade, 58659.346, 147, P00, B14, 1
P00, Trade, 58663.596, 140, P00, S20, 1
P00, Trade, 58669.596, 144, P00, B08, 1
P00, Trade, 58674.019, 139, P00, S10, 1
P00, Trade, 58679.423, 143, P00, B20, 1
P00, Trade, 58688.173, 138, P00, S23, 1
P00, Trade, 58696.904, 143, P00, B13, 1
P00, Trade, 58699.885, 144, P00, S07, 1
P00, Trade, 58704.365, 141, P00, B08, 1
P00, Trade, 58707.885, 144, P00, S12, 1
P00, Trade, 58711.250, 137, P00, B07, 1
P00, Trade, 58718.481, 137, P00, S04, 1
P00, Trade, 58720.096, 138, P00, B16, 1
P00, Trade, 58721.346, 138, P00, S01, 1
P00, Trade, 58728.115, 139, P00, B08, 1
P00, Trade, 58733.327, 138, P00, S17, 1
P00, Trade, 58738.635, 137, P00, B09, 1
P00, Trade, 58745.250, 134, P00, S00, 1
P00, Trade, 58748.654, 140, P00, B14, 1
P00, Trade, 58756.788, 138, P00, S16, 1
P00, Trade, 58760.538, 134, P00, B08, 1
P00, Trade, 58762.115, 134, S03, P00, 1
P00, Trade, 58770.846, 136, P00, B20, 1
P00, Trade, 58778.115, 137, P00, S04, 1
P00, Trade, 58787.212, 139, P00, B23, 1
P00, Trade, 58790.000, 136, P00, S09, 1
P00, Trade, 58793.250, 140, P00, B16, 1
P00, Trade, 58794.462, 137, P00, S00, 1
P00, Trade, 58799.365, 138, P00, B04, 1
P00, Trade, 58802.423, 139, P00, S23, 1
P00, Trade, 58808.000, 130, P00, B08, 1
P00, Trade, 58817.788, 135, P00, S17, 1
P00, Trade, 58823.904, 140, P00, B00, 1
P00, Trade, 58829.615, 137, P00, S06, 1
P00, Trade, 58835.038, 141, P00, B18, 1
P00, Trade, 58835.923, 139, P00, S10, 1
P00, Trade, 58837.962, 141, P00, B07, 1
P00, Trade, 58843.058, 138, P00, S19, 1
P00, Trade, 58848.519, 138, P00, B03, 1
P00, Trade, 58849.827, 132, S01, P00, 1
P00, Trade, 58853.096, 134, P00, B05, 1
P00, Trade, 58859.058, 137, P00, S14, 1
P00, Trade, 58867.750, 142, P00, B08, 1
P00, Trade, 58872.942, 134, P00, S00, 1
P00, Trade, 58879.558, 141, P00, B24, 1
P00, Trade, 58882.173, 137, P00, S24, 1
P00, Trade, 58889.654, 136, P00, B16, 1
P00, Trade, 58898.519, 141, P00, S05, 1
P00, Trade, 58899.365, 142, P00, B15, 1
P00, Trade, 58902.154, 129, P00, S17, 1
P00, Trade, 58904.692, 137, P00, B15, 1
P00, Trade, 58914.154, 142, P00, S09, 1
P00, Trade, 58914.846, 144, P00, B06, 1
P00, Trade, 58918.154, 138, P00, S22, 1
P00, Trade, 58920.154, 141, P00, B00, 1
P00, Trade, 58921.038, 133, P00, S01, 1
P00, Trade, 58927.154, 141, P00, B18, 1
P00, Trade, 58934.981, 131, P00, S20, 1
P00, Trade, 58940.365, 136, P00, B12, 1
P00, Trade, 58941.635, 134, P00, S04, 1
P00, Trade, 58950.846, 133, P00, B20, 1
P00, Trade, 58956.788, 132, P00, S03, 1
P00, Trade, 58961.077, 135, P00, B09, 1
P00, Trade, 58965.058, 134, P00, S19, 1
P00, Trade, 58966.769, 134, P00, B22, 1
P00, Trade, 58969.173, 133, P00, S07, 1
P00, Trade, 58977.019, 140, P00, B20, 1
P00, Trade, 58981.442, 136, P00, S17, 1
P00, Trade, 58991.673, 135, P00, B22, 1
P00, Trade, 58992.615, 133, P00, S07, 1
P00, Trade, 59000.731, 135, P00, B13, 1
P00, Trade, 59008.115, 133, P00, S08, 1
P00, Trade, 59014.058, 137, P00, B23, 1
P00, Trade, 59019.404, 136, P00, S19, 1
P00, Trade, 59026.385, 136, P00, B24, 1
P00, Trade, 59031.885, 137, P00, S16, 1
P00, Trade, 59039.269, 136, P00, B01, 1
P00, Trade, 59040.827, 135, P00, S10, 1
P00, Trade, 59045.500, 138, P00, B20, 1
P00, Trade, 59048.423, 133, P00, S11, 1
P00, Trade, 59052.962, 134, P00, B18, 1
P00, Trade, 59055.596, 133, P00, S18, 1
P00, Trade, 59056.808, 137, P00, B08, 1
P00, Trade, 59062.827, 136, S05, P00, 1
P00, Trade, 59069.058, 136, P00, B04, 1
P00, Trade, 59074.500, 136, P00, S12, 1
P00, Trade, 59076.385, 138, P00, B01, 1
P00, Trade, 59080.346, 134, P00, S14, 1
P00, Trade, 59082.942, 137, P00, B24, 1
P00, Trade, 59088.423, 130, P00, S09, 1
P00, Trade, 59093.212, 139, P00, B13, 1
P00, Trade, 59099.192, 135, S05, P00, 1
P00, Trade, 59102.308, 137, P00, B20, 1
P00, Trade, 59105.231, 136, P00, S03, 1
P00, Trade, 59110.058, 136, P00, B24, 1
P00, Trade, 59121.000, 135, P00, S18, 1
P00, Trade, 59124.481, 138, P00, B09, 1
P00, Trade, 59131.769, 135, P00, S13, 1
P00, Trade, 59135.712, 134, P00, B10, 1
P00, Trade, 59137.788, 133, P00, S03, 1
P00, Trade, 59142.077, 144, P00, B16, 1
P00, Trade, 59144.423, 142, P00, S17, 1
P00, Trade, 59157.750, 137, P00, B22, 1
P00, Trade, 59162.404, 142, P00, S13, 1
P00, Trade, 59170.673, 138, P00, B16, 1
P00, Trade, 59175.827, 136, P00, S02, 1
P00, Trade, 59177.346, 138, P00, B20, 1
P00, Trade, 59179.096, 140, P00, S07, 1
P00, Trade, 59182.865, 138, P00, B11, 1
P00, Trade, 59188.865, 138, P00, S12, 1
P00, Trade, 59191.096, 139, P00, B07, 1
P00, Trade, 59199.058, 136, P00, S17, 1
P00, Trade, 59202.615, 137, P00, B12, 1
P00, Trade, 59205.788, 132, P00, S15, 1
P00, Trade, 59210.769, 137, P00, B18, 1
P00, Trade, 59215.250, 134, P00, S07, 1
P00, Trade, 59217.250, 135, P00, B08, 1
P00, Trade, 59219.692, 136, P00, S00, 1
P00, Trade, 59221.962, 137, P00, B09, 1
P00, Trade, 59224.750, 136, P00, S04, 1
P00, Trade, 59232.692, 134, P00, B08, 1
P00, Trade, 59238.077, 133, P00, S05, 1
P00, Trade, 59238.250, 134, P00, B09, 1
P00, Trade, 59240.981, 130, P00, S00, 1
P00, Trade, 59244.212, 134, P00, B09, 1
P00, Trade, 59248.250, 135, P00, S05, 1
P00, Trade, 59250.885, 136, P00, B12, 1
P00, Trade, 59259.135, 134, P00, S15, 1
P00, Trade, 59263.635, 136, P00, B08, 1
P00, Trade, 59270.385, 136, P00, S00, 1
P00, Trade, 59274.173, 138, P00, B00, 1
P00, Trade, 59276.154, 141, P00, S02, 1
P00, Trade, 59282.404, 134, P00, B23, 1
P00, Trade, 59284.346, 134, P00, S20, 1
P00, Trade, 59285.692, 136, P00, B06, 1
P00, Trade, 59291.615, 139, P00, S11, 1
P00, Trade, 59300.904, 135, P00, B10, 1
P00, Trade, 59302.058, 133, P00, S03, 1
P00, Trade, 59305.154, 134, P00, B10, 1
P00, Trade, 59307.269, 132, P00, S19, 1
P00, Trade, 59308.442, 137, P00, B20, 1
P00, Trade, 59312.519, 136, P00, S16, 1
P00, Trade, 59326.577, 142, P00, B09, 1
P00, Trade, 59329.365, 131, P00, S02, 1
P00, Trade, 59335.596, 138, P00, B09, 1
P00, Trade, 59336.712, 130, P00, S12, 1
P00, Trade, 59341.308, 128, P00, B15, 1
P00, Trade, 59345.769, 128, P00, S06, 1
P00, Trade, 59350.654, 132, P00, B17, 1
P00, Trade, 59354.327, 132, P00, S01, 1
P00, Trade, 59356.673, 135, P00, B20, 1
P00, Trade, 59362.096, 135, P00, S14, 1
P00, Trade, 59363.173, 138, P00, B16, 1
P00, Trade, 59364.250, 133, P00, S00, 1
P00, Trade, 59368.481, 132, P00, B14, 1
P00, Trade, 59373.462, 139, P00, S00, 1
P00, Trade, 59375.788, 145, P00, B09, 1
P00, Trade, 59389.788, 133, P00, S01, 1
P00, Trade, 59394.865, 134, P00, B02, 1
P00, Trade, 59395.500, 126, P00, S15, 1
P00, Trade, 59399.365, 132, P00, B19, 1
P00, Trade, 59402.308, 134, P00, S09, 1
P00, Trade, 59410.173, 136, P00, B21, 1
P00, Trade, 59411.462, 135, P00, S18, 1
P00, Trade, 59420.269, 136, P00, B09, 1
P00, Trade, 59421.904, 132, P00, S04, 1
P00, Trade, 59426.462, 132, P00, B06, 1
P00, Trade, 59427.712, 130, P00, S09, 1
P00, Trade, 59434.615, 138, P00, B13, 1
P00, Trade, 59439.135, 130, P00, S11, 1
P00, Trade, 59444.962, 131, P00, B17, 1
P00, Trade, 59455.327, 137, P00, S04, 1
P00, Trade, 59466.692, 136, P00, B10, 1
P00, Trade, 59469.923, 130, P00, S02, 1
P00, Trade, 59477.212, 131, P00, B10, 1
P00, Trade, 59482.096, 136, P00, S04, 1
P00, Trade, 59496.058, 129, P00, B01, 1
P00, Trade, 59503.269, 131, P00, S03, 1
P00, Trade, 59508.404, 131, P00, B02, 1
P00, Trade, 59514.981, 128, P00, S01, 1
P00, Trade, 59523.365, 132, P00, B24, 1
P00, Trade, 59530.058, 132, P00, S08, 1
P00, Trade, 59536.192, 136, P00, B19, 1
P00, Trade, 59545.865, 129, P00, S22, 1
P00, Trade, 59553.058, 130, P00, B12, 1
P00, Trade, 59561.058, 130, P00, S20, 1
P00, Trade, 59567.135, 135, P00, B10, 1
P00, Trade, 59568.000, 134, P00, S02, 1
P00, Trade, 59576.212, 132, P00, B00, 1
P00, Trade, 59580.538, 129, P00, S03, 1
P00, Trade, 59584.827, 132, P00, B15, 1
P00, Trade, 59590.712, 131, P00, S19, 1
P00, Trade, 59598.000, 130, P00, B17, 1
P00, Trade, 59601.115, 129, P00, S17, 1
P00, Trade, 59603.231, 132, P00, B12, 1
P00, Trade, 59611.154, 131, P00, S14, 1
P00, Trade, 59614.538, 128, P00, B22, 1
P00, Trade, 59617.519, 131, P00, S22, 1
P00, Trade, 59618.615, 135, P00, B03, 1
P00, Trade, 59625.769, 132, P00, S13, 1
P00, Trade, 59630.692, 132, P00, B13, 1
P00, Trade, 59632.500, 130, P00, S20, 1
P00, Trade, 59640.038, 131, P00, B17, 1
P00, Trade, 59642.231, 129, P00, S17, 1
P00, Trade, 59646.173, 132, P00, B10, 1
P00, Trade, 59650.942, 128, P00, S10, 1
P00, Trade, 59654.635, 131, P00, B20, 1
P00, Trade, 59664.096, 128, P00, S06, 1
P00, Trade, 59665.423, 129, P00, B13, 1
P00, Trade, 59668.538, 127, P00, S04, 1
P00, Trade, 59674.519, 132, P00, B19, 1
P00, Trade, 59678.942, 129, P00, S18, 1
P00, Trade, 59689.019, 132, P00, B23, 1
P00, Trade, 59693.231, 131, P00, S03, 1
P00, Trade, 59694.673, 136, P00, B01, 1
P00, Trade, 59697.135, 130, P00, S14, 1
P00, Trade, 59711.365, 132, P00, B02, 1
P00, Trade, 59713.173, 132, P00, S06, 1
P00, Trade, 59716.673, 134, P00, B03, 1
P00, Trade, 59721.615, 129, P00, S10, 1
P00, Trade, 59728.269, 130, P00, B02, 1
P00, Trade, 59732.865, 133, P00, S15, 1
P00, Trade, 59737.038, 130, P00, B17, 1
P00, Trade, 59744.692, 129, P00, S04, 1
P00, Trade, 59751.058, 129, P00, B20, 1
P00, Trade, 59756.865, 127, P00, S23, 1
P00, Trade, 59764.712, 128, P00, B06, 1
P00, Trade, 59776.519, 125, P00, S18, 1
P00, Trade, 59778.942, 130, P00, B16, 1
P00, Trade, 59780.942, 125, P00, S00, 1
P00, Trade, 59782.192, 126, P00, B21, 1
P00, Trade, 59786.673, 130, S05, P00, 1
P00, Trade, 59789.904, 129, P00, B15, 1
P00, Trade, 59791.500, 128, P00, S02, 1
P00, Trade, 59794.096, 129, P00, B03, 1
P00, Trade, 59803.346, 128, P00, S14, 1
P00, Trade, 59804.481, 130, P00, B12, 1
P00, Trade, 59807.019, 128, P00, S20, 1
P00, Trade, 59810.712, 134, P00, B09, 1
P00, Trade, 59814.365, 127, P00, S18, 1
P00, Trade, 59819.404, 131, P00, B11, 1
P00, Trade, 59822.327, 128, P00, S19, 1
P00, Trade, 59826.231, 135, P00, B04, 1
P00, Trade, 59828.885, 134, P00, S21, 1
P00, Trade, 59830.346, 130, P00, B08, 1
P00, Trade, 59832.019, 129, P00, S03, 1
P00, Trade, 59835.096, 126, P00, B08, 1
P00, Trade, 59844.635, 132, P00, S03, 1
P00, Trade, 59847.192, 133, P00, B16, 1
P00, Trade, 59859.846, 134, P00, S15, 1
P00, Trade, 59863.365, 133, P00, B20, 1
P00, Trade, 59869.212, 129, P00, S00, 1
P00, Trade, 59882.885, 131, P00, B01, 1
P00, Trade, 59895.058, 124, P00, S16, 1
P00, Trade, 59900.000, 130, P00, B16, 1
P00, Trade, 59905.885, 129, P00, S14, 1
P00, Trade, 59912.192, 135, P00, B09, 1
P00, Trade, 59915.596, 130, P00, S13, 1
P00, Trade, 59922.462, 136, P00, B03, 1
P00, Trade, 59929.308, 132, P00, S03, 1
P00, Trade, 59935.077, 136, P00, B12, 1
P00, Trade, 59937.269, 135, P00, S14, 1
P00, Trade, 59941.365, 137, P00, B02, 1
P00, Trade, 59946.635, 127, P00, S05, 1
P00, Trade, 59960.558, 134, P00, B20, 1
P00, Trade, 59969.481, 125, P00, S22, 1
P00, Trade, 59973.231, 128, P00, B09, 1
P00, Trade, 59976.596, 127, P00, S04, 1
P00, Trade, 59980.750, 131, P00, B12, 1
P00, Trade, 59982.385, 128, P00, S06, 1
P00, Trade, 59983.558, 129, P00, B02, 1
P00, Trade, 59988.000, 128, P00, S15, 1
P00, Trade, 59990.615, 131, P00, B01, 1
P00, Trade, 59995.615, 125, P00, S21, 1
P00, Trade, 59997.288, 131, P00, B20, 1
P00, Trade, 60002.385, 127, P00, S19, 1
P00, Trade, 60003.135, 129, P00, B24, 1
P00, Trade, 60009.519, 132, P00, S04, 1
P00, Trade, 60013.327, 127, P00, B21, 1
P00, Trade, 60016.558, 133, P00, S22, 1
P00, Trade, 60027.788, 125, B05, P00, 1
P00, Trade, 60030.577, 129, P00, S12, 1
P00, Trade, 60035.692, 130, P00, B16, 1
P00, Trade, 60049.135, 130, P00, S18, 1
P00, Trade, 60050.923, 130, P00, B23, 1
P00, Trade, 60060.385, 134, P00, S19, 1
P00, Trade, 60069.654, 130, P00, B15, 1
P00, Trade, 60079.019, 129, P00, S10, 1
P00, Trade, 60079.519, 130, P00, B10, 1
P00, Trade, 60083.769, 134, P00, S01, 1
P00, Trade, 60091.865, 129, P00, B07, 1
P00, Trade, 60092.635, 125, P00, S09, 1
P00, Trade, 60096.923, 132, P00, B02, 1
P00, Trade, 60101.327, 137, P00, S17, 1
P00, Trade, 60105.769, 136, P00, B23, 1
P00, Trade, 60110.442, 136, P00, S18, 1
P00, Trade, 60119.077, 131, P00, B19, 1
P00, Trade, 60123.558, 136, P00, S15, 1
P00, Trade, 60137.673, 132, P00, B14, 1
P00, Trade, 60143.769, 131, P00, S24, 1
P00, Trade, 60144.077, 132, P00, B05, 1
P00, Trade, 60150.365, 124, P00, S15, 1
P00, Trade, 60151.596, 128, P00, B15, 1
P00, Trade, 60154.000, 126, P00, S06, 1
P00, Trade, 60155.654, 131, P00, B01, 1
P00, Trade, 60162.154, 135, P00, S01, 1
P00, Trade, 60169.385, 135, P00, B09, 1
P00, Trade, 60178.077, 133, P00, S10, 1
P00, Trade, 60182.288, 135, P00, B08, 1
P00, Trade, 60184.827, 131, P00, S15, 1
P00, Trade, 60187.288, 131, P00, B09, 1
P00, Trade, 60190.923, 133, P00, S17, 1
P00, Trade, 60192.962, 134, P00, B11, 1
P00, Trade, 60195.712, 131, P00, S23, 1
P00, Trade, 60197.654, 133, P00, B08, 1
P00, Trade, 60200.212, 132, P00, S12, 1
P00, Trade, 60201.904, 135, P00, B01, 1
P00, Trade, 60202.904, 134, P00, S24, 1
P00, Trade, 60207.135, 132, P00, B09, 1
P00, Trade, 60208.827, 131, P00, S17, 1
P00, Trade, 60213.615, 134, P00, B20, 1
P00, Trade, 60224.904, 129, P00, S06, 1
P00, Trade, 60231.327, 133, P00, B16, 1
P00, Trade, 60237.692, 131, P00, S07, 1
P00, Trade, 60248.096, 134, P00, B08, 1
P00, Trade, 60249.865, 130, P00, S16, 1
P00, Trade, 60256.865, 130, P00, B09, 1
P00, Trade, 60260.346, 125, P00, S04, 1
P00, Trade, 60266.462, 133, P00, B07, 1
P00, Trade, 60270.750, 134, P00, S15, 1
P00, Trade, 60274.442, 139, P00, B12, 1
P00, Trade, 60278.500, 130, P00, S21, 1
P00, Trade, 60293.981, 129, P00, B16, 1
P00, Trade, 60303.865, 127, P00, S00, 1
P00, Trade, 60308.192, 132, P00, B20, 1
P00, Trade, 60309.269, 129, P00, S10, 1
P00, Trade, 60312.615, 130, P00, B03, 1
P00, Trade, 60315.038, 127, P00, S02, 1
P00, Trade, 60319.250, 131, P00, B24, 1
P00, Trade, 60323.558, 130, P00, S16, 1
P00, Trade, 60324.808, 140, P00, B00, 1
P00, Trade, 60326.538, 137, P01, P00, 1
P00, Trade, 60346.462, 135, P00, B20, 1
P00, Trade, 60348.038, 131, S18, P00, 1
P00, Trade, 60352.058, 129, P00, B14, 1
P00, Trade, 60358.788, 129, P00, S22, 1
P00, Trade, 60360.692, 131, P00, B21, 1
P00, Trade, 60363.962, 130, P00, S15, 1
P00, Trade, 60370.596, 131, P00, B07, 1
P00, Trade, 60373.096, 129, P00, S14, 1
P00, Trade, 60376.135, 131, P00, B15, 1
P00, Trade, 60382.077, 131, P00, S03, 1
P00, Trade, 60384.154, 131, P00, B09, 1
P00, Trade, 60387.577, 128, P00, S09, 1
P00, Trade, 60390.538, 132, P00, B06, 1
P00, Trade, 60396.788, 131, P00, S03, 1
P00, Trade, 60401.096, 134, P00, B20, 1
P00, Trade, 60403.731, 132, P00, S09, 1
P00, Trade, 60407.212, 136, P00, B20, 1
P00, Trade, 60409.385, 134, P00, S04, 1
P00, Trade, 60419.288, 123, P00, B22, 1
P00, Trade, 60431.385, 130, P00, S19, 1
P00, Trade, 60439.673, 130, P00, B02, 1
P00, Trade, 60448.423, 132, P00, S08, 1
P00, Trade, 60455.115, 139, P00, B11, 1
P00, Trade, 60460.385, 132, P00, S09, 1
P00, Trade, 60469.923, 133, P00, B22, 1
P00, Trade, 60475.231, 132, P00, S24, 1
P00, Trade, 60481.288, 133, P00, B13, 1
P00, Trade, 60486.000, 130, P00, S22, 1
P00, Trade, 60490.077, 132, P00, B06, 1
P00, Trade, 60492.135, 130, P00, S18, 1
P00, Trade, 60496.615, 135, P00, B06, 1
P00, Trade, 60499.365, 135, P00, S23, 1
P00, Trade, 60504.058, 132, P00, B01, 1
P00, Trade, 60509.558, 134, P00, S04, 1
P00, Trade, 60520.288, 131, P00, B13, 1
P00, Trade, 60523.096, 130, P00, S12, 1
P00, Trade, 60529.596, 129, P00, B09, 1
P00, Trade, 60532.077, 121, P00, S06, 1
P00, Trade, 60534.962, 122, P00, B02, 1
P00, Trade, 60536.712, 126, P00, S00, 1
P00, Trade, 60541.635, 135, P00, B24, 1
P00, Trade, 60547.538, 128, P00, S20, 1
P00, Trade, 60552.962, 128, P00, B12, 1
P00, Trade, 60558.192, 124, P00, S19, 1
P00, Trade, 60562.077, 128, P00, B01, 1
P00, Trade, 60566.423, 128, P00, S13, 1
P00, Trade, 60567.192, 129, P00, B12, 1
P00, Trade, 60569.635, 126, P00, S00, 1
P00, Trade, 60575.192, 130, P00, B04, 1
P00, Trade, 60577.038, 122, P00, S15, 1
P00, Trade, 60578.750, 130, P00, B20, 1
P00, Trade, 60588.577, 131, P00, S13, 1
P00, Trade, 60590.712, 132, P00, B02, 1
P00, Trade, 60591.596, 128, P00, S15, 1
P00, Trade, 60597.096, 128, P00, B10, 1
P00, Trade, 60603.154, 125, P00, S10, 1
P00, Trade, 60604.250, 131, P00, B23, 1
P00, Trade, 60609.077, 125, P00, S19, 1
P00, Trade, 60611.192, 131, P00, B00, 1
P00, Trade, 60611.615, 126, P00, S17, 1
P00, Trade, 60613.769, 126, P00, B17, 1
P00, Trade, 60618.596, 125, P00, S08, 1
P00, Trade, 60624.115, 129, P00, B09, 1
P00, Trade, 60632.019, 130, P00, S21, 1
P00, Trade, 60640.577, 127, P00, B00, 1
P00, Trade, 60646.500, 128, P00, S04, 1
P00, Trade, 60648.269, 129, P00, B10, 1
P00, Trade, 60650.904, 127, P00, S02, 1
P00, Trade, 60656.308, 129, P00, B01, 1
P00, Trade, 60659.000, 121, P00, S04, 1
P00, Trade, 60661.385, 123, P00, B04, 1
P00, Trade, 60665.423, 122, P00, S18, 1
P00, Trade, 60667.173, 130, P00, B00, 1
P00, Trade, 60674.115, 130, P00, S10, 1
P00, Trade, 60683.019, 128, P00, B22, 1
P00, Trade, 60688.635, 129, P00, S22, 1
P00, Trade, 60694.846, 130, P00, B22, 1
P00, Trade, 60697.692, 128, P00, S20, 1
P00, Trade, 60703.346, 125, P00, B07, 1
P00, Trade, 60706.808, 126, P00, S01, 1
P00, Trade, 60711.346, 129, P00, B22, 1
P00, Trade, 60718.269, 123, P00, S02, 1
P00, Trade, 60722.673, 124, P00, B15, 1
P00, Trade, 60726.058, 128, P00, S06, 1
P00, Trade, 60727.038, 129, P00, B19, 1
P00, Trade, 60734.288, 124, P00, S17, 1
P00, Trade, 60739.365, 126, P00, B20, 1
P00, Trade, 60744.308, 127, P00, S07, 1
P00, Trade, 60753.365, 132, P00, B12, 1
P00, Trade, 60756.462, 125, P00, S01, 1
P00, Trade, 60760.885, 131, P00, B00, 1
P00, Trade, 60772.827, 134, P00, S06, 1
P00, Trade, 60781.788, 130, P00, B08, 1
P00, Trade, 60784.885, 126, P00, S19, 1
P00, Trade, 60786.981, 129, P00, B20, 1
P00, Trade, 60789.596, 128, P00, S10, 1
P00, Trade, 60801.058, 124, P00, B01, 1
P00, Trade, 60803.327, 123, P00, S00, 1
P00, Trade, 60805.904, 131, P00, B09, 1
P00, Trade, 60810.635, 130, P00, S10, 1
P00, Trade, 60814.423, 129, P00, B20, 1
P00, Trade, 60818.365, 127, P00, S06, 1
P00, Trade, 60821.173, 129, P00, B12, 1
P00, Trade, 60823.788, 127, P00, S10, 1
P00, Trade, 60830.019, 118, P00, B00, 1
P00, Trade, 60840.808, 124, P00, S13, 1
P00, Trade, 60842.481, 126, P00, B21, 1
P00, Trade, 60846.404, 126, P00, S24, 1
P00, Trade, 60849.885, 130, P00, B11, 1
P00, Trade, 60851.712, 127, P00, S03, 1
P00, Trade, 60859.885, 126, P00, B02, 1
P00, Trade, 60865.269, 128, P00, S21, 1
P00, Trade, 60870.058, 130, P00, B08, 1
P00, Trade, 60874.308, 132, P00, S10, 1
P00, Trade, 60876.750, 134, P00, B07, 1
P00, Trade, 60881.692, 128, P00, S13, 1
P00, Trade, 60887.135, 126, P00, B06, 1
P00, Trade, 60889.442, 126, P00, S15, 1
P00, Trade, 60903.500, 124, P00, B16, 1
P00, Trade, 60910.442, 125, P00, S07, 1
P00, Trade, 60912.519, 131, P00, B07, 1
P00, Trade, 60914.635, 124, P00, S14, 1
P00, Trade, 60920.731, 128, P00, B20, 1
P00, Trade, 60923.038, 127, P00, S04, 1
P00, Trade, 60924.058, 131, P00, B00, 1
P00, Trade, 60930.327, 126, P00, S21, 1
P00, Trade, 60934.654, 128, P00, B23, 1
P00, Trade, 60939.038, 122, P00, S20, 1
P00, Trade, 60945.904, 133, P00, B15, 1
P00, Trade, 60953.038, 131, P00, S15, 1
P00, Trade, 60955.250, 131, P00, B01, 1
P00, Trade, 60961.327, 130, P00, S18, 1
P00, Trade, 60965.404, 128, P00, B08, 1
P00, Trade, 60967.577, 125, P00, S08, 1
P00, Trade, 60968.788, 127, P00, B08, 1
P00, Trade, 60974.673, 126, P00, S05, 1
P00, Trade, 60977.038, 128, P00, B04, 1
P00, Trade, 60985.365, 131, P00, S20, 1
P00, Trade, 60994.308, 123, P00, B11, 1
P00, Trade, 61001.462, 126, P00, S14, 1
P00, Trade, 61008.942, 130, P00, B17, 1
P00, Trade, 61013.077, 131, P00, S21, 1
P00, Trade, 61018.115, 131, P00, B13, 1
P00, Trade, 61025.058, 130, P00, S04, 1
P00, Trade, 61033.462, 127, P00, B04, 1
P00, Trade, 61035.327, 127, P00, S23, 1
P00, Trade, 61038.692, 128, P00, B01, 1
P00, Trade, 61045.654, 126, P00, S04, 1
P00, Trade, 61055.385, 123, P00, B01, 1
P00, Trade, 61062.538, 123, P00, S10, 1
P00, Trade, 61064.731, 127, B15, P00, 1
P00, Trade, 61066.615, 126, P00, S17, 1
P00, Trade, 61079.269, 126, P00, B24, 1
P00, Trade, 61083.942, 126, P00, S00, 1
P00, Trade, 61088.000, 131, P00, B04, 1
P00, Trade, 61093.577, 131, P00, S00, 1
P00, Trade, 61101.154, 125, P00, B10, 1
P00, Trade, 61103.923, 124, P00, S19, 1
P00, Trade, 61108.808, 125, P00, B14, 1
P00, Trade, 61111.115, 123, P00, S04, 1
P00, Trade, 61118.865, 128, P00, B13, 1
P00, Trade, 61125.558, 130, P00, S03, 1
P00, Trade, 61134.904, 128, P00, B18, 1
P00, Trade, 61144.923, 139, P00, S15, 1
P00, Trade, 61151.712, 140, P00, B12, 1
P00, Trade, 61158.115, 137, P00, S17, 1
P00, Trade, 61169.212, 126, B17, P00, 1
P00, Trade, 61173.635, 129, P00, S09, 1
P00, Trade, 61176.519, 129, P00, B17, 1
P00, Trade, 61186.058, 132, P00, S00, 1
P00, Trade, 61192.673, 126, P00, B08, 1
P00, Trade, 61200.904, 128, P00, S15, 1
P00, Trade, 61207.038, 130, P00, B09, 1
P00, Trade, 61215.346, 133, P00, S09, 1
P00, Trade, 61221.750, 133, P00, B10, 1
P00, Trade, 61228.519, 128, P00, S21, 1
P00, Trade, 61232.538, 130, P00, B20, 1
P00, Trade, 61236.423, 129, P00, S15, 1
P00, Trade, 61241.058, 131, P00, B17, 1
P00, Trade, 61245.115, 130, P00, S08, 1
P00, Trade, 61249.019, 127, P00, B17, 1
P00, Trade, 61257.173, 127, P00, S01, 1
P00, Trade, 61265.519, 133, P00, B22, 1
P00, Trade, 61268.846, 135, P00, S06, 1
P00, Trade, 61276.885, 133, P00, B20, 1
P00, Trade, 61285.865, 129, P00, S12, 1
P00, Trade, 61292.173, 130, P00, B02, 1
P00, Trade, 61297.904, 132, P00, S17, 1
P00, Trade, 61307.308, 138, P00, B20, 1
P00, Trade, 61314.788, 131, P00, S23, 1
P00, Trade, 61319.788, 133, P00, B17, 1
P00, Trade, 61322.596, 133, P00, S00, 1
P00, Trade, 61332.269, 135, P00, B01, 1
P00, Trade, 61335.481, 134, P00, S13, 1
P00, Trade, 61336.154, 134, P00, B03, 1
P00, Trade, 61341.212, 131, P00, S22, 1
P00, Trade, 61341.750, 133, P00, B01, 1
P00, Trade, 61344.904, 137, P00, S14, 1
P00, Trade, 61350.308, 135, P00, B11, 1
P00, Trade, 61354.827, 130, P00, S12, 1
P00, Trade, 61357.481, 132, P00, B24, 1
P00, Trade, 61365.019, 126, P00, S06, 1
P00, Trade, 61370.250, 129, P00, B21, 1
P00, Trade, 61375.635, 128, P00, S09, 1
P00, Trade, 61378.058, 126, P00, B13, 1
P00, Trade, 61385.231, 132, P00, S18, 1
P00, Trade, 61389.731, 135, P00, B23, 1
P00, Trade, 61392.500, 129, P00, S02, 1
P00, Trade, 61398.000, 131, P00, B05, 1
P00, Trade, 61400.500, 128, P00, S06, 1
P00, Trade, 61407.019, 130, P00, B23, 1
P00, Trade, 61409.250, 132, P00, S15, 1
P00, Trade, 61420.712, 127, P00, B06, 1
P00, Trade, 61422.904, 126, P00, S22, 1
P00, Trade, 61426.135, 127, P00, B09, 1
P00, Trade, 61431.096, 127, P00, S03, 1
P00, Trade, 61435.615, 129, P00, B02, 1
P00, Trade, 61445.154, 130, P00, S14, 1
P00, Trade, 61452.885, 130, P00, B11, 1
P00, Trade, 61460.500, 128, P00, S05, 1
P00, Trade, 61469.558, 126, P00, B19, 1
P00, Trade, 61475.808, 133, P00, S22, 1
P00, Trade, 61479.481, 134, P00, B12, 1
P00, Trade, 61487.288, 124, P00, S00, 1
P00, Trade, 61497.000, 125, P00, B23, 1
P00, Trade, 61504.692, 126, P00, S04, 1
P00, Trade, 61506.500, 128, P00, B02, 1
P00, Trade, 61509.596, 127, P00, S16, 1
P00, Trade, 61513.865, 129, P00, B01, 1
P00, Trade, 61521.635, 128, P00, S17, 1
P00, Trade, 61529.481, 129, P00, B24, 1
P00, Trade, 61532.385, 126, P00, S00, 1
P00, Trade, 61535.442, 130, P00, B11, 1
P00, Trade, 61536.385, 127, P00, S18, 1
P00, Trade, 61539.808, 132, P00, B12, 1
P00, Trade, 61541.365, 129, P00, S14, 1
P00, Trade, 61545.538, 129, P00, B09, 1
P00, Trade, 61550.077, 125, P00, S10, 1
P00, Trade, 61552.481, 128, P00, B16, 1
P00, Trade, 61559.077, 131, P00, S00, 1
P00, Trade, 61564.096, 131, P00, B01, 1
P00, Trade, 61566.058, 126, P00, S19, 1
P00, Trade, 61566.673, 127, P00, B02, 1
P00, Trade, 61569.231, 125, P00, S20, 1
P00, Trade, 61570.538, 134, P00, B18, 1
P00, Trade, 61574.135, 133, P00, S14, 1
P00, Trade, 61576.596, 135, P00, B23, 1
P00, Trade, 61581.981, 130, P00, S14, 1
P00, Trade, 61586.019, 131, P00, B20, 1
P00, Trade, 61587.288, 130, P00, S09, 1
P00, Trade, 61594.154, 132, P00, B06, 1
P00, Trade, 61600.558, 128, P00, S15, 1
P00, Trade, 61606.000, 125, P00, B13, 1
P00, Trade, 61607.327, 124, P00, S20, 1
P00, Trade, 61609.808, 129, P00, B03, 1
P00, Trade, 61612.904, 125, P00, S10, 1
P00, Trade, 61615.519, 126, P00, B07, 1
P00, Trade, 61618.981, 125, P00, S22, 1
P00, Trade, 61623.250, 130, P00, B09, 1
P00, Trade, 61626.250, 130, P00, S14, 1
P00, Trade, 61632.538, 129, P00, B24, 1
P00, Trade, 61638.673, 127, P00, S07, 1
P00, Trade, 61641.038, 130, P00, B16, 1
P00, Trade, 61641.635, 128, P00, S10, 1
P00, Trade, 61647.077, 128, P00, B22, 1
P00, Trade, 61654.481, 126, P00, S24, 1
P00, Trade, 61660.308, 129, P00, B12, 1
P00, Trade, 61666.231, 126, P00, S17, 1
P00, Trade, 61668.019, 128, P00, B01, 1
P00, Trade, 61670.096, 126, P00, S24, 1
P00, Trade, 61672.692, 125, P00, B10, 1
P00, Trade, 61675.346, 129, P00, S18, 1
P00, Trade, 61681.923, 128, P00, B20, 1
P00, Trade, 61685.577, 127, P00, S00, 1
P00, Trade, 61691.673, 127, P00, B16, 1
P00, Trade, 61695.692, 123, P00, S17, 1
P00, Trade, 61700.423, 129, P00, B07, 1
P00, Trade, 61702.885, 129, P00, S03, 1
P00, Trade, 61706.788, 134, P00, B18, 1
P00, Trade, 61709.558, 129, P00, S00, 1
P00, Trade, 61710.865, 136, P00, B09, 1
P00, Trade, 61719.250, 131, P00, S19, 1
P00, Trade, 61725.731, 128, P00, B09, 1
P00, Trade, 61731.423, 134, P00, S17, 1
P00, Trade, 61734.115, 135, P00, B10, 1
P00, Trade, 61737.846, 133, P00, S06, 1
P00, Trade, 61741.519, 129, P00, B16, 1
P00, Trade, 61753.038, 132, P00, S11, 1
P00, Trade, 61754.788, 133, P00, B15, 1
P00, Trade, 61758.808, 132, P00, S07, 1
P00, Trade, 61764.577, 134, P00, B18, 1
P00, Trade, 61766.827, 131, P00, S19, 1
P00, Trade, 61767.654, 134, P00, B08, 1
P00, Trade, 61774.558, 132, P00, S04, 1
P00, Trade, 61784.442, 130, P00, B01, 1
P00, Trade, 61790.481, 128, P00, S10, 1
P00, Trade, 61793.231, 130, P00, B17, 1
P00, Trade, 61799.596, 130, P00, S09, 1
P00, Trade, 61810.346, 125, P00, B00, 1
P00, Trade, 61819.846, 130, P00, S15, 1
P00, Trade, 61823.135, 134, P00, B22, 1
P00, Trade, 61824.327, 132, S14, P00, 1
P00, Trade, 61829.558, 131, P00, B10, 1
P00, Trade, 61834.654, 128, P00, S18, 1
P00, Trade, 61837.904, 134, P00, B20, 1
P00, Trade, 61838.481, 129, P00, S04, 1
P00, Trade, 61843.615, 132, P00, B12, 1
P00, Trade, 61849.423, 127, P00, S07, 1
P00, Trade, 61854.327, 136, P00, B09, 1
P00, Trade, 61862.269, 135, P00, S12, 1
P00, Trade, 61865.577, 135, P00, B11, 1
P00, Trade, 61872.308, 134, P00, S05, 1
P00, Trade, 61876.038, 135, P00, B20, 1
P00, Trade, 61889.173, 129, P00, S17, 1
P00, Trade, 61894.654, 132, P00, B19, 1
P00, Trade, 61904.327, 133, P00, S01, 1
P00, Trade, 61909.827, 126, P00, B22, 1
P00, Trade, 61913.442, 124, P00, S16, 1
P00, Trade, 61915.212, 126, P00, B08, 1
P00, Trade, 61921.596, 130, P00, S11, 1
P00, Trade, 61926.769, 134, P00, B09, 1
P00, Trade, 61934.635, 131, P00, S13, 1
P00, Trade, 61939.231, 134, P00, B13, 1
P00, Trade, 61941.692, 135, P00, S00, 1
P00, Trade, 61951.577, 125, P00, B07, 1
P00, Trade, 61961.365, 133, P00, S05, 1
P00, Trade, 61966.538, 134, P00, B18, 1
P00, Trade, 61970.519, 132, P00, S08, 1
P00, Trade, 61972.577, 133, P00, B10, 1
P00, Trade, 61975.577, 136, P00, S13, 1
P00, Trade, 61978.385, 139, P00, B03, 1
P00, Trade, 61986.885, 122, P00, S15, 1
P00, Trade, 61989.442, 127, P00, B09, 1
P00, Trade, 61993.500, 130, P00, S06, 1
P00, Trade, 62005.865, 129, P00, B05, 1
P00, Trade, 62014.327, 134, P00, S07, 1
P00, Trade, 62019.096, 131, P00, B07, 1
P00, Trade, 62023.250, 129, P00, S19, 1
P00, Trade, 62024.654, 129, P00, B09, 1
P00, Trade, 62031.135, 127, P00, S10, 1
P00, Trade, 62034.712, 133, P00, B13, 1
P00, Trade, 62039.788, 126, P00, S07, 1
P00, Trade, 62044.346, 124, P00, B14, 1
P00, Trade, 62048.942, 125, P00, S22, 1
P00, Trade, 62050.346, 126, P00, B19, 1
P00, Trade, 62060.788, 131, P00, S16, 1
P00, Trade, 62067.808, 137, P00, B22, 1
P00, Trade, 62070.231, 127, P00, S06, 1
P00, Trade, 62072.981, 130, P00, B10, 1
P00, Trade, 62079.135, 128, P00, S13, 1
P00, Trade, 62082.115, 134, P00, B03, 1
P00, Trade, 62092.923, 126, P00, S09, 1
P00, Trade, 62096.404, 127, P00, B06, 1
P00, Trade, 62098.788, 125, P00, S13, 1
P00, Trade, 62099.538, 129, P00, B17, 1
P00, Trade, 62107.712, 129, P00, S01, 1
P00, Trade, 62109.981, 133, P00, B08, 1
P00, Trade, 62111.173, 129, P00, S10, 1
P00, Trade, 62115.327, 138, P00, B00, 1
P00, Trade, 62116.923, 135, P00, S20, 1
P00, Trade, 62121.769, 132, P00, B12, 1
P00, Trade, 62124.981, 133, P00, S19, 1
P00, Trade, 62130.635, 129, P00, B21, 1
P00, Trade, 62131.442, 128, P00, S19, 1
P00, Trade, 62132.635, 129, P00, B04, 1
P00, Trade, 62135.692, 128, P00, S14, 1
P00, Trade, 62138.923, 132, P00, B05, 1
P00, Trade, 62141.500, 133, P00, S20, 1
P00, Trade, 62143.019, 134, P00, B12, 1
P00, Trade, 62150.615, 130, P00, S13, 1
P00, Trade, 62160.577, 129, B05, P00, 1
P00, Trade, 62167.308, 127, P00, S01, 1
P00, Trade, 62169.654, 130, P00, B18, 1
P00, Trade, 62170.846, 123, P00, S18, 1
P00, Trade, 62172.500, 138, P00, B08, 1
P00, Trade, 62182.365, 128, P00, S17, 1
P00, Trade, 62186.827, 128, P00, B12, 1
P00, Trade, 62196.442, 129, P00, S12, 1
P00, Trade, 62197.692, 131, P00, B13, 1
P00, Trade, 62200.115, 129, P00, S00, 1
P00, Trade, 62204.365, 131, P00, B20, 1
P00, Trade, 62208.596, 128, P00, S09, 1
P00, Trade, 62216.038, 131, P00, B02, 1
P00, Trade, 62222.442, 128, P00, S20, 1
P00, Trade, 62223.288, 127, P00, B12, 1
P00, Trade, 62229.192, 131, P00, S17, 1
P00, Trade, 62233.481, 136, P00, B09, 1
P00, Trade, 62236.750, 135, P00, S00, 1
P00, Trade, 62244.635, 128, P00, B19, 1
P00, Trade, 62253.942, 133, P00, S04, 1
P00, Trade, 62271.635, 132, P00, B14, 1
P00, Trade, 62283.596, 132, P00, S01, 1
P00, Trade, 62291.288, 133, P00, B22, 1
P00, Trade, 62297.058, 128, P00, S13, 1
P00, Trade, 62299.558, 128, P00, B02, 1
P00, Trade, 62303.519, 130, P00, S04, 1
P00, Trade, 62309.654, 132, P00, B01, 1
P00, Trade, 62313.404, 127, P00, S11, 1
P00, Trade, 62314.769, 127, P00, B08, 1
P00, Trade, 62319.750, 127, P00, S01, 1
P00, Trade, 62332.846, 125, P00, B04, 1
P00, Trade, 62347.096, 130, P00, S12, 1
P00, Trade, 62352.096, 126, P00, B01, 1
P00, Trade, 62363.288, 122, P00, S10, 1
P00, Trade, 62370.192, 123, P00, B12, 1
P00, Trade, 62373.096, 122, P00, S05, 1
P00, Trade, 62376.904, 126, P00, B02, 1
P00, Trade, 62383.096, 126, P00, S22, 1
P00, Trade, 62390.462, 126, P00, B12, 1
P00, Trade, 62391.788, 120, P00, S15, 1
P00, Trade, 62400.038, 126, P00, B08, 1
P00, Trade, 62403.558, 119, P00, S06, 1
P00, Trade, 62407.635, 125, P00, B19, 1
P00, Trade, 62414.923, 125, P00, S04, 1
P00, Trade, 62417.288, 131, P00, B05, 1
P00, Trade, 62419.673, 130, P00, S00, 1
P00, Trade, 62432.154, 125, P00, B01, 1
P00, Trade, 62440.692, 122, P00, S00, 1
P00, Trade, 62441.038, 123, P00, B08, 1
P00, Trade, 62445.346, 122, P00, S04, 1
P00, Trade, 62452.250, 120, P00, B07, 1
P00, Trade, 62456.135, 122, P00, S19, 1
P00, Trade, 62458.038, 124, P00, B22, 1
P00, Trade, 62464.692, 120, P00, S02, 1
P00, Trade, 62468.135, 123, P00, B11, 1
P00, Trade, 62472.538, 129, P00, S08, 1
P00, Trade, 62481.692, 122, P00, B03, 1
P00, Trade, 62487.942, 123, P00, S00, 1
P00, Trade, 62492.981, 124, P00, B24, 1
P00, Trade, 62501.365, 124, P00, S22, 1
P00, Trade, 62505.269, 127, P00, B13, 1
P00, Trade, 62507.404, 120, P00, S10, 1
P00, Trade, 62512.885, 120, P00, B02, 1
P00, Trade, 62516.635, 121, P00, S17, 1
P00, Trade, 62519.923, 122, P00, B08, 1
P00, Trade, 62526.115, 125, P00, S06, 1
P00, Trade, 62537.788, 132, P00, B00, 1
P00, Trade, 62538.462, 124, P00, S07, 1
P00, Trade, 62540.327, 134, P00, B23, 1
P00, Trade, 62545.000, 126, P00, S15, 1
P00, Trade, 62546.827, 129, P00, B18, 1
P00, Trade, 62554.000, 124, P00, S13, 1
P00, Trade, 62556.404, 126, P00, B17, 1
P00, Trade, 62558.750, 124, P00, S05, 1
P00, Trade, 62561.731, 125, P00, B07, 1
P00, Trade, 62563.558, 130, P00, S16, 1
P00, Trade, 62569.827, 131, P00, B20, 1
P00, Trade, 62575.404, 127, P00, S00, 1
P00, Trade, 62582.423, 128, P00, B12, 1
P00, Trade, 62586.635, 136, P00, S19, 1
P00, Trade, 62600.654, 130, P00, B08, 1
P00, Trade, 62603.519, 121, P00, S10, 1
P00, Trade, 62610.231, 129, P00, B11, 1
P00, Trade, 62619.615, 125, P00, S10, 1
P00, Trade, 62624.442, 126, P00, B24, 1
P00, Trade, 62626.538, 126, P00, S03, 1
P00, Trade, 62628.769, 130, P00, B14, 1
P00, Trade, 62632.346, 121, P00, S24, 1
P00, Trade, 62637.538, 123, P00, B08, 1
P00, Trade, 62644.615, 123, P00, S13, 1
P00, Trade, 62648.596, 124, P00, B24, 1
P00, Trade, 62652.019, 123, P00, S01, 1
P00, Trade, 62653.904, 125, P00, B00, 1
P00, Trade, 62659.346, 130, P00, S10, 1
P00, Trade, 62663.654, 127, P00, B17, 1
P00, Trade, 62665.423, 125, P00, S15, 1
P00, Trade, 62674.192, 126, P00, B14, 1
P00, Trade, 62680.442, 127, P00, S05, 1
P00, Trade, 62684.327, 123, P00, B05, 1
P00, Trade, 62688.288, 127, P00, S13, 1
P00, Trade, 62690.904, 136, B07, P00, 1
P00, Trade, 62691.712, 139, P00, S02, 1
P00, Trade, 62696.442, 129, P00, B17, 1
P00, Trade, 62700.135, 120, P00, S22, 1
P00, Trade, 62702.865, 126, P00, B10, 1
P00, Trade, 62705.308, 121, P00, S00, 1
P00, Trade, 62708.808, 126, P00, B18, 1
P00, Trade, 62714.942, 125, P00, S06, 1
P00, Trade, 62719.250, 123, P00, B08, 1
P00, Trade, 62725.058, 128, P00, S11, 1
P00, Trade, 62729.942, 127, P00, B22, 1
P00, Trade, 62736.231, 122, P00, S04, 1
P00, Trade, 62738.788, 123, P00, B00, 1
P00, Trade, 62740.635, 121, P00, S07, 1
P00, Trade, 62745.827, 131, P00, B19, 1
P00, Trade, 62748.673, 128, P00, S10, 1
P00, Trade, 62751.135, 125, P00, B15, 1
P00, Trade, 62752.827, 125, P00, S19, 1
P00, Trade, 62760.096, 130, P00, B08, 1
P00, Trade, 62761.058, 118, P00, S02, 1
P00, Trade, 62768.308, 129, P00, B24, 1
P00, Trade, 62768.731, 128, P00, S11, 1
P00, Trade, 62771.173, 134, P00, B09, 1
P00, Trade, 62774.788, 122, P00, S14, 1
P00, Trade, 62776.827, 126, P00, B12, 1
P00, Trade, 62782.135, 125, P00, S15, 1
P00, Trade, 62785.385, 128, B14, P00, 1
P00, Trade, 62791.154, 127, P00, S09, 1
P00, Trade, 62794.404, 129, P00, B01, 1
P00, Trade, 62798.192, 123, P00, S07, 1
P00, Trade, 62801.404, 125, P00, B01, 1
P00, Trade, 62809.038, 129, P00, S01, 1
P00, Trade, 62813.327, 131, P00, B22, 1
P00, Trade, 62814.904, 126, P00, S09, 1
P00, Trade, 62826.712, 128, P00, B01, 1
P00, Trade, 62833.404, 122, P00, S03, 1
P00, Trade, 62838.654, 130, P00, B14, 1
P00, Trade, 62843.712, 130, P00, S15, 1
P00, Trade, 62852.404, 127, P00, B00, 1
P00, Trade, 62853.481, 124, P00, S06, 1
P00, Trade, 62856.673, 121, P00, B01, 1
P00, Trade, 62864.327, 139, P00, S02, 1
P00, Trade, 62865.538, 140, P00, B14, 1
P00, Trade, 62870.154, 129, P00, S00, 1
P00, Trade, 62874.308, 127, P00, B08, 1
P00, Trade, 62879.135, 123, P00, S20, 1
P00, Trade, 62884.288, 129, P00, B06, 1
P00, Trade, 62885.577, 130, P00, S24, 1
P00, Trade, 62891.212, 126, P00, B02, 1
P00, Trade, 62903.904, 129, P00, S19, 1
P00, Trade, 62909.308, 130, P00, B19, 1
P00, Trade, 62913.192, 126, P00, S24, 1
P00, Trade, 62915.827, 124, P00, B13, 1
P00, Trade, 62920.346, 122, P00, S14, 1
P00, Trade, 62932.635, 124, P00, B01, 1
P00, Trade, 62937.327, 124, P00, S20, 1
P00, Trade, 62939.846, 129, P00, B17, 1
P00, Trade, 62943.712, 128, P00, S10, 1
P00, Trade, 62947.365, 131, P00, B01, 1
P00, Trade, 62951.923, 126, S00, P00, 1
P00, Trade, 62958.096, 131, P00, B01, 1
P00, Trade, 62968.615, 129, P00, S18, 1
P00, Trade, 62970.038, 129, P00, B04, 1
P00, Trade, 62972.519, 125, P00, S04, 1
P00, Trade, 62973.442, 133, P00, B18, 1
P00, Trade, 62980.942, 132, P00, S00, 1
P00, Trade, 62995.654, 130, P00, B11, 1
P00, Trade, 62997.231, 127, P00, S15, 1
P00, Trade, 62999.423, 131, P00, B18, 1
P00, Trade, 63004.365, 129, P00, S08, 1
P00, Trade, 63010.538, 127, P00, B23, 1
P00, Trade, 63014.096, 119, P00, S00, 1
P00, Trade, 63016.115, 120, P00, B01, 1
P00, Trade, 63023.712, 123, P00, S21, 1
P00, Trade, 63030.731, 125, P00, B20, 1
P00, Trade, 63037.058, 126, P00, S19, 1
P00, Trade, 63044.981, 126, P00, B01, 1
P00, Trade, 63052.308, 127, P00, S01, 1
P00, Trade, 63056.327, 130, P00, B08, 1
P00, Trade, 63064.269, 128, P00, S08, 1
P00, Trade, 63064.962, 129, B04, P00, 1
P00, Trade, 63067.096, 127, P00, S09, 1
P00, Trade, 63068.173, 128, P00, B08, 1
P00, Trade, 63078.558, 124, P00, S02, 1
P00, Trade, 63083.077, 124, P00, B20, 1
P00, Trade, 63086.058, 126, P00, S00, 1
P00, Trade, 63088.731, 126, P00, B12, 1
P00, Trade, 63097.788, 127, P00, S21, 1
P00, Trade, 63104.654, 126, P00, B08, 1
P00, Trade, 63112.327, 123, P00, S13, 1
P00, Trade, 63115.962, 124, P00, B01, 1
P00, Trade, 63121.231, 125, P00, S02, 1
P00, Trade, 63123.712, 127, P00, B10, 1
P00, Trade, 63130.654, 128, P00, S04, 1
P00, Trade, 63140.365, 123, P00, B13, 1
P00, Trade, 63144.846, 122, P00, S17, 1
P00, Trade, 63146.038, 124, P00, B02, 1
P00, Trade, 63149.308, 136, P00, S16, 1
P00, Trade, 63162.577, 137, P00, B09, 1
P00, Trade, 63173.019, 127, P00, S01, 1
P00, Trade, 63177.308, 128, P00, B19, 1
P00, Trade, 63185.346, 134, P00, S17, 1
P00, Trade, 63194.346, 129, P00, B03, 1
P00, Trade, 63196.942, 125, P00, S11, 1
P00, Trade, 63202.115, 126, P00, B18, 1
P00, Trade, 63204.654, 123, P00, S10, 1
P00, Trade, 63211.058, 125, P00, B22, 1
P00, Trade, 63212.904, 120, P00, S00, 1
P00, Trade, 63215.250, 130, P00, B14, 1
P00, Trade, 63216.558, 126, P00, S17, 1
P00, Trade, 63226.692, 121, P00, B09, 1
P00, Trade, 63229.250, 128, P00, S11, 1
P00, Trade, 63243.058, 127, P00, B15, 1
P00, Trade, 63245.442, 124, P00, S01, 1
P00, Trade, 63252.923, 129, P00, B23, 1
P00, Trade, 63258.712, 125, P00, S15, 1
P00, Trade, 63266.385, 126, P00, B18, 1
P00, Trade, 63271.250, 126, P00, S00, 1
P00, Trade, 63274.596, 127, P00, B10, 1
P00, Trade, 63282.250, 129, P00, S10, 1
P00, Trade, 63284.673, 130, P00, B07, 1
P00, Trade, 63290.519, 125, P00, S21, 1
P00, Trade, 63298.865, 122, P00, B09, 1
P00, Trade, 63307.923, 129, P00, S04, 1
P00, Trade, 63315.481, 130, P00, B08, 1
P00, Trade, 63321.404, 128, P00, S11, 1
P00, Trade, 63331.481, 128, P00, B22, 1
P00, Trade, 63338.154, 125, P00, S20, 1
P00, Trade, 63348.288, 131, P00, B18, 1
P00, Trade, 63351.962, 124, P00, S08, 1
P00, Trade, 63355.808, 122, P00, B10, 1
P00, Trade, 63360.096, 131, P00, S12, 1
P00, Trade, 63362.904, 133, P00, B00, 1
P00, Trade, 63365.269, 125, P00, S04, 1
P00, Trade, 63369.365, 128, P00, B10, 1
P00, Trade, 63374.692, 128, P00, S04, 1
P00, Trade, 63380.058, 129, P00, B07, 1
P00, Trade, 63385.212, 128, P00, S03, 1
P00, Trade, 63392.519, 133, P00, B11, 1
P00, Trade, 63403.538, 127, P00, S18, 1
P00, Trade, 63417.038, 128, P00, B11, 1
P00, Trade, 63420.000, 124, P00, S00, 1
P00, Trade, 63420.750, 127, P00, B16, 1
P00, Trade, 63425.519, 131, P00, S07, 1
P00, Trade, 63433.481, 129, P00, B20, 1
P00, Trade, 63438.558, 134, P00, S06, 1
P00, Trade, 63445.942, 128, P00, B01, 1
P00, Trade, 63451.154, 127, P00, S20, 1
P00, Trade, 63461.558, 122, P00, B18, 1
P00, Trade, 63463.808, 122, P00, S06, 1
P00, Trade, 63466.115, 124, P00, B11, 1
P00, Trade, 63472.558, 126, P00, S21, 1
P00, Trade, 63480.038, 123, P00, B20, 1
P00, Trade, 63487.288, 125, P00, S18, 1
P00, Trade, 63491.769, 127, P00, B01, 1
P00, Trade, 63495.000, 133, P00, S24, 1
P00, Trade, 63500.750, 123, P00, B00, 1
P00, Trade, 63505.673, 126, P00, S15, 1
P00, Trade, 63515.038, 126, P00, B20, 1
P00, Trade, 63519.827, 129, P00, S00, 1
P00, Trade, 63530.000, 127, P00, B09, 1
P00, Trade, 63541.038, 127, P00, S21, 1
P00, Trade, 63547.115, 128, P00, B09, 1
P00, Trade, 63555.038, 126, P00, S15, 1
P00, Trade, 63558.173, 133, P00, B13, 1
P00, Trade, 63561.692, 126, P00, S06, 1
P00, Trade, 63566.981, 126, P00, B06, 1
P00, Trade, 63569.635, 122, P00, S07, 1
P00, Trade, 63575.019, 128, P00, B15, 1
P00, Trade, 63577.635, 127, P00, S19, 1
P00, Trade, 63580.135, 130, P00, B10, 1
P00, Trade, 63581.423, 127, P00, S20, 1
P00, Trade, 63593.615, 126, P00, B11, 1
P00, Trade, 63598.038, 123, P00, S09, 1
P00, Trade, 63600.135, 126, P00, B00, 1
P00, Trade, 63603.635, 125, P00, S17, 1
P00, Trade, 63606.923, 127, P00, B12, 1
P00, Trade, 63611.096, 123, P00, S01, 1
P00, Trade, 63613.731, 128, P00, B07, 1
P00, Trade, 63618.135, 125, P00, S19, 1
P00, Trade, 63621.212, 126, P00, B01, 1
P00, Trade, 63623.288, 125, P00, S22, 1
P00, Trade, 63627.096, 133, P00, B14, 1
P00, Trade, 63632.308, 123, P00, S17, 1
P00, Trade, 63633.077, 124, P00, B13, 1
P00, Trade, 63636.423, 125, P00, S07, 1
P00, Trade, 63639.212, 131, P00, B19, 1
P00, Trade, 63642.288, 126, P00, S23, 1
P00, Trade, 63647.135, 124, P00, B09, 1
P00, Trade, 63649.692, 121, P00, S04, 1
P00, Trade, 63651.558, 125, P00, B13, 1
P00, Trade, 63653.404, 120, P00, S17, 1
P00, Trade, 63656.750, 127, P00, B04, 1
P00, Trade, 63657.135, 126, P00, S04, 1
P00, Trade, 63661.615, 128, P00, B09, 1
P00, Trade, 63664.077, 125, P00, S14, 1
P00, Trade, 63665.327, 129, P00, B13, 1
P00, Trade, 63668.365, 127, P00, S13, 1
P00, Trade, 63675.500, 125, P00, B06, 1
P00, Trade, 63679.750, 124, P00, S04, 1
P00, Trade, 63680.981, 126, P00, B01, 1
P00, Trade, 63683.712, 120, P00, S19, 1
P00, Trade, 63685.385, 127, P00, B02, 1
P00, Trade, 63689.212, 118, P00, S24, 1
P00, Trade, 63699.635, 127, P00, B08, 1
P00, Trade, 63702.019, 126, P00, S01, 1
P00, Trade, 63709.327, 127, P00, B00, 1
P00, Trade, 63714.212, 128, P00, S23, 1
P00, Trade, 63720.558, 134, P00, B02, 1
P00, Trade, 63728.558, 120, P00, S23, 1
P00, Trade, 63731.462, 122, P00, B20, 1
P00, Trade, 63735.904, 118, P00, S14, 1
P00, Trade, 63741.154, 123, P00, B08, 1
P00, Trade, 63742.500, 120, P00, S02, 1
P00, Trade, 63748.250, 124, P00, B22, 1
P00, Trade, 63756.942, 123, P00, S19, 1
P00, Trade, 63760.558, 123, P00, B22, 1
P00, Trade, 63768.673, 124, P00, S02, 1
P00, Trade, 63772.577, 124, P00, B22, 1
P00, Trade, 63779.500, 123, P00, S10, 1
P00, Trade, 63780.212, 126, P00, B08, 1
P00, Trade, 63783.731, 123, P00, S15, 1
P00, Trade, 63787.462, 125, P00, B16, 1
P00, Trade, 63794.346, 123, P00, S13, 1
P00, Trade, 63798.673, 128, P00, B17, 1
P00, Trade, 63808.115, 123, P00, S17, 1
P00, Trade, 63813.673, 124, P00, B07, 1
P00, Trade, 63814.615, 120, P00, S02, 1
P00, Trade, 63818.519, 127, P00, B20, 1
P00, Trade, 63822.462, 129, P00, S15, 1
P00, Trade, 63825.769, 131, P00, B17, 1
P00, Trade, 63836.712, 132, P00, S14, 1
P00, Trade, 63840.385, 134, P00, B09, 1
P00, Trade, 63842.115, 133, P00, S10, 1
P00, Trade, 63845.096, 134, P00, B01, 1
P00, Trade, 63849.865, 129, P00, S09, 1
P00, Trade, 63856.962, 131, P00, B14, 1
P00, Trade, 63858.942, 128, P00, S18, 1
P00, Trade, 63861.423, 131, P00, B16, 1
P00, Trade, 63863.865, 127, P00, S13, 1
P00, Trade, 63867.846, 131, P00, B12, 1
P00, Trade, 63871.962, 131, P00, S07, 1
P00, Trade, 63875.212, 133, P00, B10, 1
P00, Trade, 63877.442, 136, P00, S16, 1
P00, Trade, 63884.288, 131, P00, B02, 1
P00, Trade, 63889.173, 127, P00, S03, 1
P00, Trade, 63895.500, 130, P00, B03, 1
P00, Trade, 63900.038, 128, P00, S01, 1
P00, Trade, 63900.846, 131, P00, B09, 1
P00, Trade, 63903.269, 128, P00, S04, 1
P00, Trade, 63910.538, 128, P00, B22, 1
P00, Trade, 63917.173, 129, P00, S00, 1
P00, Trade, 63920.673, 130, P00, B19, 1
P00, Trade, 63925.000, 129, P00, S15, 1
P00, Trade, 63929.673, 131, P00, B17, 1
P00, Trade, 63932.788, 128, P00, S20, 1
P00, Trade, 63936.808, 128, P00, B20, 1
P00, Trade, 63938.269, 123, P00, S09, 1
P00, Trade, 63940.346, 128, P00, B23, 1
P00, Trade, 63950.192, 129, P00, S18, 1
P00, Trade, 63952.673, 132, P00, B17, 1
P00, Trade, 63956.288, 131, P00, S22, 1
P00, Trade, 63962.096, 128, P00, B12, 1
P00, Trade, 63971.365, 131, P00, S13, 1
P00, Trade, 63975.231, 134, P00, B01, 1
P00, Trade, 63985.000, 124, P00, S07, 1
P00, Trade, 63988.519, 131, P00, B05, 1
P00, Trade, 63996.077, 134, P00, S15, 1
P00, Trade, 63998.442, 135, P00, B22, 1
P00, Trade, 64000.500, 128, P00, S10, 1
P00, Trade, 64008.904, 127, P00, B14, 1
P00, Trade, 64012.519, 129, P00, S13, 1
P00, Trade, 64020.288, 136, P00, B12, 1
P00, Trade, 64023.981, 131, P00, S16, 1
P00, Trade, 64027.769, 130, P00, B04, 1
P00, Trade, 64033.019, 127, P00, S05, 1
P00, Trade, 64042.769, 130, P00, B03, 1
P00, Trade, 64045.808, 127, P00, S07, 1
P00, Trade, 64050.904, 133, P00, B09, 1
P00, Trade, 64052.596, 127, P00, S04, 1
P00, Trade, 64055.269, 129, P00, B08, 1
P00, Trade, 64063.904, 129, P00, S15, 1
P00, Trade, 64067.750, 134, P00, B08, 1
P00, Trade, 64076.019, 130, P00, S18, 1
P00, Trade, 64081.885, 130, P00, B14, 1
P00, Trade, 64086.692, 125, P00, S01, 1
P00, Trade, 64089.827, 135, P00, B08, 1
P00, Trade, 64092.808, 136, P00, S04, 1
P00, Trade, 64098.750, 135, P00, B09, 1
P00, Trade, 64104.077, 132, P00, S22, 1
P00, Trade, 64116.346, 131, P00, B15, 1
P00, Trade, 64117.077, 131, S11, P00, 1
P00, Trade, 64119.827, 134, P00, B09, 1
P00, Trade, 64123.981, 124, P00, S22, 1
P00, Trade, 64125.731, 127, P00, B02, 1
P00, Trade, 64129.519, 123, P00, S17, 1
P00, Trade, 64132.077, 124, P00, B01, 1
P00, Trade, 64137.173, 126, P00, S13, 1
P00, Trade, 64143.462, 126, P00, B11, 1
P00, Trade, 64151.788, 124, P00, S20, 1
P00, Trade, 64154.250, 124, B08, P00, 1
P00, Trade, 64157.808, 140, P00, S13, 1
P00, Trade, 64169.788, 128, P00, B20, 1
P00, Trade, 64178.769, 129, P00, S04, 1
P00, Trade, 64181.192, 130, P00, B20, 1
P00, Trade, 64183.346, 124, P00, S10, 1
P00, Trade, 64185.519, 122, P00, B16, 1
P00, Trade, 64194.308, 123, P00, S15, 1
P00, Trade, 64198.385, 123, P00, B04, 1
P00, Trade, 64206.000, 136, P00, S06, 1
P00, Trade, 64211.962, 129, P00, B15, 1
P00, Trade, 64215.288, 124, P00, S00, 1
P00, Trade, 64218.538, 126, P00, B13, 1
P00, Trade, 64225.673, 125, P00, S10, 1
P00, Trade, 64230.038, 126, P00, B19, 1
P00, Trade, 64236.865, 123, P00, S03, 1
P00, Trade, 64238.635, 128, P00, B01, 1
P00, Trade, 64244.962, 130, P00, S01, 1
P00, Trade, 64247.231, 131, P00, B11, 1
P00, Trade, 64252.808, 125, P00, S15, 1
P00, Trade, 64257.250, 125, P00, B22, 1
P00, Trade, 64263.115, 129, P00, S10, 1
P00, Trade, 64267.519, 131, P00, B18, 1
P00, Trade, 64271.769, 133, P00, S11, 1
P00, Trade, 64279.423, 128, P00, B20, 1
P00, Trade, 64287.769, 129, P00, S00, 1
P00, Trade, 64293.788, 129, P00, B06, 1
P00, Trade, 64298.096, 124, P00, S00, 1
P00, Trade, 64304.827, 126, P00, B13, 1
P00, Trade, 64308.635, 130, P00, S07, 1
P00, Trade, 64312.462, 128, P00, B23, 1
P00, Trade, 64318.250, 129, P00, S21, 1
P00, Trade, 64327.365, 129, P00, B13, 1
P00, Trade, 64329.404, 127, P00, S02, 1
P00, Trade, 64330.865, 130, P00, B20, 1
P00, Trade, 64332.558, 128, P00, S02, 1
P00, Trade, 64337.577, 132, P00, B24, 1
P00, Trade, 64339.308, 125, P00, S04, 1
P00, Trade, 64344.538, 131, P00, B09, 1
P00, Trade, 64349.673, 123, P00, S07, 1
P00, Trade, 64359.692, 127, P00, B10, 1
P00, Trade, 64365.115, 126, P00, S04, 1
P00, Trade, 64369.308, 129, P00, B20, 1
P00, Trade, 64374.135, 122, P00, S04, 1
P00, Trade, 64379.365, 122, P00, B01, 1
P00, Trade, 64381.538, 119, P00, S06, 1
P00, Trade, 64384.269, 122, P00, B04, 1
P00, Trade, 64385.192, 121, P00, S15, 1
P00, Trade, 64394.962, 126, P00, B00, 1
P00, Trade, 64398.154, 124, P00, S02, 1
P00, Trade, 64404.635, 129, P00, B08, 1
P00, Trade, 64409.981, 130, P00, S15, 1
P00, Trade, 64414.038, 128, P00, B04, 1
P00, Trade, 64417.885, 127, P00, S14, 1
P00, Trade, 64421.981, 129, P00, B08, 1
P00, Trade, 64425.712, 128, P00, S02, 1
P00, Trade, 64427.327, 129, P00, B20, 1
P00, Trade, 64432.865, 123, P00, S13, 1
P00, Trade, 64438.019, 125, P00, B02, 1
P00, Trade, 64439.981, 121, P00, S15, 1
P00, Trade, 64443.269, 127, P00, B13, 1
P00, Trade, 64446.077, 127, P00, S19, 1
P00, Trade, 64452.500, 122, P00, B12, 1
P00, Trade, 64452.904, 121, P00, S15, 1
P00, Trade, 64456.519, 125, P00, B13, 1
P00, Trade, 64462.000, 121, P00, S19, 1
P00, Trade, 64472.135, 122, P00, B23, 1
P00, Trade, 64477.712, 123, P00, S06, 1
P00, Trade, 64487.423, 122, P00, B19, 1
P00, Trade, 64489.885, 120, P00, S20, 1
P00, Trade, 64492.538, 124, P00, B04, 1
P00, Trade, 64495.981, 121, P00, S07, 1
P00, Trade, 64498.615, 122, P00, B19, 1
P00, Trade, 64507.558, 125, P00, S18, 1
P00, Trade, 64511.058, 127, P00, B24, 1
P00, Trade, 64515.154, 133, P00, S22, 1
P00, Trade, 64521.423, 125, P00, B12, 1
P00, Trade, 64539.135, 125, P00, S06, 1
P00, Trade, 64546.788, 122, P00, B05, 1
P00, Trade, 64550.615, 125, P00, S09, 1
P00, Trade, 64560.558, 121, P00, B01, 1
P00, Trade, 64564.865, 122, P00, S19, 1
P00, Trade, 64575.346, 122, P00, B12, 1
P00, Trade, 64580.462, 124, P00, S07, 1
P00, Trade, 64588.212, 123, P00, B03, 1
P00, Trade, 64591.019, 126, P00, S19, 1
P00, Trade, 64594.673, 130, P00, B10, 1
P00, Trade, 64596.673, 128, P00, S14, 1
P00, Trade, 64608.269, 129, P00, B19, 1
P00, Trade, 64611.731, 125, P00, S01, 1
P00, Trade, 64618.635, 125, P00, B08, 1
P00, Trade, 64622.788, 123, P00, S22, 1
P00, Trade, 64629.000, 129, P00, B01, 1
P00, Trade, 64631.385, 126, P00, S18, 1
P00, Trade, 64638.000, 123, P00, B18, 1
P00, Trade, 64638.865, 124, P00, S00, 1
P00, Trade, 64643.538, 125, P00, B11, 1
P00, Trade, 64648.442, 131, P00, S15, 1
P00, Trade, 64649.962, 134, P00, B14, 1
P00, Trade, 64658.827, 123, P00, S07, 1
P00, Trade, 64662.404, 128, P00, B15, 1
P00, Trade, 64664.365, 125, P00, S04, 1
P00, Trade, 64671.500, 123, P00, B08, 1
P00, Trade, 64678.846, 124, P00, S04, 1
P00, Trade, 64686.481, 122, P00, B09, 1
P00, Trade, 64690.904, 124, P00, S00, 1
P00, Trade, 64700.212, 128, P00, B01, 1
P00, Trade, 64702.615, 127, P00, S01, 1
P00, Trade, 64706.000, 128, P00, B11, 1
P00, Trade, 64709.692, 127, P00, S05, 1
P00, Trade, 64717.038, 122, P00, B22, 1
P00, Trade, 64728.212, 126, P00, S10, 1
P00, Trade, 64729.923, 128, P00, B00, 1
P00, Trade, 64733.923, 126, P00, S22, 1
P00, Trade, 64741.846, 128, P00, B02, 1
P00, Trade, 64749.596, 130, P00, S18, 1
P00, Trade, 64752.173, 131, P00, B17, 1
P00, Trade, 64753.615, 128, S22, P00, 1
P00, Trade, 64757.250, 134, P00, B24, 1
P00, Trade, 64762.769, 129, P00, S04, 1
P00, Trade, 64771.981, 129, P00, B08, 1
P00, Trade, 64777.442, 127, P00, S14, 1
P00, Trade, 64782.846, 128, P00, B20, 1
P00, Trade, 64787.231, 132, P00, S18, 1
P00, Trade, 64789.538, 131, P00, B13, 1
P00, Trade, 64797.288, 132, P00, S15, 1
P00, Trade, 64800.538, 130, P00, B24, 1
P00, Trade, 64804.173, 120, P00, S15, 1
P00, Trade, 64808.654, 127, P00, B01, 1
P00, Trade, 64811.135, 127, P00, S04, 1
P00, Trade, 64811.673, 128, P00, B20, 1
P00, Trade, 64816.827, 130, P00, S10, 1
P00, Trade, 64820.135, 130, P00, B21, 1
P00, Trade, 64820.673, 130, P00, S17, 1
P00, Trade, 64829.462, 130, P00, B09, 1
P00, Trade, 64832.192, 135, P00, S17, 1
P00, Trade, 64836.981, 134, P00, B08, 1
P00, Trade, 64848.962, 130, P00, S04, 1
P00, Trade, 64857.058, 130, P00, B22, 1
P00, Trade, 64866.673, 132, P00, S17, 1
P00, Trade, 64874.365, 131, P00, B19, 1
P00, Trade, 64877.846, 126, P00, S13, 1
P00, Trade, 64879.673, 128, P00, B12, 1
P00, Trade, 64883.115, 123, P00, S14, 1
P00, Trade, 64884.615, 131, P00, B00, 1
P00, Trade, 64886.731, 126, P00, S02, 1
P00, Trade, 64887.962, 130, P00, B22, 1
P00, Trade, 64893.481, 123, P00, S17, 1
P00, Trade, 64903.596, 132, P00, B08, 1
P00, Trade, 64904.827, 128, P00, S17, 1
P00, Trade, 64908.962, 125, P00, B21, 1
P00, Trade, 64910.346, 126, P00, S12, 1
P00, Trade, 64912.750, 131, P00, B17, 1
P00, Trade, 64917.519, 134, P00, S15, 1
P00, Trade, 64920.827, 137, P00, B07, 1
P00, Trade, 64923.115, 129, P00, S17, 1
P00, Trade, 64927.442, 132, P00, B19, 1
P00, Trade, 64933.635, 124, P00, S20, 1
P00, Trade, 64935.788, 128, P00, B13, 1
P00, Trade, 64936.596, 124, P00, S15, 1
P00, Trade, 64939.558, 128, P00, B22, 1
P00, Trade, 64942.885, 128, P00, S02, 1
P00, Trade, 64949.365, 131, P00, B11, 1
P00, Trade, 64950.923, 131, P00, S15, 1
P00, Trade, 64957.346, 132, P00, B08, 1
P00, Trade, 64961.827, 126, P00, S10, 1
P00, Trade, 64962.788, 127, P00, B22, 1
P00, Trade, 64966.500, 129, P00, S13, 1
P00, Trade, 64978.981, 129, P00, B24, 1
P00, Trade, 64982.365, 131, P00, S24, 1
P00, Trade, 64989.135, 119, P00, B04, 1
P00, Trade, 64995.558, 129, P00, S04, 1
P00, Trade, 65000.000, 134, P00, B19, 1
P00, Trade, 65002.558, 125, P00, S09, 1
P00, Trade, 65004.885, 131, P00, B22, 1
P00, Trade, 65011.750, 127, P00, S02, 1
P00, Trade, 65012.904, 128, P00, B19, 1
P00, Trade, 65016.019, 125, P00, S16, 1
P00, Trade, 65017.231, 129, P00, B17, 1
P00, Trade, 65022.250, 130, P00, S07, 1
P00, Trade, 65028.769, 128, P00, B02, 1
P00, Trade, 65035.481, 125, P00, S21, 1
P00, Trade, 65039.135, 132, P00, B17, 1
P00, Trade, 65049.365, 129, P00, S11, 1
P00, Trade, 65052.462, 131, P00, B10, 1
P00, Trade, 65053.635, 127, P00, S07, 1
P00, Trade, 65057.712, 128, P00, B13, 1
P00, Trade, 65065.327, 132, P00, S18, 1
P00, Trade, 65070.058, 136, P00, B24, 1
P00, Trade, 65074.404, 131, P00, S16, 1
P00, Trade, 65077.808, 133, P00, B12, 1
P00, Trade, 65082.423, 132, P00, S14, 1
P00, Trade, 65086.750, 132, P00, B20, 1
P00, Trade, 65090.923, 131, P00, S07, 1
P00, Trade, 65094.269, 126, P00, B12, 1
P00, Trade, 65102.481, 127, P00, S01, 1
P00, Trade, 65104.462, 132, P00, B17, 1
P00, Trade, 65109.231, 126, P00, S00, 1
P00, Trade, 65112.538, 126, P00, B10, 1
P00, Trade, 65119.000, 125, P00, S03, 1
P00, Trade, 65121.827, 131, B15, P00, 1
P00, Trade, 65125.596, 129, P00, S20, 1
P00, Trade, 65128.923, 129, P00, B13, 1
P00, Trade, 65134.058, 128, P00, S16, 1
P00, Trade, 65137.308, 132, P00, B01, 1
P00, Trade, 65138.250, 129, P00, S04, 1
P00, Trade, 65145.058, 130, P00, B09, 1
P00, Trade, 65150.731, 127, P00, S19, 1
P00, Trade, 65154.442, 126, P00, B17, 1
P00, Trade, 65161.731, 130, P00, S14, 1
P00, Trade, 65164.192, 135, P00, B20, 1
P00, Trade, 65168.615, 132, P00, S04, 1
P00, Trade, 65171.442, 134, P00, B09, 1
P00, Trade, 65173.058, 131, P00, S19, 1
P00, Trade, 65177.500, 133, P00, B19, 1
P00, Trade, 65178.712, 129, P00, S10, 1
P00, Trade, 65188.404, 129, P00, B09, 1
P00, Trade, 65190.808, 127, P00, S01, 1
P00, Trade, 65194.404, 130, P00, B18, 1
P00, Trade, 65196.885, 129, P00, S00, 1
P00, Trade, 65208.885, 130, P00, B07, 1
P00, Trade, 65210.673, 127, P00, S12, 1
P00, Trade, 65214.846, 129, P00, B24, 1
P00, Trade, 65218.192, 129, P00, S03, 1
P00, Trade, 65222.596, 134, P00, B09, 1
P00, Trade, 65225.442, 134, P00, S07, 1
P00, Trade, 65230.577, 130, P00, B09, 1
P00, Trade, 65235.077, 132, P00, S04, 1
P00, Trade, 65236.577, 133, P00, B16, 1
P00, Trade, 65241.288, 129, P00, S06, 1
P00, Trade, 65247.269, 128, P00, B14, 1
P00, Trade, 65255.327, 126, P00, S14, 1
P00, Trade, 65257.788, 127, P00, B07, 1
P00, Trade, 65259.942, 130, P00, S22, 1
P00, Trade, 65265.654, 130, P00, B03, 1
P00, Trade, 65275.827, 125, P00, S17, 1
P00, Trade, 65280.308, 133, P00, B20, 1
P00, Trade, 65283.096, 132, P00, S20, 1
P00, Trade, 65285.923, 133, P00, B05, 1
P00, Trade, 65296.808, 130, P00, S14, 1
P00, Trade, 65309.327, 133, P00, B00, 1
P00, Trade, 65313.769, 127, P00, S15, 1
P00, Trade, 65316.058, 134, P00, B22, 1
P00, Trade, 65317.885, 129, P00, S00, 1
P00, Trade, 65321.250, 128, P00, B09, 1
P00, Trade, 65324.212, 133, P00, S10, 1
P00, Trade, 65330.019, 137, P00, B03, 1
P00, Trade, 65337.231, 130, P00, S05, 1
P00, Trade, 65339.904, 133, P00, B01, 1
P00, Trade, 65344.173, 134, P00, S06, 1
P00, Trade, 65351.173, 132, P00, B12, 1
P00, Trade, 65356.885, 131, P00, S13, 1
P00, Trade, 65366.269, 132, P00, B01, 1
P00, Trade, 65372.885, 129, P00, S18, 1
P00, Trade, 65379.231, 130, P00, B14, 1
P00, Trade, 65381.250, 129, P00, S02, 1
P00, Trade, 65382.404, 134, P00, B11, 1
P00, Trade, 65386.808, 135, P00, S15, 1
P00, Trade, 65390.481, 134, P00, B17, 1
P00, Trade, 65396.135, 132, P00, S18, 1
P00, Trade, 65400.423, 131, P00, B06, 1
P00, Trade, 65408.038, 127, P00, S07, 1
P00, Trade, 65409.519, 130, P00, B23, 1
P00, Trade, 65417.750, 130, P00, S18, 1
P00, Trade, 65422.269, 135, P00, B20, 1
P00, Trade, 65423.942, 127, P00, S22, 1
P00, Trade, 65431.885, 133, P00, B22, 1
P00, Trade, 65436.154, 129, P00, S07, 1
P00, Trade, 65441.404, 123, P00, B01, 1
P00, Trade, 65448.442, 129, P00, S12, 1
P00, Trade, 65458.615, 131, P00, B02, 1
P00, Trade, 65465.154, 130, P00, S09, 1
P00, Trade, 65470.154, 135, P00, B16, 1
P00, Trade, 65472.077, 133, P00, S17, 1
P00, Trade, 65475.269, 129, P00, B20, 1
P00, Trade, 65476.942, 127, P00, S07, 1
P00, Trade, 65478.654, 130, P00, B09, 1
P00, Trade, 65482.404, 127, P00, S02, 1
P00, Trade, 65484.808, 129, P00, B09, 1
P00, Trade, 65487.173, 125, P00, S04, 1
P00, Trade, 65490.346, 126, P00, B05, 1
P00, Trade, 65494.558, 127, P00, S16, 1
P00, Trade, 65496.885, 132, P00, B02, 1
P00, Trade, 65507.404, 128, P00, S13, 1
P00, Trade, 65513.673, 131, P00, B13, 1
P00, Trade, 65520.173, 130, P00, S02, 1
P00, Trade, 65522.000, 132, P00, B08, 1
P00, Trade, 65534.365, 125, P00, S09, 1
P00, Trade, 65536.269, 125, P00, B00, 1
P00, Trade, 65546.962, 133, P00, S04, 1
P00, Trade, 65552.077, 129, P00, B07, 1
P00, Trade, 65555.096, 125, P00, S09, 1
P00, Trade, 65557.385, 131, P00, B10, 1
P00, Trade, 65559.442, 128, P00, S06, 1
P00, Trade, 65560.885, 131, P00, B12, 1
P00, Trade, 65564.769, 129, P00, S11, 1
P00, Trade, 65565.269, 130, P00, B01, 1
P00, Trade, 65567.538, 126, P00, S01, 1
P00, Trade, 65570.923, 129, P00, B09, 1
P00, Trade, 65574.115, 127, P00, S14, 1
P00, Trade, 65577.096, 128, P00, B13, 1
P00, Trade, 65584.538, 125, P00, S13, 1
P00, Trade, 65587.904, 130, B17, P00, 1
P00, Trade, 65591.635, 128, P00, S00, 1
P00, Trade, 65599.481, 134, P00, B20, 1
P00, Trade, 65601.231, 132, S16, P00, 1
P00, Trade, 65606.558, 126, P00, B05, 1
P00, Trade, 65608.519, 124, P00, S04, 1
P00, Trade, 65615.154, 128, P00, B17, 1
P00, Trade, 65621.308, 133, P00, S10, 1
P00, Trade, 65633.135, 131, P00, B06, 1
P00, Trade, 65636.519, 129, P00, S19, 1
P00, Trade, 65641.885, 128, P00, B22, 1
P00, Trade, 65645.635, 124, P00, S18, 1
P00, Trade, 65650.923, 122, P00, B07, 1
P00, Trade, 65658.115, 122, P00, S02, 1
P00, Trade, 65659.692, 121, P00, B09, 1
P00, Trade, 65664.250, 127, P00, S16, 1
P00, Trade, 65672.538, 125, P00, B01, 1
P00, Trade, 65675.308, 124, P00, S19, 1
P00, Trade, 65694.077, 123, P00, B20, 1
P00, Trade, 65697.423, 122, P00, S09, 1
P00, Trade, 65701.923, 122, P00, B10, 1
P00, Trade, 65704.173, 121, P00, S00, 1
P00, Trade, 65710.865, 125, P00, B11, 1
P00, Trade, 65716.635, 126, P00, S19, 1
P00, Trade, 65721.212, 128, P00, B10, 1
P00, Trade, 65731.788, 126, P00, S02, 1
P00, Trade, 65738.231, 130, P00, B21, 1
P00, Trade, 65741.904, 130, P00, S08, 1
P00, Trade, 65749.404, 130, P00, B09, 1
P00, Trade, 65753.481, 126, P00, S11, 1
P00, Trade, 65760.519, 127, P00, B08, 1
P00, Trade, 65762.885, 131, P00, S11, 1
P00, Trade, 65765.269, 130, P00, B14, 1
P00, Trade, 65769.173, 132, P00, S22, 1
P00, Trade, 65772.962, 128, P00, B07, 1
P00, Trade, 65783.615, 123, P00, S17, 1
P00, Trade, 65789.577, 128, P00, B09, 1
P00, Trade, 65797.731, 124, P00, S14, 1
P00, Trade, 65804.885, 124, P00, B02, 1
P00, Trade, 65812.135, 125, P00, S17, 1
P00, Trade, 65813.442, 132, P00, B12, 1
P00, Trade, 65819.846, 128, P00, S09, 1
P00, Trade, 65825.308, 123, P00, B20, 1
P00, Trade, 65832.385, 123, P00, S01, 1
P00, Trade, 65835.615, 132, P00, B08, 1
P00, Trade, 65837.923, 130, P00, S11, 1
P00, Trade, 65841.154, 132, P00, B04, 1
P00, Trade, 65843.462, 128, P00, S18, 1
P00, Trade, 65849.346, 126, P00, B02, 1
P00, Trade, 65858.019, 124, P00, S13, 1
P00, Trade, 65861.519, 120, P00, B08, 1
P00, Trade, 65867.712, 120, P00, S02, 1
P00, Trade, 65868.750, 125, P00, B12, 1
P00, Trade, 65876.462, 125, P00, S10, 1
P00, Trade, 65879.019, 124, P00, B00, 1
P00, Trade, 65883.596, 125, P00, S07, 1
P00, Trade, 65888.673, 127, P00, B10, 1
P00, Trade, 65891.673, 131, P00, S10, 1
P00, Trade, 65897.192, 134, P00, B12, 1
P00, Trade, 65902.827, 132, P00, S02, 1
P00, Trade, 65904.462, 131, P00, B14, 1
P00, Trade, 65909.269, 127, P00, S16, 1
P00, Trade, 65911.615, 125, P00, B10, 1
P00, Trade, 65916.115, 126, P00, S00, 1
P00, Trade, 65920.058, 130, P00, B23, 1
P00, Trade, 65926.962, 119, P00, S00, 1
P00, Trade, 65933.577, 131, P00, B03, 1
P00, Trade, 65938.519, 132, P00, S00, 1
P00, Trade, 65941.288, 134, P00, B08, 1
P00, Trade, 65952.346, 125, P00, S16, 1
P00, Trade, 65956.769, 129, P00, B10, 1
P00, Trade, 65961.981, 128, P00, S22, 1
P00, Trade, 65964.077, 131, P00, B12, 1
P00, Trade, 65968.269, 125, P00, S16, 1
P00, Trade, 65973.808, 131, P00, B05, 1
P00, Trade, 65978.135, 132, P00, S15, 1
P00, Trade, 65990.423, 128, P00, B01, 1
P00, Trade, 65994.712, 128, P00, S20, 1
P00, Trade, 65999.058, 130, P00, B17, 1
P00, Trade, 66003.904, 129, P00, S11, 1
P00, Trade, 66009.538, 133, P00, B08, 1
P00, Trade, 66011.885, 132, P00, S09, 1
P00, Trade, 66024.769, 126, P00, B20, 1
P00, Trade, 66029.173, 129, P00, S22, 1
P00, Trade, 66030.250, 130, P00, B08, 1
P00, Trade, 66034.827, 128, P00, S19, 1
P00, Trade, 66039.500, 136, P00, B08, 1
P00, Trade, 66041.154, 131, P00, S05, 1
P00, Trade, 66043.365, 137, P00, B07, 1
P00, Trade, 66056.462, 129, P00, S07, 1
P00, Trade, 66060.885, 133, P00, B18, 1
P00, Trade, 66067.192, 130, P00, S01, 1
P00, Trade, 66067.808, 131, P00, B07, 1
P00, Trade, 66070.981, 132, P00, S20, 1
P00, Trade, 66081.577, 132, P00, B00, 1
P00, Trade, 66086.212, 132, P00, S21, 1
P00, Trade, 66094.096, 131, P00, B09, 1
P00, Trade, 66096.173, 130, P00, S10, 1
P00, Trade, 66100.462, 135, P00, B19, 1
P00, Trade, 66103.731, 128, P00, S04, 1
P00, Trade, 66107.346, 130, P00, B11, 1
P00, Trade, 66110.769, 128, P00, S07, 1
P00, Trade, 66124.212, 124, P00, B06, 1
P00, Trade, 66128.308, 125, P00, S16, 1
P00, Trade, 66131.212, 130, P00, B10, 1
P00, Trade, 66143.173, 127, P00, S19, 1
P00, Trade, 66149.942, 128, P00, B01, 1
P00, Trade, 66156.327, 131, P00, S05, 1
P00, Trade, 66166.442, 127, P00, B00, 1
P00, Trade, 66171.692, 128, P00, S13, 1
P00, Trade, 66185.308, 128, P00, B01, 1
P00, Trade, 66186.615, 126, P00, S18, 1
P00, Trade, 66190.019, 125, P00, B05, 1
P00, Trade, 66195.962, 122, P00, S07, 1
P00, Trade, 66205.346, 133, B05, P00, 1
P00, Trade, 66208.115, 129, P00, S10, 1
P00, Trade, 66217.096, 126, P00, B04, 1
P00, Trade, 66221.885, 125, P00, S07, 1
P00, Trade, 66226.712, 128, P00, B20, 1
P00, Trade, 66230.904, 125, P00, S11, 1
P00, Trade, 66235.423, 130, P00, B09, 1
P00, Trade, 66245.423, 133, P00, S09, 1
P00, Trade, 66250.365, 137, P00, B00, 1
P00, Trade, 66262.596, 138, P00, S03, 1
P00, Trade, 66270.577, 143, P00, B23, 1
P00, Trade, 66275.423, 140, P00, S04, 1
P00, Trade, 66279.231, 139, P00, B22, 1
P00, Trade, 66283.212, 137, P00, S15, 1
P00, Trade, 66285.269, 139, P00, B19, 1
P00, Trade, 66291.462, 136, P00, S05, 1
P00, Trade, 66294.327, 136, P00, B01, 1
P00, Trade, 66298.827, 134, P00, S04, 1
P00, Trade, 66302.154, 138, P00, B09, 1
P00, Trade, 66304.385, 134, P00, S10, 1
P00, Trade, 66308.865, 135, P00, B03, 1
P00, Trade, 66314.596, 135, P00, S17, 1
P00, Trade, 66315.962, 137, P00, B09, 1
P00, Trade, 66322.596, 135, P00, S06, 1
P00, Trade, 66327.365, 134, P00, B02, 1
P00, Trade, 66333.692, 133, P00, S15, 1
P00, Trade, 66334.865, 137, P00, B10, 1
P00, Trade, 66338.019, 135, P00, S04, 1
P00, Trade, 66348.519, 133, P00, B20, 1
P00, Trade, 66349.846, 132, P00, S19, 1
P00, Trade, 66352.404, 132, P00, B01, 1
P00, Trade, 66357.981, 135, P00, S06, 1
P00, Trade, 66360.096, 136, P00, B09, 1
P00, Trade, 66363.615, 136, P00, S16, 1
P00, Trade, 66370.577, 135, P00, B12, 1
P00, Trade, 66376.865, 130, P00, S04, 1
P00, Trade, 66384.058, 136, P00, B19, 1
P00, Trade, 66387.750, 135, P00, S15, 1
P00, Trade, 66389.885, 137, P00, B05, 1
P00, Trade, 66391.154, 137, P00, S17, 1
P00, Trade, 66393.827, 141, P00, B13, 1
P00, Trade, 66399.712, 137, P00, S10, 1
P00, Trade, 66402.712, 141, P00, B01, 1
P00, Trade, 66407.423, 136, P00, S18, 1
P00, Trade, 66414.500, 139, P00, B17, 1
P00, Trade, 66417.538, 131, S09, P00, 1
P00, Trade, 66420.731, 144, P00, B08, 1
P00, Trade, 66432.500, 137, P00, S04, 1
P00, Trade, 66436.558, 135, P00, B00, 1
P00, Trade, 66443.635, 134, P00, S24, 1
P00, Trade, 66445.692, 138, P00, B10, 1
P00, Trade, 66446.769, 134, P00, S22, 1
P00, Trade, 66447.769, 139, P00, B20, 1
P00, Trade, 66449.000, 136, P00, S09, 1
P00, Trade, 66452.635, 141, B16, P00, 1
P00, Trade, 66456.192, 135, P00, S08, 1
P00, Trade, 66461.077, 142, P00, B21, 1
P00, Trade, 66462.250, 142, P00, S10, 1
P00, Trade, 66467.596, 143, P00, B01, 1
P00, Trade, 66469.365, 142, P00, S00, 1
P00, Trade, 66475.288, 139, P00, B21, 1
P00, Trade, 66477.788, 138, P00, S10, 1
P00, Trade, 66481.462, 137, P00, B13, 1
P00, Trade, 66486.442, 133, P00, S21, 1
P00, Trade, 66488.865, 138, P00, B09, 1
P00, Trade, 66494.962, 140, P00, S24, 1
P00, Trade, 66501.769, 140, P00, B00, 1
P00, Trade, 66503.558, 135, P00, S03, 1
P00, Trade, 66509.346, 135, P00, B21, 1
P00, Trade, 66513.904, 133, P00, S14, 1
P00, Trade, 66517.731, 135, P00, B01, 1
P00, Trade, 66522.615, 136, P00, S16, 1
P00, Trade, 66532.885, 140, P00, B03, 1
P00, Trade, 66534.308, 140, P00, S14, 1
P00, Trade, 66538.269, 144, P00, B24, 1
P00, Trade, 66544.962, 138, P00, S03, 1
P00, Trade, 66553.615, 135, P00, B12, 1
P00, Trade, 66559.135, 136, P00, S15, 1
P00, Trade, 66561.923, 140, P00, B11, 1
P00, Trade, 66567.712, 134, P00, S10, 1
P00, Trade, 66576.558, 134, P00, B24, 1
P00, Trade, 66580.077, 132, P00, S10, 1
P00, Trade, 66580.442, 133, P00, B16, 1
P00, Trade, 66581.981, 134, P00, S14, 1
P00, Trade, 66590.288, 135, P00, B14, 1
P00, Trade, 66598.404, 135, P00, S06, 1
P00, Trade, 66603.077, 133, P00, B23, 1
P00, Trade, 66607.808, 132, P00, S06, 1
P00, Trade, 66612.404, 135, P00, B22, 1
P00, Trade, 66621.365, 136, P00, S20, 1
P00, Trade, 66627.500, 133, P00, B09, 1
P00, Trade, 66631.942, 132, P00, S16, 1
P00, Trade, 66638.731, 137, P00, B01, 1
P00, Trade, 66646.000, 131, P00, S06, 1
P00, Trade, 66649.308, 134, P00, B07, 1
P00, Trade, 66651.788, 132, P00, S02, 1
P00, Trade, 66657.712, 134, P00, B10, 1
P00, Trade, 66662.808, 134, P00, S17, 1
P00, Trade, 66670.173, 135, P00, B19, 1
P00, Trade, 66673.635, 135, P00, S10, 1
P00, Trade, 66677.692, 133, P00, B20, 1
P00, Trade, 66679.904, 136, P00, S03, 1
P00, Trade, 66682.058, 143, P00, B10, 1
P00, Trade, 66688.154, 135, P00, S15, 1
P00, Trade, 66693.442, 135, P00, B20, 1
P00, Trade, 66701.231, 140, P00, S20, 1
P00, Trade, 66709.865, 138, P00, B23, 1
P00, Trade, 66712.519, 138, P00, S02, 1
P00, Trade, 66715.173, 141, P00, B03, 1
P00, Trade, 66720.442, 141, P00, S08, 1
P00, Trade, 66730.192, 136, P00, B19, 1
P00, Trade, 66737.135, 132, P00, S00, 1
P00, Trade, 66742.365, 136, P00, B12, 1
P00, Trade, 66744.404, 131, P00, S22, 1
P00, Trade, 66746.462, 130, P00, B01, 1
P00, Trade, 66754.654, 135, P00, S00, 1
P00, Trade, 66758.942, 143, P00, B10, 1
P00, Trade, 66761.442, 140, P00, S07, 1
P00, Trade, 66762.615, 145, P00, B12, 1
P00, Trade, 66773.885, 135, P00, S18, 1
P00, Trade, 66785.500, 135, P00, B15, 1
P00, Trade, 66786.885, 134, P00, S01, 1
P00, Trade, 66788.519, 138, P00, B20, 1
P00, Trade, 66793.462, 135, P00, S20, 1
P00, Trade, 66799.154, 136, P00, B09, 1
P00, Trade, 66803.077, 136, P00, S01, 1
P00, Trade, 66806.519, 139, P00, B02, 1
P00, Trade, 66810.288, 134, P00, S02, 1
P00, Trade, 66811.038, 135, P00, B01, 1
P00, Trade, 66816.923, 128, P00, S14, 1
P00, Trade, 66820.154, 137, P00, B11, 1
P00, Trade, 66825.538, 138, P00, S17, 1
P00, Trade, 66829.173, 138, P00, B18, 1
P00, Trade, 66831.154, 134, P00, S19, 1
P00, Trade, 66834.250, 137, P00, B22, 1
P00, Trade, 66838.038, 135, P00, S02, 1
P00, Trade, 66842.962, 132, P00, B06, 1
P00, Trade, 66845.019, 129, P00, S18, 1
P00, Trade, 66848.673, 130, P00, B20, 1
P00, Trade, 66851.077, 129, P00, S15, 1
P00, Trade, 66855.692, 124, P00, B20, 1
P00, Trade, 66861.135, 134, P00, S00, 1
P00, Trade, 66863.154, 133, P00, B19, 1
P00, Trade, 66864.596, 131, P00, S07, 1
P00, Trade, 66869.981, 132, P00, B09, 1
P00, Trade, 66878.635, 129, P00, S19, 1
P00, Trade, 66882.731, 134, P00, B22, 1
P00, Trade, 66891.058, 133, P00, S00, 1
P00, Trade, 66894.154, 139, P00, B03, 1
P00, Trade, 66900.981, 133, P00, S03, 1
P00, Trade, 66908.481, 134, P00, B01, 1
P00, Trade, 66923.173, 135, P00, S07, 1
P00, Trade, 66925.846, 136, P00, B19, 1
P00, Trade, 66929.154, 134, P00, S18, 1
P00, Trade, 66931.962, 139, P00, B09, 1
P00, Trade, 66937.692, 131, P00, S00, 1
P00, Trade, 66941.577, 133, P00, B01, 1
P00, Trade, 66943.596, 137, P00, S05, 1
P00, Trade, 66956.346, 132, P00, B12, 1
P00, Trade, 66959.442, 131, P00, S04, 1
P00, Trade, 66965.154, 132, P00, B01, 1
P00, Trade, 66966.846, 130, P00, S13, 1
P00, Trade, 66970.962, 131, P00, B21, 1
P00, Trade, 66973.385, 130, P00, S07, 1
P00, Trade, 66980.288, 132, P00, B01, 1
P00, Trade, 66984.115, 130, P00, S10, 1
P00, Trade, 66990.769, 132, P00, B20, 1
P00, Trade, 67002.423, 133, P00, S04, 1
P00, Trade, 67008.519, 135, P00, B01, 1
P00, Trade, 67015.288, 134, P00, S04, 1
P00, Trade, 67026.038, 131, P00, B08, 1
P00, Trade, 67030.500, 132, P00, S17, 1
P00, Trade, 67037.038, 133, P00, B23, 1
P00, Trade, 67040.077, 127, P00, S05, 1
P00, Trade, 67042.769, 128, B18, P00, 1
P00, Trade, 67046.000, 129, P00, S22, 1
P00, Trade, 67049.827, 133, P00, B09, 1
P00, Trade, 67058.096, 130, P00, S06, 1
P00, Trade, 67066.846, 137, P00, B10, 1
P00, Trade, 67067.577, 130, P00, S22, 1
P00, Trade, 67069.769, 137, P00, B18, 1
P00, Trade, 67073.519, 132, P00, S11, 1
P00, Trade, 67075.808, 133, P00, B01, 1
P00, Trade, 67079.000, 131, P00, S04, 1
P00, Trade, 67082.596, 135, P00, B24, 1
P00, Trade, 67084.673, 139, P00, S02, 1
P00, Trade, 67088.981, 139, P00, B24, 1
P00, Trade, 67091.115, 135, P00, S17, 1
P00, Trade, 67092.712, 140, P00, B09, 1
P00, Trade, 67096.712, 141, P00, S07, 1
P00, Trade, 67101.135, 135, P00, B01, 1
P00, Trade, 67109.750, 136, P00, S24, 1
P00, Trade, 67111.019, 139, P00, B03, 1
P00, Trade, 67112.481, 137, P00, S21, 1
P00, Trade, 67118.596, 134, P00, B19, 1
P00, Trade, 67121.231, 131, P00, S15, 1
P00, Trade, 67124.596, 131, P00, B04, 1
P00, Trade, 67127.962, 127, P00, S10, 1
P00, Trade, 67132.481, 126, P00, B06, 1
P00, Trade, 67132.923, 125, P00, S13, 1
P00, Trade, 67136.365, 125, P00, B21, 1
P00, Trade, 67138.519, 125, P00, S07, 1
P00, Trade, 67141.635, 134, P00, B23, 1
P00, Trade, 67147.404, 133, P00, S13, 1
P00, Trade, 67152.038, 131, P00, B16, 1
P00, Trade, 67160.942, 133, P00, S00, 1
P00, Trade, 67164.500, 135, P00, B01, 1
P00, Trade, 67169.596, 130, P00, S15, 1
P00, Trade, 67174.000, 135, P00, B18, 1
P00, Trade, 67178.673, 131, P00, S14, 1
P00, Trade, 67181.154, 135, P00, B09, 1
P00, Trade, 67186.981, 130, P00, S03, 1
P00, Trade, 67194.019, 126, P00, B10, 1
P00, Trade, 67197.154, 122, P00, S07, 1
P00, Trade, 67198.192, 130, P00, B20, 1
P00, Trade, 67201.788, 128, P00, S18, 1
P00, Trade, 67204.692, 132, P00, B19, 1
P00, Trade, 67207.615, 131, P00, S05, 1
P00, Trade, 67211.788, 132, P00, B12, 1
P00, Trade, 67213.923, 129, P00, S10, 1
P00, Trade, 67218.750, 136, P00, B17, 1
P00, Trade, 67223.077, 130, P00, S19, 1
P00, Trade, 67225.115, 134, P00, B01, 1
P00, Trade, 67227.096, 132, P00, S00, 1
P00, Trade, 67234.346, 132, P00, B11, 1
P00, Trade, 67238.865, 128, P00, S10, 1
P00, Trade, 67241.442, 133, P00, B17, 1
P00, Trade, 67251.981, 130, P00, S05, 1
P00, Trade, 67254.673, 130, P00, B11, 1
P00, Trade, 67255.827, 125, P00, S22, 1
P00, Trade, 67257.423, 129, P00, B23, 1
P00, Trade, 67264.692, 131, S22, P00, 1
P00, Trade, 67267.788, 131, P00, B01, 1
P00, Trade, 67269.885, 128, P00, S06, 1
P00, Trade, 67274.769, 131, P00, B09, 1
P00, Trade, 67283.962, 136, P00, S12, 1
P00, Trade, 67290.250, 129, P00, B12, 1
P00, Trade, 67296.077, 126, P00, S13, 1
P00, Trade, 67296.827, 128, P00, B20, 1
P00, Trade, 67301.981, 130, P00, S11, 1
P00, Trade, 67307.750, 136, P00, B12, 1
P00, Trade, 67308.904, 131, P00, S04, 1
P00, Trade, 67310.135, 135, P00, B01, 1
P00, Trade, 67311.923, 129, P00, S23, 1
P00, Trade, 67317.769, 129, P00, B18, 1
P00, Trade, 67326.231, 133, P00, S07, 1
P00, Trade, 67330.288, 133, P00, B22, 1
P00, Trade, 67333.981, 130, P00, S15, 1
P00, Trade, 67335.000, 138, P00, B03, 1
P00, Trade, 67339.692, 130, P00, S14, 1
P00, Trade, 67342.538, 139, P00, B01, 1
P00, Trade, 67348.019, 131, P00, S17, 1
P00, Trade, 67350.096, 131, P00, B23, 1
P00, Trade, 67355.019, 127, P00, S16, 1
P00, Trade, 67359.058, 135, P00, B16, 1
P00, Trade, 67363.712, 131, P00, S07, 1
P00, Trade, 67370.327, 133, P00, B00, 1
P00, Trade, 67372.327, 126, P00, S24, 1
P00, Trade, 67374.731, 127, P00, B01, 1
P00, Trade, 67377.442, 129, P00, S10, 1
P00, Trade, 67378.635, 132, P00, B04, 1
P00, Trade, 67382.962, 134, P00, S00, 1
P00, Trade, 67387.135, 136, P00, B22, 1
P00, Trade, 67394.673, 133, P00, S02, 1
P00, Trade, 67400.750, 132, B06, P00, 1
P00, Trade, 67404.269, 132, P00, S03, 1
P00, Trade, 67408.577, 137, P00, B16, 1
P00, Trade, 67412.500, 134, P00, S07, 1
P00, Trade, 67421.212, 135, P00, B13, 1
P00, Trade, 67423.442, 128, P00, S04, 1
P00, Trade, 67429.846, 126, P00, B07, 1
P00, Trade, 67432.058, 127, P00, S15, 1
P00, Trade, 67436.346, 128, P00, B20, 1
P00, Trade, 67437.808, 125, P00, S22, 1
P00, Trade, 67445.712, 132, P00, B13, 1
P00, Trade, 67449.942, 133, P00, S08, 1
P00, Trade, 67452.000, 134, P00, B01, 1
P00, Trade, 67455.923, 133, P00, S05, 1
P00, Trade, 67468.481, 134, P00, B22, 1
P00, Trade, 67474.673, 136, P00, S10, 1
P00, Trade, 67481.827, 131, P00, B19, 1
P00, Trade, 67484.673, 124, P00, S19, 1
P00, Trade, 67489.846, 130, P00, B04, 1
P00, Trade, 67492.788, 134, P00, S14, 1
P00, Trade, 67501.942, 134, P00, B06, 1
P00, Trade, 67505.615, 130, P00, S23, 1
P00, Trade, 67518.115, 132, P00, B20, 1
P00, Trade, 67525.731, 133, P00, S00, 1
P00, Trade, 67532.365, 131, P00, B02, 1
P00, Trade, 67545.250, 136, P00, S19, 1
P00, Trade, 67549.288, 137, P00, B22, 1
P00, Trade, 67556.481, 132, P00, S06, 1
P00, Trade, 67562.000, 138, P00, B18, 1
P00, Trade, 67565.788, 132, P00, S04, 1
P00, Trade, 67569.692, 135, P00, B23, 1
P00, Trade, 67573.327, 131, P00, S24, 1
P00, Trade, 67574.885, 132, P00, B02, 1
P00, Trade, 67579.519, 130, P00, S06, 1
P00, Trade, 67585.712, 134, P00, B16, 1
P00, Trade, 67590.173, 132, P00, S01, 1
P00, Trade, 67595.038, 134, P00, B18, 1
P00, Trade, 67596.365, 132, P00, S20, 1
P00, Trade, 67605.096, 129, P00, B08, 1
P00, Trade, 67609.212, 124, P00, S03, 1
P00, Trade, 67618.731, 136, P00, B01, 1
P00, Trade, 67624.385, 130, P00, S15, 1
P00, Trade, 67625.923, 133, P00, B06, 1
P00, Trade, 67627.154, 130, P00, S00, 1
P00, Trade, 67629.596, 133, P00, B02, 1
P00, Trade, 67633.635, 133, P00, S00, 1
P00, Trade, 67638.404, 138, P00, B20, 1
P00, Trade, 67641.288, 137, P00, S16, 1
P00, Trade, 67644.538, 138, P00, B15, 1
P00, Trade, 67648.769, 133, P00, S05, 1
P00, Trade, 67653.154, 134, P00, B04, 1
P00, Trade, 67656.692, 126, P00, S11, 1
P00, Trade, 67663.038, 125, P00, B21, 1
P00, Trade, 67668.442, 125, P00, S16, 1
P00, Trade, 67680.462, 126, P00, B20, 1
P00, Trade, 67685.365, 127, P00, S03, 1
P00, Trade, 67689.000, 132, P00, B00, 1
P00, Trade, 67691.673, 130, P00, S04, 1
P00, Trade, 67698.173, 128, P00, B16, 1
P00, Trade, 67701.250, 130, P00, S06, 1
P00, Trade, 67704.192, 130, P00, B01, 1
P00, Trade, 67714.115, 131, P00, S13, 1
P00, Trade, 67716.173, 132, P00, B08, 1
P00, Trade, 67722.173, 126, P00, S09, 1
P00, Trade, 67731.135, 136, P00, B03, 1
P00, Trade, 67733.635, 133, P00, S03, 1
P00, Trade, 67740.750, 130, P00, B09, 1
P00, Trade, 67741.635, 128, P00, S13, 1
P00, Trade, 67745.731, 130, P00, B08, 1
P00, Trade, 67746.654, 134, P00, S15, 1
P00, Trade, 67749.096, 136, P00, B21, 1
P00, Trade, 67750.712, 135, P00, S07, 1
P00, Trade, 67756.308, 132, P00, B14, 1
P00, Trade, 67759.942, 127, P00, S15, 1
P00, Trade, 67761.365, 135, P00, B03, 1
P00, Trade, 67766.519, 126, P00, S07, 1
P00, Trade, 67769.385, 127, P00, B07, 1
P00, Trade, 67771.654, 124, P00, S16, 1
P00, Trade, 67773.442, 127, P00, B08, 1
P00, Trade, 67779.673, 128, P00, S15, 1
P00, Trade, 67782.365, 134, P00, B00, 1
P00, Trade, 67787.096, 133, P00, S13, 1
P00, Trade, 67793.500, 134, P00, B02, 1
P00, Trade, 67798.769, 130, P00, S13, 1
P00, Trade, 67806.462, 131, P00, B16, 1
P00, Trade, 67809.000, 130, P00, S04, 1
P00, Trade, 67812.115, 131, P00, B08, 1
P00, Trade, 67813.885, 129, P00, S00, 1
P00, Trade, 67819.423, 136, P00, B07, 1
P00, Trade, 67819.942, 132, P00, S15, 1
P00, Trade, 67828.231, 134, P00, B14, 1
P00, Trade, 67831.538, 130, P00, S10, 1
P00, Trade, 67835.673, 132, P00, B21, 1
P00, Trade, 67836.558, 131, P00, S00, 1
P00, Trade, 67842.327, 129, P00, B17, 1
P00, Trade, 67848.058, 135, P00, S07, 1
P00, Trade, 67850.923, 136, P00, B11, 1
P00, Trade, 67855.981, 124, P00, S18, 1
P00, Trade, 67862.000, 129, P00, B20, 1
P00, Trade, 67865.038, 131, P00, S00, 1
P00, Trade, 67870.635, 132, P00, B00, 1
P00, Trade, 67875.231, 135, P00, S20, 1
P00, Trade, 67878.500, 138, P00, B16, 1
P00, Trade, 67889.500, 129, P00, S01, 1
P00, Trade, 67897.058, 131, P00, B16, 1
P00, Trade, 67900.442, 128, P00, S20, 1
P00, Trade, 67911.923, 132, P00, B13, 1
P00, Trade, 67915.962, 129, P00, S10, 1
P00, Trade, 67928.865, 129, P00, B19, 1
P00, Trade, 67934.904, 128, P00, S04, 1
P00, Trade, 67938.654, 131, P00, B24, 1
P00, Trade, 67947.481, 123, P00, S04, 1
P00, Trade, 67949.962, 126, P00, B01, 1
P00, Trade, 67956.462, 128, P00, S20, 1
P00, Trade, 67960.481, 129, P00, B13, 1
P00, Trade, 67963.154, 127, P00, S08, 1
P00, Trade, 67966.250, 128, P00, B23, 1
P00, Trade, 67972.365, 128, P00, S23, 1
P00, Trade, 67976.712, 125, P00, B23, 1
P00, Trade, 67982.538, 123, P00, S04, 1
P00, Trade, 67985.385, 123, P00, B11, 1
P00, Trade, 67988.481, 122, P00, S15, 1
P00, Trade, 67996.231, 134, P00, B12, 1
P00, Trade, 68002.712, 129, P00, S20, 1
P00, Trade, 68004.865, 130, P00, B16, 1
P00, Trade, 68012.135, 130, P00, S09, 1
P00, Trade, 68016.538, 134, P00, B09, 1
P00, Trade, 68021.115, 131, P00, S06, 1
P00, Trade, 68029.596, 129, P00, B10, 1
P00, Trade, 68036.808, 135, P00, S10, 1
P00, Trade, 68044.058, 136, P00, B12, 1
P00, Trade, 68049.038, 131, P00, S01, 1
P00, Trade, 68054.212, 129, P00, B11, 1
P00, Trade, 68056.442, 129, P00, S04, 1
P00, Trade, 68058.462, 130, P00, B17, 1
P00, Trade, 68062.596, 123, P00, S04, 1
P00, Trade, 68065.596, 129, P00, B05, 1
P00, Trade, 68070.962, 138, P00, S00, 1
P00, Trade, 68083.596, 131, P00, B00, 1
P00, Trade, 68087.500, 130, P00, S22, 1
P00, Trade, 68094.173, 132, P00, B17, 1
P00, Trade, 68105.423, 125, P00, S22, 1
P00, Trade, 68107.865, 128, P00, B24, 1
P00, Trade, 68117.692, 133, P00, S17, 1
P00, Trade, 68120.115, 134, P00, B17, 1
P00, Trade, 68125.500, 133, P00, S10, 1
P00, Trade, 68131.231, 130, P00, B12, 1
P00, Trade, 68135.481, 128, P00, S01, 1
P00, Trade, 68137.808, 129, P00, B18, 1
P00, Trade, 68139.635, 126, P00, S15, 1
P00, Trade, 68142.923, 132, P00, B17, 1
P00, Trade, 68147.019, 133, P00, S18, 1
P00, Trade, 68160.404, 131, P00, B23, 1
P00, Trade, 68165.942, 134, P00, S07, 1
P00, Trade, 68178.288, 126, P00, B00, 1
P00, Trade, 68180.481, 128, P00, S16, 1
P00, Trade, 68184.981, 135, P00, B08, 1
P00, Trade, 68191.942, 133, P00, S14, 1
P00, Trade, 68195.058, 139, P00, B10, 1
P00, Trade, 68204.577, 134, P00, S21, 1
P00, Trade, 68206.327, 137, P00, B20, 1
P00, Trade, 68210.519, 136, P00, S11, 1
P00, Trade, 68227.288, 128, P00, B08, 1
P00, Trade, 68230.115, 128, P00, S24, 1
P00, Trade, 68232.500, 134, P00, B07, 1
P00, Trade, 68239.404, 132, P00, S01, 1
P00, Trade, 68248.923, 133, P00, B01, 1
P00, Trade, 68256.750, 127, P00, S04, 1
P00, Trade, 68260.712, 130, P00, B02, 1
P00, Trade, 68264.500, 128, P00, S06, 1
P00, Trade, 68273.231, 129, P00, B08, 1
P00, Trade, 68278.135, 130, P00, S02, 1
P00, Trade, 68283.654, 129, P00, B02, 1
P00, Trade, 68289.365, 132, P00, S23, 1
P00, Trade, 68299.231, 127, P00, B16, 1
P00, Trade, 68303.327, 124, P00, S16, 1
P00, Trade, 68306.981, 124, P00, B17, 1
P00, Trade, 68317.346, 131, P00, S09, 1
P00, Trade, 68322.250, 125, P00, B18, 1
P00, Trade, 68333.654, 134, P00, S13, 1
P00, Trade, 68338.692, 132, P00, B18, 1
P00, Trade, 68344.904, 126, P00, S24, 1
P00, Trade, 68350.038, 127, P00, B24, 1
P00, Trade, 68357.827, 127, P00, S17, 1
P00, Trade, 68368.519, 128, P00, B13, 1
P00, Trade, 68370.231, 124, P00, S04, 1
P00, Trade, 68372.981, 128, P00, B08, 1
P00, Trade, 68379.635, 127, P00, S20, 1
P00, Trade, 68387.058, 122, P00, B10, 1
P00, Trade, 68395.442, 131, P00, S14, 1
P00, Trade, 68402.269, 129, P00, B09, 1
P00, Trade, 68404.135, 128, P00, S23, 1
P00, Trade, 68410.885, 131, P00, B13, 1
P00, Trade, 68416.096, 127, P00, S07, 1
P00, Trade, 68426.019, 126, P00, B10, 1
P00, Trade, 68433.615, 123, P00, S15, 1
P00, Trade, 68439.519, 123, P00, B08, 1
P00, Trade, 68447.731, 121, P00, S03, 1
P00, Trade, 68451.192, 128, P00, B09, 1
P00, Trade, 68454.673, 124, P00, S12, 1
P00, Trade, 68457.115, 125, P00, B15, 1
P00, Trade, 68464.423, 122, P00, S12, 1
P00, Trade, 68473.538, 128, P00, B09, 1
P00, Trade, 68483.231, 122, P00, S19, 1
P00, Trade, 68490.077, 126, P00, B09, 1
P00, Trade, 68491.654, 125, P00, S07, 1
P00, Trade, 68499.519, 122, P00, B10, 1
P00, Trade, 68510.269, 126, P00, S02, 1
P00, Trade, 68515.942, 131, P00, B10, 1
P00, Trade, 68523.000, 128, P00, S06, 1
P00, Trade, 68524.327, 132, P00, B03, 1
P00, Trade, 68527.096, 126, P00, S15, 1
P00, Trade, 68527.942, 130, P00, B20, 1
P00, Trade, 68534.077, 125, P00, S10, 1
P00, Trade, 68535.750, 127, P00, B14, 1
P00, Trade, 68544.327, 132, P00, S12, 1
P00, Trade, 68555.538, 127, P00, B19, 1
P00, Trade, 68564.269, 129, P00, S01, 1
P00, Trade, 68573.000, 128, P00, B11, 1
P00, Trade, 68579.692, 125, P00, S04, 1
P00, Trade, 68583.346, 132, P00, B10, 1
P00, Trade, 68585.462, 128, P00, S08, 1
P00, Trade, 68595.154, 122, P00, B09, 1
P00, Trade, 68608.769, 130, P00, S10, 1
P00, Trade, 68610.135, 131, P00, B01, 1
P00, Trade, 68618.365, 127, P00, S07, 1
P00, Trade, 68621.827, 127, P00, B11, 1
P00, Trade, 68630.962, 122, P00, S00, 1
P00, Trade, 68634.154, 135, P00, B19, 1
P00, Trade, 68640.750, 130, P00, S18, 1
P00, Trade, 68644.750, 133, P00, B12, 1
P00, Trade, 68645.577, 123, P00, S19, 1
P00, Trade, 68651.423, 123, P00, B17, 1
P00, Trade, 68655.712, 123, P00, S07, 1
P00, Trade, 68660.058, 130, P00, B09, 1
P00, Trade, 68667.865, 126, P00, S06, 1
P00, Trade, 68671.981, 129, P00, B11, 1
P00, Trade, 68679.365, 122, P00, S14, 1
P00, Trade, 68682.788, 131, P00, B14, 1
P00, Trade, 68688.077, 126, P00, S13, 1
P00, Trade, 68690.288, 126, P00, B08, 1
P00, Trade, 68692.885, 123, P00, S13, 1
P00, Trade, 68700.038, 124, P00, B20, 1
P00, Trade, 68706.269, 122, P00, S17, 1
P00, Trade, 68708.385, 126, P00, B24, 1
P00, Trade, 68710.288, 127, P00, S11, 1
P00, Trade, 68716.788, 123, P00, B03, 1
P00, Trade, 68717.654, 122, P00, S24, 1
P00, Trade, 68723.173, 128, P00, B19, 1
P00, Trade, 68726.269, 124, P00, S03, 1
P00, Trade, 68728.558, 126, P00, B05, 1
P00, Trade, 68735.731, 123, P00, S17, 1
P00, Trade, 68739.000, 125, P00, B01, 1
P00, Trade, 68744.154, 129, P00, S07, 1
P00, Trade, 68753.788, 121, P00, B20, 1
P00, Trade, 68766.635, 131, P00, S02, 1
P00, Trade, 68775.885, 131, P00, B15, 1
P00, Trade, 68777.173, 130, P00, S10, 1
P00, Trade, 68778.904, 128, P00, B19, 1
P00, Trade, 68783.519, 123, P00, S04, 1
P00, Trade, 68787.154, 128, P00, B01, 1
P00, Trade, 68797.635, 122, P00, S18, 1
P00, Trade, 68802.538, 124, P00, B24, 1
P00, Trade, 68803.038, 123, P00, S17, 1
P00, Trade, 68808.865, 126, P00, B23, 1
P00, Trade, 68815.231, 122, P00, S04, 1
P00, Trade, 68818.462, 125, P00, B16, 1
P00, Trade, 68825.942, 122, P00, S13, 1
P00, Trade, 68828.615, 130, P00, B23, 1
P00, Trade, 68835.269, 133, P00, S18, 1
P00, Trade, 68843.000, 130, P00, B12, 1
P00, Trade, 68848.308, 125, P00, S18, 1
P00, Trade, 68849.269, 128, P00, B13, 1
P00, Trade, 68852.385, 123, P00, S13, 1
P00, Trade, 68855.904, 120, P00, B12, 1
P00, Trade, 68858.712, 125, P00, S10, 1
P00, Trade, 68866.327, 129, P00, B11, 1
P00, Trade, 68867.423, 125, P00, S10, 1
P00, Trade, 68872.135, 125, P00, B09, 1
P00, Trade, 68874.981, 127, P00, S22, 1
P00, Trade, 68878.769, 129, P00, B00, 1
P00, Trade, 68887.885, 131, P00, S17, 1
P00, Trade, 68892.212, 124, P00, B21, 1
P00, Trade, 68897.827, 120, P00, S18, 1
P00, Trade, 68904.654, 129, P00, B11, 1
P00, Trade, 68910.538, 127, P00, S01, 1
P00, Trade, 68914.288, 131, P00, B17, 1
P00, Trade, 68917.750, 128, P00, S23, 1
P00, Trade, 68923.481, 127, P00, B01, 1
P00, Trade, 68927.635, 126, P00, S10, 1
P00, Trade, 68928.635, 128, P00, B02, 1
P00, Trade, 68934.923, 132, P00, S22, 1
P00, Trade, 68936.212, 134, P00, B12, 1
P00, Trade, 68942.962, 130, P00, S13, 1
P00, Trade, 68949.846, 127, P00, B01, 1
P00, Trade, 68951.192, 123, P00, S10, 1
P00, Trade, 68955.865, 123, P00, B09, 1
P00, Trade, 68963.346, 132, P00, S20, 1
P00, Trade, 68965.423, 132, P00, B14, 1
P00, Trade, 68968.923, 126, P00, S04, 1
P00, Trade, 68978.135, 127, P00, B12, 1
P00, Trade, 68983.808, 123, P00, S18, 1
P00, Trade, 68988.712, 126, P00, B13, 1
P00, Trade, 68990.577, 124, P00, S08, 1
P00, Trade, 68995.135, 136, P00, B05, 1
P00, Trade, 69001.115, 128, P00, S09, 1
P00, Trade, 69003.288, 128, P00, B19, 1
P00, Trade, 69005.596, 125, P00, S00, 1
P00, Trade, 69010.192, 130, P00, B00, 1
P00, Trade, 69012.212, 127, P00, S10, 1
P00, Trade, 69023.558, 128, P00, B01, 1
P00, Trade, 69033.712, 124, P00, S14, 1
P00, Trade, 69043.962, 124, P00, B15, 1
P00, Trade, 69050.115, 123, P00, S16, 1
P00, Trade, 69056.385, 122, P00, B23, 1
P00, Trade, 69065.269, 125, P00, S00, 1
P00, Trade, 69068.346, 127, P00, B10, 1
P00, Trade, 69075.038, 130, P00, S07, 1
P00, Trade, 69079.519, 131, P00, B24, 1
P00, Trade, 69081.846, 126, P00, S21, 1
P00, Trade, 69089.596, 123, P00, B15, 1
P00, Trade, 69090.635, 123, P00, S20, 1
P00, Trade, 69093.885, 126, P00, B10, 1
P00, Trade, 69098.846, 124, P00, S23, 1
P00, Trade, 69103.385, 125, P00, B02, 1
P00, Trade, 69108.019, 126, P00, S03, 1
P00, Trade, 69113.865, 129, P00, B12, 1
P00, Trade, 69123.654, 129, P00, S09, 1
P00, Trade, 69126.942, 131, P00, B18, 1
P00, Trade, 69134.500, 127, P00, S04, 1
P00, Trade, 69137.769, 131, P00, B16, 1
P00, Trade, 69144.731, 129, P00, S04, 1
P00, Trade, 69147.827, 128, P00, B20, 1
P00, Trade, 69152.135, 126, P00, S01, 1
P00, Trade, 69154.885, 130, P00, B14, 1
P00, Trade, 69157.808, 123, P00, S09, 1
P00, Trade, 69160.615, 124, P00, B20, 1
P00, Trade, 69168.827, 150, P00, S20, 1
P00, Trade, 69173.404, 140, P00, B12, 1
P00, Trade, 69177.519, 133, P00, S19, 1
P00, Trade, 69183.327, 128, P00, B10, 1
P00, Trade, 69189.596, 123, P00, S01, 1
P00, Trade, 69195.923, 125, P00, B09, 1
P00, Trade, 69202.615, 119, P00, S17, 1
P00, Trade, 69213.192, 128, P00, B04, 1
P00, Trade, 69214.423, 126, P00, S08, 1
P00, Trade, 69215.115, 129, P00, B18, 1
P00, Trade, 69219.192, 124, P00, S16, 1
P00, Trade, 69225.615, 124, P00, B11, 1
P00, Trade, 69227.231, 124, P00, S13, 1
P00, Trade, 69233.423, 125, P00, B12, 1
P00, Trade, 69240.827, 121, P00, S20, 1
P00, Trade, 69246.577, 120, P00, B05, 1
P00, Trade, 69249.846, 117, P00, S22, 1
P00, Trade, 69256.173, 127, P00, B24, 1
P00, Trade, 69261.769, 128, P00, S20, 1
P00, Trade, 69264.481, 130, P00, B22, 1
P00, Trade, 69273.673, 124, P00, S00, 1
P00, Trade, 69278.000, 131, P00, B11, 1
P00, Trade, 69284.885, 127, P00, S18, 1
P00, Trade, 69290.481, 129, P00, B08, 1
P00, Trade, 69303.077, 124, P00, S17, 1
P00, Trade, 69305.308, 127, P00, B24, 1
P00, Trade, 69306.346, 122, P00, S10, 1
P00, Trade, 69309.385, 126, P00, B12, 1
P00, Trade, 69311.077, 124, P00, S11, 1
P00, Trade, 69318.577, 125, P00, B19, 1
P00, Trade, 69325.019, 122, P00, S06, 1
P00, Trade, 69328.212, 124, P00, B09, 1
P00, Trade, 69337.827, 128, P00, S10, 1
P00, Trade, 69340.615, 130, P00, B08, 1
P00, Trade, 69353.577, 126, P00, S18, 1
P00, Trade, 69358.481, 128, P00, B10, 1
P00, Trade, 69366.827, 126, P00, S16, 1
P00, Trade, 69369.365, 132, P00, B11, 1
P00, Trade, 69371.442, 126, P00, S10, 1
P00, Trade, 69377.750, 124, P00, B18, 1
P00, Trade, 69381.385, 123, P00, S23, 1
P00, Trade, 69386.231, 126, P00, B12, 1
P00, Trade, 69387.250, 125, P00, S09, 1
P00, Trade, 69398.385, 128, P00, B12, 1
P00, Trade, 69401.692, 124, P00, S21, 1
P00, Trade, 69406.077, 129, P00, B07, 1
P00, Trade, 69410.673, 130, P00, S17, 1
P00, Trade, 69415.481, 125, P00, B02, 1
P00, Trade, 69418.865, 126, P00, S11, 1
P00, Trade, 69425.481, 128, P00, B21, 1
P00, Trade, 69430.250, 127, P00, S04, 1
P00, Trade, 69441.212, 126, P00, B13, 1
P00, Trade, 69446.558, 119, P00, S15, 1
P00, Trade, 69451.558, 122, P00, B14, 1
P00, Trade, 69455.115, 124, P00, S22, 1
P00, Trade, 69464.865, 129, P00, B19, 1
P00, Trade, 69471.865, 133, P00, S02, 1
P00, Trade, 69473.712, 133, P00, B06, 1
P00, Trade, 69485.827, 130, P00, S02, 1
P00, Trade, 69489.673, 125, P00, B09, 1
P00, Trade, 69497.904, 128, P00, S16, 1
P00, Trade, 69502.596, 129, P00, B05, 1
P00, Trade, 69505.404, 126, P00, S10, 1
P00, Trade, 69511.942, 131, P00, B04, 1
P00, Trade, 69515.769, 127, P00, S07, 1
P00, Trade, 69516.192, 128, P00, B03, 1
P00, Trade, 69517.962, 126, P00, S15, 1
P00, Trade, 69520.269, 132, P00, B06, 1
P00, Trade, 69524.654, 125, P00, S22, 1
P00, Trade, 69532.596, 123, P00, B21, 1
P00, Trade, 69539.462, 129, P00, S08, 1
P00, Trade, 69544.615, 125, P00, B10, 1
P00, Trade, 69549.615, 125, P00, S24, 1
P00, Trade, 69553.019, 124, P00, B12, 1
P00, Trade, 69554.288, 127, P00, S23, 1
P00, Trade, 69561.885, 127, P00, B00, 1
P00, Trade, 69566.231, 124, P00, S12, 1
P00, Trade, 69574.962, 124, P00, B12, 1
P00, Trade, 69582.404, 122, P00, S15, 1
P00, Trade, 69591.135, 126, P00, B23, 1
P00, Trade, 69592.077, 126, P00, S07, 1
P00, Trade, 69592.769, 128, P00, B23, 1
P00, Trade, 69593.827, 125, P00, S10, 1
P00, Trade, 69601.615, 128, P00, B02, 1
P00, Trade, 69605.692, 123, P00, S00, 1
P00, Trade, 69610.212, 124, P00, B14, 1
P00, Trade, 69615.538, 130, P00, S02, 1
P00, Trade, 69621.712, 130, P00, B18, 1
P00, Trade, 69627.788, 125, P00, S18, 1
P00, Trade, 69629.154, 127, B19, P00, 1
P00, Trade, 69632.135, 123, P00, S04, 1
P00, Trade, 69633.615, 129, P00, B08, 1
P00, Trade, 69635.654, 122, P00, S07, 1
P00, Trade, 69637.885, 123, P00, B06, 1
P00, Trade, 69646.135, 124, P00, S22, 1
P00, Trade, 69649.827, 119, P00, B11, 1
P00, Trade, 69661.308, 131, P00, S07, 1
P00, Trade, 69671.981, 123, P00, B01, 1
P00, Trade, 69676.981, 126, P00, S01, 1
P00, Trade, 69682.904, 132, P00, B23, 1
P00, Trade, 69690.019, 127, P00, S10, 1
P00, Trade, 69694.962, 128, P00, B20, 1
P00, Trade, 69698.654, 123, P00, S10, 1
P00, Trade, 69702.231, 123, P00, B10, 1
P00, Trade, 69710.558, 129, P00, S16, 1
P00, Trade, 69716.788, 132, P00, B24, 1
P00, Trade, 69724.115, 124, P00, S22, 1
P00, Trade, 69727.635, 125, P00, B16, 1
P00, Trade, 69740.769, 128, P00, S22, 1
P00, Trade, 69743.962, 129, P00, B22, 1
P00, Trade, 69744.327, 126, P00, S10, 1
P00, Trade, 69753.385, 126, P00, B20, 1
P00, Trade, 69758.519, 126, P00, S12, 1
P00, Trade, 69761.846, 127, P00, B09, 1
P00, Trade, 69771.173, 124, P00, S13, 1
P00, Trade, 69776.250, 131, P00, B02, 1
P00, Trade, 69781.365, 130, P00, S22, 1
P00, Trade, 69790.308, 128, P00, B14, 1
P00, Trade, 69796.788, 132, P00, S13, 1
P00, Trade, 69799.462, 130, P00, B09, 1
P00, Trade, 69804.981, 124, P00, S03, 1
P00, Trade, 69812.077, 125, P00, B00, 1
P00, Trade, 69817.173, 125, P00, S17, 1
P00, Trade, 69819.846, 131, P00, B08, 1
P00, Trade, 69821.096, 130, P00, S03, 1
P00, Trade, 69824.577, 131, P00, B09, 1
P00, Trade, 69827.558, 127, P00, S09, 1
P00, Trade, 69838.827, 128, P00, B13, 1
P00, Trade, 69841.885, 126, P00, S08, 1
P00, Trade, 69857.423, 128, P00, B11, 1
P00, Trade, 69869.173, 125, P00, S04, 1
P00, Trade, 69870.538, 126, P00, B08, 1
P00, Trade, 69874.865, 127, P00, S17, 1
P00, Trade, 69877.577, 131, P00, B02, 1
P00, Trade, 69880.019, 129, P00, S15, 1
P00, Trade, 69882.038, 133, P00, B13, 1
P00, Trade, 69885.942, 128, P00, S04, 1
P00, Trade, 69891.327, 130, P00, B05, 1
P00, Trade, 69893.231, 131, P00, S00, 1
P00, Trade, 69899.038, 130, P00, B12, 1
P00, Trade, 69900.731, 130, P00, S06, 1
P00, Trade, 69904.269, 128, P00, B20, 1
P00, Trade, 69909.404, 136, P00, S12, 1
P00, Trade, 69912.596, 137, P00, B20, 1
P00, Trade, 69919.192, 125, P00, S19, 1
P00, Trade, 69928.519, 129, P00, B00, 1
P00, Trade, 69934.019, 131, P00, S06, 1
P00, Trade, 69942.154, 137, P00, B20, 1
P00, Trade, 69948.250, 129, P00, S00, 1
P00, Trade, 69953.404, 134, P00, B17, 1
P00, Trade, 69958.019, 133, P00, S09, 1
P00, Trade, 69961.096, 133, P00, B10, 1
P00, Trade, 69961.808, 131, P00, S17, 1
P00, Trade, 69964.135, 138, P00, B12, 1
P00, Trade, 69966.019, 134, P00, S13, 1
P00, Trade, 69972.231, 135, P00, B14, 1
P00, Trade, 69975.596, 132, P00, S24, 1
P00, Trade, 69976.577, 133, P00, B00, 1
P00, Trade, 69980.019, 132, P00, S04, 1
P00, Trade, 69985.904, 130, P00, B18, 1
P00, Trade, 69991.750, 128, P00, S03, 1
P00, Trade, 69993.038, 131, P00, B10, 1
P00, Trade, 69996.654, 130, P00, S02, 1
P00, Trade, 69998.327, 134, P00, B23, 1
P00, Trade, 70001.808, 131, P00, S20, 1
P00, Trade, 70004.269, 132, P00, B15, 1
P00, Trade, 70006.115, 133, P00, S02, 1
P00, Trade, 70013.942, 129, P00, B04, 1
P00, Trade, 70014.904, 128, P00, S03, 1
P00, Trade, 70016.904, 132, P00, B09, 1
P00, Trade, 70024.615, 126, P00, S17, 1
P00, Trade, 70028.981, 132, P00, B22, 1
P00, Trade, 70034.577, 126, P00, S02, 1
P00, Trade, 70039.558, 132, P00, B19, 1
P00, Trade, 70045.923, 134, P00, S24, 1
P00, Trade, 70052.077, 134, P00, B07, 1
P00, Trade, 70061.538, 131, P00, S00, 1
P00, Trade, 70062.096, 134, P00, B23, 1
P00, Trade, 70062.365, 131, P00, S15, 1
P00, Trade, 70065.385, 133, P00, B12, 1
P00, Trade, 70067.750, 133, P00, S22, 1
P00, Trade, 70070.365, 136, P00, B01, 1
P00, Trade, 70073.788, 131, P00, S01, 1
P00, Trade, 70077.808, 137, P00, B08, 1
P00, Trade, 70080.346, 128, P00, S15, 1
P00, Trade, 70086.673, 128, P00, B09, 1
P00, Trade, 70087.962, 127, P00, S06, 1
P00, Trade, 70089.135, 130, P00, B04, 1
P00, Trade, 70093.269, 129, P00, S00, 1
P00, Trade, 70096.750, 133, P00, B20, 1
P00, Trade, 70099.096, 132, P00, S15, 1
P00, Trade, 70102.231, 132, P00, B10, 1
P00, Trade, 70103.981, 126, P00, S04, 1
P00, Trade, 70105.712, 131, P00, B23, 1
P00, Trade, 70111.769, 130, P00, S08, 1
P00, Trade, 70114.904, 132, P00, B11, 1
P00, Trade, 70122.385, 126, P00, S15, 1
P00, Trade, 70129.346, 132, P00, B13, 1
P00, Trade, 70133.404, 134, P00, S19, 1
P00, Trade, 70136.077, 131, P00, B03, 1
P00, Trade, 70140.038, 130, P00, S17, 1
P00, Trade, 70142.788, 133, P00, B20, 1
P00, Trade, 70145.654, 130, P00, S20, 1
P00, Trade, 70151.846, 137, P00, B10, 1
P00, Trade, 70158.481, 128, P00, S15, 1
P00, Trade, 70159.269, 132, P00, B08, 1
P00, Trade, 70160.788, 130, P00, S19, 1
P00, Trade, 70164.442, 132, P00, B12, 1
P00, Trade, 70171.115, 135, P00, S17, 1
P00, Trade, 70179.885, 132, P00, B12, 1
P00, Trade, 70184.904, 128, P00, S19, 1
P00, Trade, 70187.538, 131, P00, B23, 1
P00, Trade, 70192.154, 132, P00, S22, 1
P00, Trade, 70194.173, 130, P00, B19, 1
P00, Trade, 70199.385, 128, P00, S23, 1
P00, Trade, 70201.346, 134, P00, B12, 1
P00, Trade, 70204.154, 134, P00, S18, 1
P00, Trade, 70208.442, 138, P00, B00, 1
P00, Trade, 70209.481, 137, P00, S04, 1
P00, Trade, 70211.481, 140, P00, B24, 1
P00, Trade, 70212.750, 138, P00, S15, 1
P00, Trade, 70222.827, 137, P00, B08, 1
P00, Trade, 70227.865, 131, P00, S02, 1
P00, Trade, 70229.788, 134, P00, B00, 1
P00, Trade, 70237.808, 137, P00, S09, 1
P00, Trade, 70244.250, 135, P00, B17, 1
P00, Trade, 70249.981, 131, P00, S23, 1
P00, Trade, 70254.019, 133, P00, B20, 1
P00, Trade, 70258.769, 133, P00, S19, 1
P00, Trade, 70271.769, 135, P00, B10, 1
P00, Trade, 70279.500, 131, P00, S13, 1
P00, Trade, 70284.327, 134, P00, B00, 1
P00, Trade, 70285.846, 132, P00, S04, 1
P00, Trade, 70288.846, 137, P00, B06, 1
P00, Trade, 70290.923, 138, P00, S06, 1
P00, Trade, 70299.192, 133, P00, B05, 1
P00, Trade, 70304.596, 135, P00, S02, 1
P00, Trade, 70306.885, 136, P00, B10, 1
P00, Trade, 70313.538, 135, P00, S09, 1
P00, Trade, 70322.788, 136, P00, B23, 1
P00, Trade, 70324.981, 131, P00, S18, 1
P00, Trade, 70333.692, 129, P00, B01, 1
P00, Trade, 70342.404, 129, P00, S04, 1
P00, Trade, 70343.288, 132, P00, B22, 1
P00, Trade, 70352.673, 139, P00, S15, 1
P00, Trade, 70358.750, 136, P00, B12, 1
P00, Trade, 70366.865, 129, P00, S07, 1
P00, Trade, 70369.712, 133, P00, B13, 1
P00, Trade, 70372.712, 130, P00, S17, 1
P00, Trade, 70387.615, 135, P00, B22, 1
P00, Trade, 70389.327, 131, P00, S01, 1
P00, Trade, 70393.173, 136, P00, B20, 1
P00, Trade, 70396.712, 133, P00, S21, 1
P00, Trade, 70405.596, 131, P00, B07, 1
P00, Trade, 70407.269, 128, P00, S04, 1
P00, Trade, 70410.173, 131, P00, B04, 1
P00, Trade, 70414.615, 133, P00, S00, 1
P00, Trade, 70419.923, 137, P00, B11, 1
P00, Trade, 70421.577, 133, P00, S17, 1
P00, Trade, 70424.885, 129, P00, B14, 1
P00, Trade, 70431.308, 127, P00, S04, 1
P00, Trade, 70433.788, 128, P00, B20, 1
P00, Trade, 70437.596, 127, P00, S15, 1
P00, Trade, 70439.654, 133, P00, B01, 1
P00, Trade, 70443.769, 130, P00, S03, 1
P00, Trade, 70446.365, 133, P00, B03, 1
P00, Trade, 70455.750, 133, P00, S13, 1
P00, Trade, 70463.904, 134, P00, B10, 1
P00, Trade, 70468.923, 131, P00, S22, 1
P00, Trade, 70478.538, 136, P00, B00, 1
P00, Trade, 70480.712, 136, P00, S17, 1
P00, Trade, 70484.538, 134, P00, B05, 1
P00, Trade, 70485.654, 129, P00, S14, 1
P00, Trade, 70490.962, 126, P00, B10, 1
P00, Trade, 70499.692, 132, P00, S01, 1
P00, Trade, 70508.846, 135, P00, B09, 1
P00, Trade, 70517.481, 129, P00, S03, 1
P00, Trade, 70526.173, 131, P00, B19, 1
P00, Trade, 70527.558, 131, P00, S18, 1
P00, Trade, 70537.250, 135, P00, B00, 1
P00, Trade, 70539.346, 131, P00, S20, 1
P00, Trade, 70542.615, 132, P00, B08, 1
P00, Trade, 70546.615, 127, P00, S01, 1
P00, Trade, 70548.731, 130, P00, B23, 1
P00, Trade, 70553.077, 128, P00, S03, 1
P00, Trade, 70555.788, 126, P00, B01, 1
P00, Trade, 70557.288, 124, P00, S03, 1
P00, Trade, 70558.096, 126, P00, B08, 1
P00, Trade, 70564.288, 132, P00, S16, 1
P00, Trade, 70567.846, 132, P00, B23, 1
P00, Trade, 70570.442, 130, S08, P00, 1
P00, Trade, 70571.962, 132, P00, B22, 1
P00, Trade, 70573.058, 127, P00, S13, 1
P00, Trade, 70578.212, 137, P00, B12, 1
P00, Trade, 70585.000, 135, P00, S09, 1
P00, Trade, 70587.327, 137, P00, B17, 1
P00, Trade, 70589.923, 135, P00, S23, 1
P00, Trade, 70600.135, 131, P00, B22, 1
P00, Trade, 70604.269, 131, P00, S19, 1
P00, Trade, 70611.154, 135, P00, B12, 1
P00, Trade, 70612.654, 132, P00, S07, 1
P00, Trade, 70620.288, 129, P00, B18, 1
P00, Trade, 70620.904, 128, P00, S10, 1
P00, Trade, 70624.365, 128, P00, B10, 1
P00, Trade, 70629.038, 125, P00, S18, 1
P00, Trade, 70632.000, 125, P00, B19, 1
P00, Trade, 70639.288, 133, P00, S24, 1
P00, Trade, 70641.308, 130, P00, B09, 1
P00, Trade, 70645.635, 127, P00, S22, 1
P00, Trade, 70649.231, 128, P00, B17, 1
P00, Trade, 70650.212, 123, P00, S04, 1
P00, Trade, 70654.346, 134, P00, B09, 1
P00, Trade, 70658.308, 133, P00, S04, 1
P00, Trade, 70674.654, 128, P00, B10, 1
P00, Trade, 70683.769, 128, P00, S01, 1
P00, Trade, 70691.365, 127, P00, B02, 1
P00, Trade, 70697.885, 127, P00, S04, 1
P00, Trade, 70702.500, 127, P00, B04, 1
P00, Trade, 70704.712, 126, P00, S18, 1
P00, Trade, 70713.596, 131, P00, B13, 1
P00, Trade, 70723.981, 133, P00, S17, 1
P00, Trade, 70732.096, 135, P00, B18, 1
P00, Trade, 70734.923, 133, P00, S21, 1
P00, Trade, 70747.365, 131, P00, B11, 1
P00, Trade, 70751.769, 131, P00, S00, 1
P00, Trade, 70759.750, 128, P00, B14, 1
P00, Trade, 70768.038, 125, P00, S18, 1
P00, Trade, 70773.808, 133, P00, B00, 1
P00, Trade, 70778.019, 132, P00, S03, 1
P00, Trade, 70781.462, 133, P00, B01, 1
P00, Trade, 70785.192, 127, P00, S06, 1
P00, Trade, 70788.231, 129, P00, B11, 1
P00, Trade, 70790.596, 132, P00, S07, 1
P00, Trade, 70795.788, 124, P00, B12, 1
P00, Trade, 70806.115, 129, P00, S01, 1
P00, Trade, 70812.404, 136, P00, B16, 1
P00, Trade, 70820.615, 126, P00, S02, 1
P00, Trade, 70825.788, 134, P00, B16, 1
P00, Trade, 70828.192, 126, P00, S03, 1
P00, Trade, 70832.019, 129, P00, B02, 1
P00, Trade, 70838.635, 131, P00, S11, 1
P00, Trade, 70841.212, 134, P00, B08, 1
P00, Trade, 70845.904, 124, P00, S20, 1
P00, Trade, 70851.077, 125, P00, B09, 1
P00, Trade, 70858.519, 123, P00, S13, 1
P00, Trade, 70863.077, 133, P00, B12, 1
P00, Trade, 70870.904, 132, P00, S10, 1
P00, Trade, 70872.000, 134, P00, B17, 1
P00, Trade, 70875.096, 125, P00, S14, 1
P00, Trade, 70881.077, 128, B05, P00, 1
P00, Trade, 70883.000, 127, P00, S17, 1
P00, Trade, 70888.846, 128, P00, B10, 1
P00, Trade, 70892.538, 125, P00, S14, 1
P00, Trade, 70894.692, 130, P00, B09, 1
P00, Trade, 70905.519, 129, P00, S24, 1
P00, Trade, 70907.385, 132, P00, B01, 1
P00, Trade, 70911.000, 130, P00, S17, 1
P00, Trade, 70919.846, 124, P00, B08, 1
P00, Trade, 70924.000, 129, P00, S22, 1
P00, Trade, 70925.635, 137, P00, B02, 1
P00, Trade, 70931.058, 130, P00, S15, 1
P00, Trade, 70933.077, 135, P00, B12, 1
P00, Trade, 70936.462, 131, P00, S08, 1
P00, Trade, 70942.827, 133, P00, B06, 1
P00, Trade, 70946.462, 131, P00, S13, 1
P00, Trade, 70949.135, 136, P00, B01, 1
P00, Trade, 70958.712, 131, P00, S19, 1
P00, Trade, 70962.788, 128, P00, B19, 1
P00, Trade, 70967.462, 129, P00, S03, 1
P00, Trade, 70971.596, 131, B04, P00, 1
P00, Trade, 70974.596, 124, P00, S19, 1
P00, Trade, 70987.135, 131, P00, B01, 1
P00, Trade, 70993.346, 130, P00, S01, 1
P00, Trade, 70999.154, 134, P00, B18, 1
P00, Trade, 71002.404, 129, P00, S17, 1
P00, Trade, 71004.846, 136, P00, B12, 1
P00, Trade, 71009.308, 126, P00, S13, 1
P00, Trade, 71012.058, 129, P00, B03, 1
P00, Trade, 71014.365, 125, P00, S24, 1
P00, Trade, 71015.192, 126, P00, B21, 1
P00, Trade, 71020.538, 127, P00, S01, 1
P00, Trade, 71025.250, 132, P00, B07, 1
P00, Trade, 71026.192, 131, P00, S02, 1
P00, Trade, 71041.442, 128, P00, B09, 1
P00, Trade, 71042.731, 130, P00, S23, 1
P00, Trade, 71047.404, 129, P00, B01, 1
P00, Trade, 71050.654, 128, P00, S10, 1
P00, Trade, 71055.404, 130, P00, B21, 1
P00, Trade, 71058.385, 131, P00, S17, 1
P00, Trade, 71059.346, 133, P00, B05, 1
P00, Trade, 71063.923, 127, P00, S04, 1
P00, Trade, 71069.654, 128, P00, B10, 1
P00, Trade, 71076.385, 134, P00, S13, 1
P00, Trade, 71085.154, 134, P00, B06, 1
P00, Trade, 71087.769, 127, P00, S17, 1
P00, Trade, 71091.865, 130, P00, B08, 1
P00, Trade, 71102.942, 132, P00, S04, 1
P00, Trade, 71104.288, 133, P00, B17, 1
P00, Trade, 71111.788, 132, P00, S19, 1
P00, Trade, 71114.500, 129, P00, B20, 1
P00, Trade, 71121.808, 138, P00, S23, 1
P00, Trade, 71124.769, 134, P00, B23, 1
P00, Trade, 71132.231, 134, P00, S17, 1
P00, Trade, 71134.115, 136, P00, B06, 1
P00, Trade, 71138.077, 132, P00, S01, 1
P00, Trade, 71150.000, 131, P00, B24, 1
P00, Trade, 71159.346, 135, P00, S17, 1
P00, Trade, 71171.442, 127, P00, B16, 1
P00, Trade, 71172.942, 122, P00, S21, 1
P00, Trade, 71175.981, 129, P00, B12, 1
P00, Trade, 71184.135, 130, P00, S17, 1
P00, Trade, 71185.038, 131, P00, B16, 1
P00, Trade, 71186.250, 132, S22, P00, 1
P00, Trade, 71192.038, 132, P00, B18, 1
P00, Trade, 71194.846, 128, P00, S03, 1
P00, Trade, 71210.019, 127, P00, B15, 1
P00, Trade, 71216.308, 132, P00, S07, 1
P00, Trade, 71219.904, 134, P00, B20, 1
P00, Trade, 71225.269, 132, P00, S13, 1
P00, Trade, 71229.750, 133, P00, B20, 1
P00, Trade, 71239.673, 131, P00, S19, 1
P00, Trade, 71242.558, 130, P00, B05, 1
P00, Trade, 71249.635, 135, P00, S20, 1
P00, Trade, 71253.462, 140, P00, B23, 1
P00, Trade, 71258.673, 135, P00, S16, 1
P00, Trade, 71260.231, 137, P00, B07, 1
P00, Trade, 71267.404, 127, P00, S01, 1
P00, Trade, 71273.019, 127, P00, B02, 1
P00, Trade, 71277.885, 130, P00, S15, 1
P00, Trade, 71284.135, 133, P00, B12, 1
P00, Trade, 71285.808, 130, P00, S23, 1
P00, Trade, 71288.212, 131, P00, B16, 1
P00, Trade, 71299.385, 133, P00, S10, 1
P00, Trade, 71303.250, 134, P00, B02, 1
P00, Trade, 71306.096, 131, P00, S13, 1
P00, Trade, 71319.231, 127, P00, B09, 1
P00, Trade, 71322.038, 127, P00, S19, 1
P00, Trade, 71327.135, 128, P00, B01, 1
P00, Trade, 71337.019, 129, P00, S18, 1
P00, Trade, 71343.385, 129, P00, B03, 1
P00, Trade, 71352.212, 145, P00, P01, 1
P00, Trade, 71356.885, 129, P00, B24, 1
P00, Trade, 71368.923, 133, P00, S03, 1
P00, Trade, 71374.673, 130, P00, B17, 1
P00, Trade, 71380.596, 126, P00, S09, 1
P00, Trade, 71395.269, 132, P00, B20, 1
P00, Trade, 71400.192, 123, P00, S18, 1
P00, Trade, 71404.250, 134, P00, B11, 1
P00, Trade, 71410.365, 135, P00, S11, 1
P00, Trade, 71417.654, 136, P00, B05, 1
P00, Trade, 71420.308, 135, P00, S19, 1
P00, Trade, 71424.923, 140, P00, B12, 1
P00, Trade, 71427.135, 128, P00, S06, 1
P00, Trade, 71432.692, 123, P00, B19, 1
P00, Trade, 71443.154, 139, P00, S23, 1
P00, Trade, 71446.731, 139, P00, B01, 1
P00, Trade, 71449.154, 136, P00, S11, 1
P00, Trade, 71457.058, 139, P00, B10, 1
P00, Trade, 71461.788, 124, P00, S11, 1
P00, Trade, 71466.865, 133, P00, B12, 1
P00, Trade, 71470.788, 129, P00, S20, 1
P00, Trade, 71475.615, 130, P00, B00, 1
P00, Trade, 71479.904, 128, P00, S02, 1
P00, Trade, 71481.308, 133, P00, B16, 1
P00, Trade, 71484.654, 124, P00, S17, 1
P00, Trade, 71487.000, 126, P00, B03, 1
P00, Trade, 71490.519, 126, P00, S07, 1
P00, Trade, 71494.154, 124, P00, B04, 1
P00, Trade, 71494.269, 123, P00, S11, 1
P00, Trade, 71499.000, 128, P00, B09, 1
P00, Trade, 71502.923, 124, P00, S23, 1
P00, Trade, 71506.942, 127, P00, B13, 1
P00, Trade, 71511.500, 126, P00, S00, 1
P00, Trade, 71524.192, 126, P00, B04, 1
P00, Trade, 71527.462, 128, P00, S09, 1
P00, Trade, 71533.904, 130, P00, B05, 1
P00, Trade, 71537.481, 131, P00, S20, 1
P00, Trade, 71542.885, 131, P00, B23, 1
P00, Trade, 71545.827, 132, P00, S00, 1
P00, Trade, 71549.288, 134, P00, B03, 1
P00, Trade, 71550.462, 131, P00, S16, 1
P00, Trade, 71556.308, 131, P00, B12, 1
P00, Trade, 71562.077, 126, P00, S01, 1
P00, Trade, 71563.385, 133, P00, B09, 1
P00, Trade, 71575.038, 128, P00, S11, 1
P00, Trade, 71579.923, 133, P00, B10, 1
P00, Trade, 71586.808, 128, P00, S14, 1
P00, Trade, 71590.135, 131, P00, B12, 1
P00, Trade, 71595.481, 133, P00, S06, 1
P00, Trade, 71608.423, 132, P00, B13, 1
P00, Trade, 71613.519, 127, P00, S10, 1
P00, Trade, 71620.423, 131, P00, B11, 1
P00, Trade, 71627.904, 130, P00, S04, 1
P00, Trade, 71633.558, 128, P00, B22, 1
P00, Trade, 71642.423, 131, P00, S03, 1
P00, Trade, 71648.942, 131, P00, B23, 1
P00, Trade, 71652.904, 122, P00, S16, 1
P00, Trade, 71656.673, 132, P00, B03, 1
P00, Trade, 71658.269, 124, P00, S02, 1
P00, Trade, 71666.212, 133, P00, B12, 1
P00, Trade, 71669.712, 133, P00, S19, 1
P00, Trade, 71682.558, 131, P00, B03, 1
P00, Trade, 71689.500, 144, P00, S12, 1
P00, Trade, 71703.731, 131, P00, B11, 1
P00, Trade, 71705.423, 129, P00, S04, 1
P00, Trade, 71714.942, 126, P00, B04, 1
P00, Trade, 71718.750, 126, P00, S06, 1
P00, Trade, 71722.038, 127, B05, P00, 1
P00, Trade, 71723.904, 125, P00, S03, 1
P00, Trade, 71724.442, 128, P00, B01, 1
P00, Trade, 71732.423, 132, P00, S24, 1
P00, Trade, 71736.077, 133, P00, B07, 1
P00, Trade, 71737.481, 128, P00, S16, 1
P00, Trade, 71743.096, 127, P00, B04, 1
P00, Trade, 71748.154, 128, P00, S04, 1
P00, Trade, 71750.596, 129, P00, B12, 1
P00, Trade, 71755.577, 123, P00, S18, 1
P00, Trade, 71757.385, 127, P00, B18, 1
P00, Trade, 71765.269, 128, P00, S10, 1
P00, Trade, 71770.673, 127, P00, B08, 1
P00, Trade, 71772.250, 126, P00, S15, 1
P00, Trade, 71778.096, 131, P00, B09, 1
P00, Trade, 71781.115, 127, P00, S00, 1
P00, Trade, 71786.096, 133, P00, B10, 1
P00, Trade, 71789.288, 128, P00, S18, 1
P00, Trade, 71799.596, 127, P00, B13, 1
P00, Trade, 71801.750, 125, P00, S00, 1
P00, Trade, 71805.154, 128, P00, B00, 1
P00, Trade, 71808.731, 127, P00, S02, 1
P00, Trade, 71809.808, 129, P00, B07, 1
P00, Trade, 71810.827, 128, P00, S10, 1
P00, Trade, 71815.058, 134, P00, B11, 1
P00, Trade, 71816.673, 128, P00, S15, 1
P00, Trade, 71820.058, 130, P00, B23, 1
P00, Trade, 71825.231, 133, P00, S12, 1
P00, Trade, 71841.135, 127, P00, B17, 1
P00, Trade, 71842.654, 125, P00, S16, 1
P00, Trade, 71847.962, 128, P00, B01, 1
P00, Trade, 71851.712, 124, P00, S01, 1
P00, Trade, 71853.750, 129, P00, B20, 1
P00, Trade, 71857.135, 128, P00, S00, 1
P00, Trade, 71860.769, 131, P00, B20, 1
P00, Trade, 71865.923, 131, P00, S14, 1
P00, Trade, 71872.173, 125, P00, B16, 1
P00, Trade, 71880.923, 124, P00, S10, 1
P00, Trade, 71886.538, 129, P00, B14, 1
P00, Trade, 71888.596, 124, P00, S10, 1
P00, Trade, 71897.712, 128, P00, B20, 1
P00, Trade, 71901.404, 128, P00, S10, 1
P00, Trade, 71905.750, 130, P00, B15, 1
P00, Trade, 71907.769, 128, P00, S10, 1
P00, Trade, 71915.385, 131, P00, B10, 1
P00, Trade, 71922.077, 130, P00, S01, 1
P00, Trade, 71926.442, 124, P00, B09, 1
P00, Trade, 71927.654, 119, P00, S03, 1
P00, Trade, 71932.154, 131, P00, B01, 1
P00, Trade, 71936.692, 130, P00, S09, 1
P00, Trade, 71947.731, 133, P00, B01, 1
P00, Trade, 71952.942, 124, P00, S00, 1
P00, Trade, 71957.981, 136, P00, B08, 1
P00, Trade, 71961.096, 136, P00, S19, 1
P00, Trade, 71970.462, 132, P00, B12, 1
P00, Trade, 71975.942, 126, P00, S02, 1
P00, Trade, 71983.596, 125, P00, B01, 1
P00, Trade, 71992.712, 133, P00, S21, 1
P00, Trade, 71995.654, 136, P00, B07, 1
P00, Trade, 71998.750, 130, P00, S05, 1
P00, Trade, 72002.327, 127, P00, B20, 1
P00, Trade, 72007.846, 128, P00, S13, 1
P00, Trade, 72015.385, 133, P00, B10, 1
P00, Trade, 72023.135, 150, P00, S03, 1
P00, Trade, 72026.827, 137, P00, B09, 1
P00, Trade, 72029.154, 134, P00, S15, 1
P00, Trade, 72034.615, 124, P00, B24, 1
P00, Trade, 72037.827, 121, P00, S19, 1
P00, Trade, 72042.115, 120, P00, P01, 1
P00, Trade, 72048.923, 126, P00, S21, 1
P00, Trade, 72052.442, 134, P00, B23, 1
P00, Trade, 72058.673, 131, P00, S13, 1
P00, Trade, 72059.788, 136, P00, B12, 1
P00, Trade, 72061.788, 133, P00, S04, 1
P00, Trade, 72063.462, 135, P00, B08, 1
P00, Trade, 72075.865, 133, P00, S10, 1
P00, Trade, 72077.462, 134, P00, B24, 1
P00, Trade, 72084.308, 134, P00, S02, 1
P00, Trade, 72097.596, 134, P00, B19, 1
P00, Trade, 72101.096, 129, P00, S17, 1
P00, Trade, 72104.058, 129, P00, B01, 1
P00, Trade, 72112.788, 128, P00, S00, 1
P00, Trade, 72120.327, 130, P00, B07, 1
P00, Trade, 72131.904, 132, P00, S10, 1
P00, Trade, 72136.904, 131, P00, B03, 1
P00, Trade, 72139.577, 129, P00, S12, 1
P00, Trade, 72147.385, 127, P00, B18, 1
P00, Trade, 72148.308, 126, P00, S21, 1
P00, Trade, 72150.577, 127, P00, B23, 1
P00, Trade, 72161.327, 134, P00, S20, 1
P00, Trade, 72165.500, 133, P00, B20, 1
P00, Trade, 72167.096, 129, P00, S19, 1
P00, Trade, 72170.000, 132, P00, B12, 1
P00, Trade, 72178.500, 127, P00, S23, 1
P00, Trade, 72182.250, 133, P00, B16, 1
P00, Trade, 72189.481, 130, P00, S19, 1
P00, Trade, 72196.808, 128, P00, B22, 1
P00, Trade, 72203.481, 127, P00, S17, 1
P00, Trade, 72208.308, 135, P00, B19, 1
P00, Trade, 72212.250, 131, P00, S19, 1
P00, Trade, 72218.654, 136, P00, B08, 1
P00, Trade, 72223.942, 134, P00, S03, 1
P00, Trade, 72229.212, 134, P00, B20, 1
P00, Trade, 72232.558, 135, P00, S10, 1
P00, Trade, 72238.731, 133, P00, B19, 1
P00, Trade, 72243.462, 131, P00, S18, 1
P00, Trade, 72250.077, 132, P00, B09, 1
P00, Trade, 72252.558, 130, P00, S22, 1
P00, Trade, 72259.865, 131, P00, B11, 1
P00, Trade, 72268.154, 127, P00, S04, 1
P00, Trade, 72271.788, 137, P00, B22, 1
P00, Trade, 72274.962, 132, P00, S08, 1
P00, Trade, 72278.769, 131, P00, B08, 1
P00, Trade, 72288.269, 134, P00, S16, 1
P00, Trade, 72289.654, 135, P00, B08, 1
P00, Trade, 72292.423, 130, P00, S00, 1
P00, Trade, 72298.231, 136, P00, B01, 1
P00, Trade, 72307.308, 132, P00, S19, 1
P00, Trade, 72309.231, 134, P00, B12, 1
P00, Trade, 72319.962, 133, P00, S10, 1
P00, Trade, 72325.500, 132, P00, B20, 1
P00, Trade, 72329.231, 128, P00, S06, 1
P00, Trade, 72334.981, 132, P00, B07, 1
P00, Trade, 72348.712, 130, P00, S18, 1
P00, Trade, 72351.481, 131, P00, B22, 1
P00, Trade, 72357.865, 128, P00, S11, 1
P00, Trade, 72361.212, 132, P00, B18, 1
P00, Trade, 72365.519, 135, P00, S10, 1
P00, Trade, 72372.596, 136, P00, B03, 1
P00, Trade, 72382.827, 144, P00, S02, 1
P00, Trade, 72389.173, 138, P00, B23, 1
P00, Trade, 72390.654, 133, P00, S20, 1
P00, Trade, 72392.250, 134, P00, B00, 1
P00, Trade, 72401.827, 131, P00, S15, 1
P00, Trade, 72403.904, 134, P00, B21, 1
P00, Trade, 72406.077, 135, P00, S10, 1
P00, Trade, 72407.288, 139, P00, B13, 1
P00, Trade, 72411.500, 133, P00, S15, 1
P00, Trade, 72421.000, 136, P00, B12, 1
P00, Trade, 72426.288, 130, P00, S16, 1
P00, Trade, 72427.308, 131, P00, B11, 1
P00, Trade, 72432.192, 131, P00, S24, 1
P00, Trade, 72434.577, 133, P00, B02, 1
P00, Trade, 72442.231, 136, P00, S20, 1
P00, Trade, 72448.058, 135, P00, B11, 1
P00, Trade, 72448.865, 132, P00, S13, 1
P00, Trade, 72456.885, 132, P00, B17, 1
P00, Trade, 72460.058, 128, P00, S16, 1
P00, Trade, 72466.000, 134, P00, B07, 1
P00, Trade, 72468.058, 131, P00, S09, 1
P00, Trade, 72473.712, 134, P00, B14, 1
P00, Trade, 72475.615, 132, P00, S01, 1
P00, Trade, 72481.654, 134, P00, B12, 1
P00, Trade, 72484.423, 131, P00, S17, 1
P00, Trade, 72487.000, 133, P00, B22, 1
P00, Trade, 72488.981, 129, P00, S07, 1
P00, Trade, 72496.885, 134, P00, B05, 1
P00, Trade, 72499.135, 130, P00, S17, 1
P00, Trade, 72504.115, 129, P00, B07, 1
P00, Trade, 72511.135, 133, P00, S00, 1
P00, Trade, 72518.404, 136, P00, B07, 1
P00, Trade, 72519.404, 132, P00, S24, 1
P00, Trade, 72524.269, 143, P00, B01, 1
P00, Trade, 72527.865, 134, P00, S20, 1
P00, Trade, 72539.577, 128, P00, B09, 1
P00, Trade, 72540.615, 124, P00, S00, 1
P00, Trade, 72546.192, 128, P00, B07, 1
P00, Trade, 72550.038, 125, P00, S18, 1
P00, Trade, 72552.808, 132, P00, B12, 1
P00, Trade, 72557.558, 132, P00, S13, 1
P00, Trade, 72560.827, 131, P00, B12, 1
P00, Trade, 72562.731, 130, P00, S04, 1
P00, Trade, 72566.135, 134, P00, B01, 1
P00, Trade, 72569.154, 133, P00, S11, 1
P00, Trade, 72575.519, 130, P00, B20, 1
P00, Trade, 72580.442, 127, P00, S02, 1
P00, Trade, 72583.865, 132, P00, B05, 1
P00, Trade, 72593.673, 135, P00, S08, 1
P00, Trade, 72597.231, 135, P00, B18, 1
P00, Trade, 72599.481, 130, P00, S06, 1
P00, Trade, 72606.154, 133, P00, B08, 1
P00, Trade, 72611.923, 131, P00, S09, 1
P00, Trade, 72615.288, 131, P00, B17, 1
P00, Trade, 72621.058, 131, P00, S10, 1
P00, Trade, 72625.269, 131, P00, B11, 1
P00, Trade, 72632.615, 129, P00, S20, 1
P00, Trade, 72634.750, 136, P00, B09, 1
P00, Trade, 72638.519, 139, P00, S21, 1
P00, Trade, 72647.346, 135, P00, B12, 1
P00, Trade, 72654.096, 129, P00, S00, 1
P00, Trade, 72654.673, 132, P00, B08, 1
P00, Trade, 72658.404, 129, P00, S10, 1
P00, Trade, 72664.288, 130, P00, B09, 1
P00, Trade, 72668.404, 133, P00, S18, 1
P00, Trade, 72669.846, 134, P00, B24, 1
P00, Trade, 72674.788, 132, P00, S00, 1
P00, Trade, 72683.481, 132, P00, B14, 1
P00, Trade, 72686.596, 133, P00, S01, 1
P00, Trade, 72696.019, 134, P00, B22, 1
P00, Trade, 72702.269, 132, P00, S10, 1
P00, Trade, 72710.904, 141, P00, B13, 1
P00, Trade, 72716.404, 135, P00, S01, 1
P00, Trade, 72720.673, 139, P00, B19, 1
P00, Trade, 72725.385, 129, P00, S18, 1
P00, Trade, 72729.885, 131, P00, B10, 1
P00, Trade, 72735.115, 130, P00, S06, 1
P00, Trade, 72740.846, 134, P00, B01, 1
P00, Trade, 72747.692, 145, P00, S16, 1
P00, Trade, 72753.769, 131, P00, B08, 1
P00, Trade, 72758.558, 130, P00, S17, 1
P00, Trade, 72760.308, 132, P00, B19, 1
P00, Trade, 72764.500, 135, P00, S03, 1
P00, Trade, 72769.519, 142, P00, B18, 1
P00, Trade, 72772.077, 136, P00, S21, 1
P00, Trade, 72783.308, 134, P00, B17, 1
P00, Trade, 72787.923, 133, P00, S00, 1
P00, Trade, 72793.019, 130, P00, B18, 1
P00, Trade, 72802.500, 145, P00, S09, 1
P00, Trade, 72810.865, 134, P00, B10, 1
P00, Trade, 72816.788, 129, P00, S14, 1
P00, Trade, 72826.385, 130, P00, B21, 1
P00, Trade, 72830.712, 131, P00, S13, 1
P00, Trade, 72837.442, 132, P00, B05, 1
P00, Trade, 72843.192, 135, P00, S14, 1
P00, Trade, 72848.192, 133, P00, B21, 1
P00, Trade, 72855.308, 134, P00, S00, 1
P00, Trade, 72865.808, 135, P00, B20, 1
P00, Trade, 72869.596, 129, P00, S15, 1
P00, Trade, 72873.577, 136, P00, B04, 1
P00, Trade, 72875.173, 135, P00, S13, 1
P00, Trade, 72880.000, 130, P00, B09, 1
P00, Trade, 72883.154, 130, P00, S06, 1
P00, Trade, 72891.865, 126, P00, B14, 1
P00, Trade, 72896.923, 131, P00, S07, 1
P00, Trade, 72899.885, 138, P00, B02, 1
P00, Trade, 72903.942, 134, P00, S24, 1
P00, Trade, 72908.615, 143, P00, B13, 1
P00, Trade, 72909.154, 134, P00, S04, 1
P00, Trade, 72912.846, 129, P00, B08, 1
P00, Trade, 72918.750, 129, P00, S01, 1
P00, Trade, 72920.673, 141, P00, B16, 1
P00, Trade, 72927.385, 132, P00, S24, 1
P00, Trade, 72932.423, 133, P00, B19, 1
P00, Trade, 72942.019, 128, P00, S04, 1
P00, Trade, 72943.038, 132, B08, P00, 1
P00, Trade, 72943.558, 133, P00, S00, 1
P00, Trade, 72946.615, 134, P00, B20, 1
P00, Trade, 72951.423, 136, P00, S04, 1
P00, Trade, 72957.077, 137, P00, B24, 1
P00, Trade, 72962.346, 134, P00, S14, 1
P00, Trade, 72967.577, 138, P00, B21, 1
P00, Trade, 72974.635, 139, P00, S17, 1
P00, Trade, 72975.827, 140, P00, B17, 1
P00, Trade, 72984.308, 133, P00, S18, 1
P00, Trade, 72989.654, 135, P00, B03, 1
P00, Trade, 72994.250, 133, P00, S03, 1
P00, Trade, 72997.096, 132, P00, B20, 1
P00, Trade, 72998.962, 132, P00, S04, 1
P00, Trade, 73005.865, 134, P00, B16, 1
P00, Trade, 73014.250, 134, P00, S15, 1
P00, Trade, 73028.000, 138, P00, B00, 1
P00, Trade, 73039.269, 133, P00, S16, 1
P00, Trade, 73044.077, 136, P00, B22, 1
P00, Trade, 73045.731, 134, P00, S03, 1
P00, Trade, 73054.135, 134, P00, B16, 1
P00, Trade, 73060.923, 133, P00, S17, 1
P00, Trade, 73064.577, 136, P00, B24, 1
P00, Trade, 73068.173, 139, P00, S03, 1
P00, Trade, 73070.865, 139, P00, B18, 1
P00, Trade, 73072.212, 136, P00, S06, 1
P00, Trade, 73074.058, 141, P00, B11, 1
P00, Trade, 73078.154, 131, P00, S12, 1
P00, Trade, 73079.058, 132, P00, B10, 1
P00, Trade, 73082.596, 130, P00, S15, 1
P00, Trade, 73083.404, 132, P00, B03, 1
P00, Trade, 73089.154, 131, P00, S14, 1
P00, Trade, 73090.596, 132, P00, B21, 1
P00, Trade, 73091.442, 131, P00, S05, 1
P00, Trade, 73098.808, 132, P00, B07, 1
P00, Trade, 73105.692, 132, P00, S05, 1
P00, Trade, 73106.365, 133, P00, B13, 1
P00, Trade, 73117.038, 138, P00, S07, 1
P00, Trade, 73121.654, 140, P00, B08, 1
P00, Trade, 73125.000, 139, P00, S14, 1
P00, Trade, 73132.462, 140, P00, B01, 1
P00, Trade, 73134.654, 133, P00, S03, 1
P00, Trade, 73140.750, 133, P00, B12, 1
P00, Trade, 73147.173, 135, P00, S06, 1
P00, Trade, 73153.192, 134, P00, B05, 1
P00, Trade, 73159.923, 134, P00, S17, 1
P00, Trade, 73162.500, 135, P00, B02, 1
P00, Trade, 73165.635, 131, P00, S03, 1
P00, Trade, 73168.058, 134, P00, B12, 1
P00, Trade, 73174.962, 130, P00, S14, 1
P00, Trade, 73176.519, 133, P00, B20, 1
P00, Trade, 73183.558, 130, P00, S09, 1
P00, Trade, 73191.327, 137, P00, B05, 1
P00, Trade, 73197.788, 137, P00, S10, 1
P00, Trade, 73206.288, 129, P00, B19, 1
P00, Trade, 73212.750, 126, P00, S17, 1
P00, Trade, 73218.750, 131, P00, B23, 1
P00, Trade, 73220.269, 130, P00, S16, 1
P00, Trade, 73227.231, 136, P00, B24, 1
P00, Trade, 73229.673, 134, P00, S02, 1
P00, Trade, 73233.538, 137, P00, B13, 1
P00, Trade, 73240.288, 137, P00, S03, 1
P00, Trade, 73248.481, 133, P00, B08, 1
P00, Trade, 73252.038, 135, P00, S04, 1
P00, Trade, 73262.154, 139, P00, B13, 1
P00, Trade, 73268.615, 130, P00, S00, 1
P00, Trade, 73273.365, 136, P00, B20, 1
P00, Trade, 73276.135, 135, P00, S17, 1
P00, Trade, 73278.519, 141, P00, B16, 1
P00, Trade, 73282.154, 129, P00, S02, 1
P00, Trade, 73284.846, 133, P00, B24, 1
P00, Trade, 73288.077, 131, P00, S15, 1
P00, Trade, 73291.519, 135, P00, B20, 1
P00, Trade, 73298.808, 134, P00, S20, 1
P00, Trade, 73302.577, 135, P00, B11, 1
P00, Trade, 73305.442, 138, P00, S02, 1
P00, Trade, 73315.538, 125, P00, B15, 1
P00, Trade, 73319.442, 127, P00, S03, 1
P00, Trade, 73325.808, 130, P00, B21, 1
P00, Trade, 73330.635, 132, P00, S15, 1
P00, Trade, 73332.231, 133, P00, B08, 1
P00, Trade, 73335.346, 134, P00, S18, 1
P00, Trade, 73336.327, 136, B21, P00, 1
P00, Trade, 73338.365, 136, P00, S10, 1
P00, Trade, 73351.385, 135, P00, B18, 1
P00, Trade, 73352.750, 132, P00, S24, 1
P00, Trade, 73355.327, 138, P00, B20, 1
P00, Trade, 73357.827, 136, P00, S10, 1
P00, Trade, 73363.923, 136, P00, B24, 1
P00, Trade, 73367.962, 134, P00, S15, 1
P00, Trade, 73374.346, 129, P00, B11, 1
P00, Trade, 73380.154, 131, P00, S15, 1
P00, Trade, 73387.115, 129, P00, B15, 1
P00, Trade, 73396.769, 134, P00, S10, 1
P00, Trade, 73407.058, 133, P00, B16, 1
P00, Trade, 73412.115, 135, P00, S20, 1
P00, Trade, 73413.981, 144, P00, B15, 1
P00, Trade, 73415.942, 141, P00, S11, 1
P00, Trade, 73427.538, 136, P00, B08, 1
P00, Trade, 73430.212, 135, P00, S02, 1
P00, Trade, 73436.769, 131, P00, B09, 1
P00, Trade, 73444.942, 139, S08, P00, 1
P00, Trade, 73446.058, 140, P00, B12, 1
P00, Trade, 73451.327, 138, P00, S15, 1
P00, Trade, 73458.462, 135, P00, B08, 1
P00, Trade, 73470.788, 137, P00, S12, 1
P00, Trade, 73475.962, 144, P00, B12, 1
P00, Trade, 73477.769, 141, P00, S01, 1
P00, Trade, 73491.904, 133, P00, B17, 1
P00, Trade, 73493.538, 132, P00, S04, 1
P00, Trade, 73499.269, 135, P00, B01, 1
P00, Trade, 73503.365, 134, P00, S06, 1
P00, Trade, 73505.231, 137, P00, B24, 1
P00, Trade, 73508.019, 134, P00, S04, 1
P00, Trade, 73509.904, 136, P00, B12, 1
P00, Trade, 73516.038, 132, P00, S00, 1
P00, Trade, 73523.750, 135, P00, B12, 1
P00, Trade, 73532.019, 135, P00, S00, 1
P00, Trade, 73535.385, 133, P00, B12, 1
P00, Trade, 73538.769, 130, P00, S22, 1
P00, Trade, 73546.519, 132, P00, B07, 1
P00, Trade, 73551.250, 134, P00, S00, 1
P00, Trade, 73553.577, 140, P00, B15, 1
P00, Trade, 73556.423, 139, P00, S04, 1
P00, Trade, 73565.231, 139, P00, B11, 1
P00, Trade, 73566.615, 125, P00, S21, 1
P00, Trade, 73570.077, 130, P00, B20, 1
P00, Trade, 73570.538, 129, P00, S09, 1
P00, Trade, 73574.712, 131, P00, B01, 1
P00, Trade, 73581.462, 134, P00, S04, 1
P00, Trade, 73584.731, 139, P00, B20, 1
P00, Trade, 73586.654, 136, P00, S19, 1
P00, Trade, 73589.962, 139, P00, B17, 1
P00, Trade, 73592.096, 138, P00, S15, 1
P00, Trade, 73594.577, 134, P00, B14, 1
P00, Trade, 73596.577, 136, P00, S09, 1
P00, Trade, 73599.481, 136, P00, B10, 1
P00, Trade, 73604.654, 132, P00, S03, 1
P00, Trade, 73609.135, 133, P00, B13, 1
P00, Trade, 73610.615, 130, P00, S05, 1
P00, Trade, 73614.827, 135, P00, B11, 1
P00, Trade, 73620.423, 132, P00, S04, 1
P00, Trade, 73624.288, 138, P00, B24, 1
P00, Trade, 73631.212, 133, P00, S10, 1
P00, Trade, 73634.231, 136, P00, B01, 1
P00, Trade, 73636.712, 132, P00, S22, 1
P00, Trade, 73638.615, 134, P00, B14, 1
P00, Trade, 73642.385, 133, P00, S20, 1
P00, Trade, 73644.115, 136, P00, B22, 1
P00, Trade, 73647.192, 133, P00, S07, 1
P00, Trade, 73649.692, 134, P00, B17, 1
P00, Trade, 73652.212, 134, P00, S16, 1
P00, Trade, 73653.288, 136, P00, B10, 1
P00, Trade, 73660.308, 132, P00, S00, 1
P00, Trade, 73664.577, 135, P00, B01, 1
P00, Trade, 73669.712, 136, P00, S20, 1
P00, Trade, 73673.500, 142, P00, B19, 1
P00, Trade, 73678.904, 133, P00, S10, 1
P00, Trade, 73680.904, 135, P00, B21, 1
P00, Trade, 73687.615, 136, P00, S05, 1
P00, Trade, 73691.692, 138, P00, B22, 1
P00, Trade, 73696.808, 129, P00, S22, 1
P00, Trade, 73702.038, 130, P00, B09, 1
P00, Trade, 73710.462, 134, P00, S01, 1
P00, Trade, 73714.096, 137, P00, B21, 1
P00, Trade, 73721.731, 132, P00, S04, 1
P00, Trade, 73722.865, 136, P00, B11, 1
P00, Trade, 73727.692, 127, P00, S10, 1
P00, Trade, 73729.712, 128, P00, B20, 1
P00, Trade, 73735.269, 132, P00, S00, 1
P00, Trade, 73735.673, 134, P00, B20, 1
P00, Trade, 73739.058, 132, P00, S16, 1
P00, Trade, 73752.154, 136, P00, B20, 1
P00, Trade, 73757.596, 134, P00, S06, 1
P00, Trade, 73761.231, 132, P00, B23, 1
P00, Trade, 73773.500, 143, P00, S23, 1
P00, Trade, 73777.212, 142, P00, B17, 1
P00, Trade, 73779.500, 135, P00, S01, 1
P00, Trade, 73780.654, 143, P00, B12, 1
P00, Trade, 73788.962, 143, P00, S19, 1
P00, Trade, 73800.654, 138, P00, B20, 1
P00, Trade, 73810.212, 141, P00, S00, 1
P00, Trade, 73814.942, 142, P00, B07, 1
P00, Trade, 73819.058, 140, P00, S11, 1
P00, Trade, 73822.615, 143, P00, B00, 1
P00, Trade, 73823.577, 142, P00, S12, 1
P00, Trade, 73827.058, 143, B11, P00, 1
P00, Trade, 73830.212, 140, P00, S22, 1
P00, Trade, 73842.385, 140, P00, B18, 1
P00, Trade, 73843.423, 137, P00, S17, 1
P00, Trade, 73846.596, 140, P00, B09, 1
P00, Trade, 73852.250, 143, P00, S00, 1
P00, Trade, 73857.269, 142, P00, B04, 1
P00, Trade, 73859.000, 140, P00, S19, 1
P00, Trade, 73867.500, 136, P00, B08, 1
P00, Trade, 73872.269, 130, P00, S10, 1
P00, Trade, 73876.635, 135, P00, B02, 1
P00, Trade, 73886.077, 138, P00, S06, 1
P00, Trade, 73890.904, 136, P00, B00, 1
P00, Trade, 73895.000, 131, P00, S02, 1
P00, Trade, 73897.423, 132, B11, P00, 1
P00, Trade, 73902.250, 133, P00, S15, 1
P00, Trade, 73918.577, 139, P00, B13, 1
P00, Trade, 73926.538, 139, P00, S13, 1
P00, Trade, 73930.250, 142, P00, B09, 1
P00, Trade, 73933.481, 132, P00, S17, 1
P00, Trade, 73937.827, 135, P00, B12, 1
P00, Trade, 73942.615, 133, P00, S00, 1
P00, Trade, 73950.365, 141, P00, B11, 1
P00, Trade, 73958.154, 138, P00, S04, 1
P00, Trade, 73961.731, 139, P00, B21, 1
P00, Trade, 73963.115, 138, P00, S08, 1
P00, Trade, 73966.481, 138, P00, B00, 1
P00, Trade, 73968.038, 136, P00, S16, 1
P00, Trade, 73976.442, 130, P00, B15, 1
P00, Trade, 73977.731, 129, P00, S02, 1
P00, Trade, 73979.250, 131, P00, B23, 1
P00, Trade, 73985.635, 133, P00, S17, 1
P00, Trade, 73988.673, 140, P00, B07, 1
P00, Trade, 73991.500, 135, P00, S15, 1
P00, Trade, 73999.519, 141, P00, B22, 1
P00, Trade, 74003.404, 137, P00, S20, 1
P00, Trade, 74012.615, 135, P00, B15, 1
P00, Trade, 74014.827, 135, P00, S20, 1
P00, Trade, 74023.500, 142, P00, B20, 1
P00, Trade, 74025.500, 136, P00, S06, 1
P00, Trade, 74028.269, 141, P00, B17, 1
P00, Trade, 74030.423, 145, P00, S15, 1
P00, Trade, 74039.865, 144, P00, B23, 1
P00, Trade, 74043.385, 141, P00, S14, 1
P00, Trade, 74048.692, 134, P00, B11, 1
P00, Trade, 74055.827, 133, P00, S00, 1
P00, Trade, 74056.981, 135, P00, B16, 1
P00, Trade, 74058.346, 135, P00, S23, 1
P00, Trade, 74062.481, 135, P00, B10, 1
P00, Trade, 74070.154, 140, P00, S17, 1
P00, Trade, 74084.885, 135, P00, B01, 1
P00, Trade, 74090.173, 133, P00, S06, 1
P00, Trade, 74094.500, 140, P00, B17, 1
P00, Trade, 74105.385, 137, P00, S15, 1
P00, Trade, 74108.750, 132, P00, B10, 1
P00, Trade, 74119.481, 140, P00, S09, 1
P00, Trade, 74122.500, 137, P00, B01, 1
P00, Trade, 74127.788, 134, P00, S11, 1
P00, Trade, 74131.115, 136, P00, B23, 1
P00, Trade, 74138.192, 136, P00, S06, 1
P00, Trade, 74144.308, 138, P00, B17, 1
P00, Trade, 74149.808, 136, P00, S15, 1
P00, Trade, 74152.750, 139, P00, B12, 1
P00, Trade, 74155.712, 142, P00, S24, 1
P00, Trade, 74161.846, 141, P00, B01, 1
P00, Trade, 74167.173, 131, P00, S10, 1
P00, Trade, 74168.500, 143, P00, B20, 1
P00, Trade, 74174.865, 141, P00, S11, 1
P00, Trade, 74183.288, 137, P00, B02, 1
P00, Trade, 74185.981, 137, P00, S17, 1
P00, Trade, 74191.231, 137, P00, B23, 1
P00, Trade, 74200.019, 134, P00, S07, 1
P00, Trade, 74206.538, 141, P00, B13, 1
P00, Trade, 74208.596, 143, P00, S15, 1
P00, Trade, 74212.596, 138, P00, B12, 1
P00, Trade, 74219.250, 134, P00, S23, 1
P00, Trade, 74220.577, 130, B10, P00, 1
P00, Trade, 74223.250, 135, P00, S11, 1
P00, Trade, 74229.173, 140, P00, B24, 1
P00, Trade, 74230.308, 135, S18, P00, 1
P00, Trade, 74241.442, 140, P00, B01, 1
P00, Trade, 74245.327, 140, P00, S10, 1
P00, Trade, 74248.981, 141, P00, B18, 1
P00, Trade, 74255.231, 139, P00, S01, 1
P00, Trade, 74257.192, 138, P00, B12, 1
P00, Trade, 74260.538, 134, P00, S17, 1
P00, Trade, 74269.173, 133, P00, B00, 1
P00, Trade, 74278.346, 135, P00, S05, 1
P00, Trade, 74285.808, 137, P00, B15, 1
P00, Trade, 74288.942, 135, P00, S04, 1
P00, Trade, 74296.712, 133, P00, B09, 1
P00, Trade, 74306.865, 132, P00, S20, 1
P00, Trade, 74309.058, 135, P00, B00, 1
P00, Trade, 74311.904, 135, S11, P00, 1
P00, Trade, 74315.788, 134, P00, B13, 1
P00, Trade, 74321.327, 135, P00, S15, 1
P00, Trade, 74325.827, 138, P00, B12, 1
P00, Trade, 74329.596, 140, P00, S09, 1
P00, Trade, 74333.308, 138, P00, B04, 1
P00, Trade, 74336.481, 140, P00, S24, 1
P00, Trade, 74346.769, 140, P00, B20, 1
P00, Trade, 74348.577, 135, P00, S06, 1
P00, Trade, 74350.885, 136, P00, B12, 1
P00, Trade, 74357.212, 140, P00, S01, 1
P00, Trade, 74360.558, 142, P00, B08, 1
P00, Trade, 74363.769, 139, P00, S03, 1
P00, Trade, 74371.404, 141, P00, B18, 1
P00, Trade, 74379.038, 134, P00, S07, 1
P00, Trade, 74383.865, 131, P00, B10, 1
P00, Trade, 74393.654, 137, P00, S15, 1
P00, Trade, 74403.096, 138, P00, B08, 1
P00, Trade, 74406.904, 137, P00, S21, 1
P00, Trade, 74411.692, 138, P00, B20, 1
P00, Trade, 74416.769, 138, P00, S16, 1
P00, Trade, 74421.269, 141, P00, B20, 1
P00, Trade, 74431.750, 133, P00, S01, 1
P00, Trade, 74434.981, 136, P00, B06, 1
P00, Trade, 74441.577, 134, P00, S19, 1
P00, Trade, 74449.442, 137, P00, B24, 1
P00, Trade, 74451.654, 133, P00, S24, 1
P00, Trade, 74454.135, 135, P00, B23, 1
P00, Trade, 74460.538, 139, P00, S00, 1
P00, Trade, 74464.558, 137, P00, B08, 1
P00, Trade, 74467.269, 134, P00, S22, 1
P00, Trade, 74472.231, 137, P00, B09, 1
P00, Trade, 74484.250, 136, P00, S04, 1
P00, Trade, 74492.462, 141, P00, B09, 1
P00, Trade, 74496.327, 136, P00, S14, 1
P00, Trade, 74506.019, 134, P00, B01, 1
P00, Trade, 74517.000, 137, P00, S10, 1
P00, Trade, 74520.192, 139, P00, B09, 1
P00, Trade, 74523.096, 135, P00, S00, 1
P00, Trade, 74524.058, 137, P00, B24, 1
P00, Trade, 74530.962, 135, P00, S14, 1
P00, Trade, 74533.808, 139, P00, B12, 1
P00, Trade, 74537.808, 132, P00, S04, 1
P00, Trade, 74542.788, 135, P00, B20, 1
P00, Trade, 74549.231, 135, P00, S02, 1
P00, Trade, 74558.519, 135, P00, B20, 1
P00, Trade, 74563.519, 134, P00, S03, 1
P00, Trade, 74570.692, 140, P00, B12, 1
P00, Trade, 74586.596, 138, P00, S15, 1
P00, Trade, 74589.096, 142, P00, B03, 1
P00, Trade, 74602.442, 140, P00, S15, 1
P00, Trade, 74608.750, 138, P00, B09, 1
P00, Trade, 74611.942, 138, P00, S03, 1
P00, Trade, 74620.577, 137, P00, B02, 1
P00, Trade, 74622.250, 136, P00, S00, 1
P00, Trade, 74625.019, 139, P00, B12, 1
P00, Trade, 74629.077, 136, P00, S10, 1
P00, Trade, 74634.385, 137, P00, B01, 1
P00, Trade, 74639.154, 139, P00, S09, 1
P00, Trade, 74642.500, 141, P00, B03, 1
P00, Trade, 74645.538, 135, P00, S18, 1
P00, Trade, 74651.635, 134, P00, B00, 1
P00, Trade, 74652.154, 131, P00, S04, 1
P00, Trade, 74666.519, 136, P00, B20, 1
P00, Trade, 74667.692, 135, P00, S17, 1
P00, Trade, 74668.231, 136, P00, B17, 1
P00, Trade, 74670.250, 140, P00, S12, 1
P00, Trade, 74690.635, 133, P00, B21, 1
P00, Trade, 74693.462, 134, P00, S09, 1
P00, Trade, 74698.519, 136, P00, B16, 1
P00, Trade, 74701.231, 136, P00, S22, 1
P00, Trade, 74705.000, 135, P00, B05, 1
P00, Trade, 74712.269, 136, P00, S02, 1
P00, Trade, 74715.923, 134, P00, B03, 1
P00, Trade, 74719.750, 139, P00, S07, 1
P00, Trade, 74725.942, 127, P00, B10, 1
P00, Trade, 74734.673, 135, P00, S15, 1
P00, Trade, 74741.327, 137, P00, B14, 1
P00, Trade, 74744.731, 135, P00, S04, 1
P00, Trade, 74750.077, 138, P00, B17, 1
P00, Trade, 74761.000, 133, P00, S14, 1
P00, Trade, 74768.365, 128, P00, B22, 1
P00, Trade, 74777.038, 130, P00, S09, 1
P00, Trade, 74783.077, 137, P00, B17, 1
P00, Trade, 74786.327, 132, P00, S06, 1
P00, Trade, 74789.231, 133, P00, B20, 1
P00, Trade, 74792.942, 130, P00, S18, 1
P00, Trade, 74799.577, 137, P00, B13, 1
P00, Trade, 74802.154, 133, P00, S09, 1
P00, Trade, 74809.096, 136, P00, B01, 1
P00, Trade, 74813.288, 136, P00, S21, 1
P00, Trade, 74821.462, 137, P00, B01, 1
P00, Trade, 74823.962, 135, P00, S16, 1
P00, Trade, 74826.019, 137, P00, B11, 1
P00, Trade, 74829.462, 137, P00, S19, 1
P00, Trade, 74841.923, 138, P00, B18, 1
P00, Trade, 74844.154, 135, P00, S08, 1
P00, Trade, 74854.096, 141, P00, B03, 1
P00, Trade, 74855.923, 136, P00, S00, 1
P00, Trade, 74860.577, 135, P00, B01, 1
P00, Trade, 74873.154, 138, P00, S11, 1
P00, Trade, 74876.115, 138, P00, B16, 1
P00, Trade, 74880.654, 133, P00, S14, 1
P00, Trade, 74891.135, 139, P00, B08, 1
P00, Trade, 74894.731, 132, P00, S06, 1
P00, Trade, 74897.731, 139, P00, B24, 1
P00, Trade, 74904.135, 138, P00, S11, 1
P00, Trade, 74906.096, 139, P00, B20, 1
P00, Trade, 74910.250, 136, P00, S11, 1
P00, Trade, 74915.942, 138, P00, B23, 1
P00, Trade, 74918.212, 135, P00, S10, 1
P00, Trade, 74924.846, 135, P00, B10, 1
P00, Trade, 74931.712, 136, P00, S05, 1
P00, Trade, 74936.750, 140, P00, B02, 1
P00, Trade, 74939.404, 135, P00, S15, 1
P00, Trade, 74942.692, 135, P00, B09, 1
P00, Trade, 74949.500, 139, P00, S02, 1
P00, Trade, 74952.827, 139, P00, B14, 1
P00, Trade, 74957.442, 131, P00, S06, 1
P00, Trade, 74960.212, 143, P00, B22, 1
P00, Trade, 74962.923, 146, P00, S23, 1
P00, Trade, 74967.673, 134, P00, B08, 1
P00, Trade, 74975.462, 136, P00, S13, 1
P00, Trade, 74983.769, 133, P00, B19, 1
P00, Trade, 74991.827, 134, P00, S07, 1
P00, Trade, 74997.346, 135, P00, B24, 1
P00, Trade, 74999.327, 134, P00, S08, 1
P00, Trade, 75005.442, 134, P00, B03, 1
P00, Trade, 75008.269, 136, P00, S20, 1
P00, Trade, 75009.654, 140, B06, P00, 1
P00, Trade, 75010.500, 140, P00, S17, 1
P00, Trade, 75025.096, 133, P00, B08, 1
P00, Trade, 75026.962, 135, P00, S17, 1
P00, Trade, 75028.442, 133, P00, B15, 1
P00, Trade, 75038.135, 133, P00, S12, 1
P00, Trade, 75050.308, 131, P00, B13, 1
P00, Trade, 75055.192, 133, P00, S14, 1
P00, Trade, 75058.827, 133, P00, B17, 1
P00, Trade, 75062.231, 130, P00, S19, 1
P00, Trade, 75063.212, 135, P00, B08, 1
P00, Trade, 75065.000, 129, P00, S01, 1
P00, Trade, 75067.115, 137, P00, B09, 1
P00, Trade, 75071.308, 130, P00, S02, 1
P00, Trade, 75076.250, 128, P00, B19, 1
P00, Trade, 75082.750, 129, P00, S18, 1
P00, Trade, 75086.596, 133, P00, B08, 1
P00, Trade, 75092.654, 133, P00, S12, 1
P00, Trade, 75094.404, 133, P00, B19, 1
P00, Trade, 75102.923, 133, P00, S09, 1
P00, Trade, 75110.231, 131, P00, B15, 1
P00, Trade, 75115.788, 131, P00, S04, 1
P00, Trade, 75122.885, 131, P00, B15, 1
P00, Trade, 75124.808, 132, P00, S04, 1
P00, Trade, 75129.442, 136, P00, B21, 1
P00, Trade, 75136.615, 130, P00, S19, 1
P00, Trade, 75140.827, 134, P00, B03, 1
P00, Trade, 75143.846, 132, P00, S00, 1
P00, Trade, 75151.346, 135, P00, B20, 1
P00, Trade, 75154.673, 131, P00, S15, 1
P00, Trade, 75158.500, 135, P00, B00, 1
P00, Trade, 75160.154, 132, P00, S20, 1
P00, Trade, 75172.962, 135, P00, B17, 1
P00, Trade, 75178.038, 130, P00, S21, 1
P00, Trade, 75185.250, 132, P00, B04, 1
P00, Trade, 75186.712, 130, P00, S18, 1
P00, Trade, 75191.212, 136, P00, B12, 1
P00, Trade, 75199.346, 134, P00, S20, 1
P00, Trade, 75206.923, 135, P00, B24, 1
P00, Trade, 75210.769, 131, P00, S15, 1
P00, Trade, 75214.769, 136, P00, B00, 1
P00, Trade, 75217.788, 138, P00, S10, 1
P00, Trade, 75220.538, 139, P00, B17, 1
P00, Trade, 75222.212, 137, P00, S01, 1
P00, Trade, 75227.654, 136, P00, B14, 1
P00, Trade, 75231.615, 132, P00, S10, 1
P00, Trade, 75235.192, 133, P00, B16, 1
P00, Trade, 75237.000, 129, P00, S16, 1
P00, Trade, 75241.808, 137, P00, B07, 1
P00, Trade, 75242.500, 133, P00, S03, 1
P00, Trade, 75250.096, 130, P00, B12, 1
P00, Trade, 75256.981, 127, P00, S14, 1
P00, Trade, 75259.942, 135, P00, B10, 1
P00, Trade, 75265.481, 130, P00, S05, 1
P00, Trade, 75269.500, 134, P00, B07, 1
P00, Trade, 75276.942, 132, P00, S00, 1
P00, Trade, 75280.750, 138, P00, B09, 1
P00, Trade, 75285.192, 131, P00, S17, 1
P00, Trade, 75290.000, 133, P00, B10, 1
P00, Trade, 75293.846, 132, P00, S03, 1
P00, Trade, 75297.846, 132, P00, B01, 1
P00, Trade, 75299.058, 131, P00, S18, 1
P00, Trade, 75304.538, 135, P00, B08, 1
P00, Trade, 75309.077, 137, P00, S17, 1
P00, Trade, 75320.385, 139, P00, B22, 1
P00, Trade, 75322.250, 134, P00, S06, 1
P00, Trade, 75324.058, 133, P00, B09, 1
P00, Trade, 75326.981, 131, P00, S02, 1
P00, Trade, 75328.288, 135, P00, B18, 1
P00, Trade, 75332.712, 135, P00, S07, 1
P00, Trade, 75334.692, 138, P00, B22, 1
P00, Trade, 75341.135, 131, P00, S00, 1
P00, Trade, 75345.346, 134, P00, B13, 1
P00, Trade, 75348.346, 136, P00, S05, 1
P00, Trade, 75350.808, 137, P00, B23, 1
P00, Trade, 75351.519, 136, P00, S24, 1
P00, Trade, 75353.962, 136, P00, B21, 1
P00, Trade, 75356.154, 137, P00, S15, 1
P00, Trade, 75358.923, 138, P00, B18, 1
P00, Trade, 75364.038, 131, P00, S07, 1
P00, Trade, 75366.885, 133, P00, B06, 1
P00, Trade, 75369.827, 134, P00, S15, 1
P00, Trade, 75373.038, 130, P00, B02, 1
P00, Trade, 75375.885, 132, P00, S19, 1
P00, Trade, 75382.558, 135, P00, B19, 1
P00, Trade, 75386.000, 134, P00, S04, 1
P00, Trade, 75389.327, 138, P00, B10, 1
P00, Trade, 75395.481, 137, P00, S21, 1
P00, Trade, 75396.942, 139, P00, B09, 1
P00, Trade, 75400.115, 133, P00, S03, 1
P00, Trade, 75404.269, 132, P00, B00, 1
P00, Trade, 75408.865, 133, P00, S17, 1
P00, Trade, 75412.038, 137, P00, B11, 1
P00, Trade, 75417.673, 130, P00, S13, 1
P00, Trade, 75426.558, 135, P00, B24, 1
P00, Trade, 75431.923, 135, P00, S17, 1
P00, Trade, 75438.942, 132, P00, B01, 1
P00, Trade, 75442.750, 131, P00, S17, 1
P00, Trade, 75447.673, 135, P00, B20, 1
P00, Trade, 75448.212, 131, P00, S16, 1
P00, Trade, 75452.942, 135, P00, B11, 1
P00, Trade, 75458.519, 138, P00, S09, 1
P00, Trade, 75464.885, 136, P00, B15, 1
P00, Trade, 75467.000, 135, P00, S00, 1
P00, Trade, 75470.731, 136, P00, B09, 1
P00, Trade, 75477.308, 132, P00, S19, 1
P00, Trade, 75485.942, 138, P00, B08, 1
P00, Trade, 75490.077, 134, P00, S11, 1
P00, Trade, 75493.885, 136, P00, B01, 1
P00, Trade, 75502.442, 140, P00, S16, 1
P00, Trade, 75516.942, 136, P00, B24, 1
P00, Trade, 75522.308, 133, P00, S00, 1
P00, Trade, 75523.058, 134, P00, B03, 1
P00, Trade, 75527.673, 128, P00, S17, 1
P00, Trade, 75534.500, 135, P00, B00, 1
P00, Trade, 75536.558, 134, P00, S05, 1
P00, Trade, 75537.558, 127, P00, B14, 1
P00, Trade, 75545.731, 136, P00, S10, 1
P00, Trade, 75549.038, 137, P00, B11, 1
P00, Trade, 75551.692, 133, P00, S03, 1
P00, Trade, 75557.942, 140, P00, B01, 1
P00, Trade, 75565.865, 137, P00, S09, 1
P00, Trade, 75569.327, 140, P00, B09, 1
P00, Trade, 75575.712, 136, P00, S06, 1
P00, Trade, 75577.154, 137, P00, B23, 1
P00, Trade, 75584.712, 132, P00, S09, 1
P00, Trade, 75588.250, 138, P00, B22, 1
P00, Trade, 75595.981, 140, P00, S19, 1
P00, Trade, 75603.154, 129, P00, B20, 1
P00, Trade, 75606.404, 128, P00, S00, 1
P00, Trade, 75609.038, 139, P00, B14, 1
P00, Trade, 75614.038, 136, P00, S07, 1
P00, Trade, 75624.827, 133, P00, B16, 1
P00, Trade, 75629.673, 130, P00, S01, 1
P00, Trade, 75633.577, 140, P00, B23, 1
P00, Trade, 75636.846, 137, P00, S20, 1
P00, Trade, 75644.692, 138, P00, B09, 1
P00, Trade, 75647.096, 136, P00, S01, 1
P00, Trade, 75653.000, 140, P00, B16, 1
P00, Trade, 75655.154, 133, P00, S15, 1
P00, Trade, 75663.077, 137, P00, B15, 1
P00, Trade, 75665.404, 136, P00, S03, 1
P00, Trade, 75672.712, 138, P00, B09, 1
P00, Trade, 75676.404, 139, P00, S22, 1
P00, Trade, 75680.000, 139, P00, B24, 1
P00, Trade, 75684.212, 133, P00, S05, 1
P00, Trade, 75694.962, 133, P00, B09, 1
P00, Trade, 75699.942, 134, P00, S17, 1
P00, Trade, 75702.250, 132, P00, P01, 1
P00, Trade, 75708.500, 130, P00, S04, 1
P00, Trade, 75714.077, 130, P00, B02, 1
P00, Trade, 75721.577, 131, P00, S20, 1
P00, Trade, 75724.615, 131, P00, B12, 1
P00, Trade, 75729.538, 135, P00, S09, 1
P00, Trade, 75732.635, 138, P00, B08, 1
P00, Trade, 75737.365, 132, P00, S22, 1
P00, Trade, 75742.865, 130, P00, B19, 1
P00, Trade, 75746.038, 126, P00, S15, 1
P00, Trade, 75749.500, 130, P00, B24, 1
P00, Trade, 75756.192, 131, P00, S14, 1
P00, Trade, 75757.615, 134, P00, B09, 1
P00, Trade, 75763.615, 132, P00, S02, 1
P00, Trade, 75765.904, 138, B15, P00, 1
P00, Trade, 75767.788, 135, P00, S18, 1
P00, Trade, 75771.019, 136, P00, B16, 1
P00, Trade, 75775.442, 133, P00, S06, 1
P00, Trade, 75779.500, 136, P00, B18, 1
P00, Trade, 75780.365, 134, P00, S13, 1
P00, Trade, 75785.538, 133, P00, B00, 1
P00, Trade, 75786.769, 133, P00, S23, 1
P00, Trade, 75787.558, 138, P00, B20, 1
P00, Trade, 75791.558, 133, P00, S07, 1
P00, Trade, 75795.096, 138, P00, B24, 1
P00, Trade, 75802.192, 135, P00, S22, 1
P00, Trade, 75809.000, 136, P00, B10, 1
P00, Trade, 75811.250, 136, P00, S14, 1
P00, Trade, 75815.731, 135, P00, B19, 1
P00, Trade, 75818.596, 136, P00, S12, 1
P00, Trade, 75823.327, 137, P00, B03, 1
P00, Trade, 75835.115, 135, P00, S00, 1
P00, Trade, 75839.769, 134, P00, B23, 1
P00, Trade, 75843.596, 134, P00, S14, 1
P00, Trade, 75851.038, 130, P00, B14, 1
P00, Trade, 75858.442, 135, P00, S02, 1
P00, Trade, 75862.692, 134, P00, B16, 1
P00, Trade, 75866.692, 132, P00, S09, 1
P00, Trade, 75874.577, 133, P00, B05, 1
P00, Trade, 75878.000, 130, P00, S07, 1
P00, Trade, 75880.269, 138, P00, B19, 1
P00, Trade, 75884.404, 130, P00, S24, 1
P00, Trade, 75886.654, 130, P00, B23, 1
P00, Trade, 75894.077, 129, P00, S00, 1
P00, Trade, 75898.577, 136, P00, B00, 1
P00, Trade, 75902.481, 129, P00, S22, 1
P00, Trade, 75911.442, 131, P00, B01, 1
P00, Trade, 75916.673, 130, P00, S10, 1
P00, Trade, 75923.519, 129, P00, B22, 1
P00, Trade, 75930.481, 127, P00, S02, 1
P00, Trade, 75934.077, 130, P00, B09, 1
P00, Trade, 75939.981, 132, P00, S09, 1
P00, Trade, 75942.346, 135, P00, B09, 1
P00, Trade, 75947.019, 136, P00, S21, 1
P00, Trade, 75947.692, 137, P00, B16, 1
P00, Trade, 75949.558, 134, P00, S19, 1
P00, Trade, 75955.154, 136, P00, B20, 1
P00, Trade, 75965.077, 131, P00, S03, 1
P00, Trade, 75969.750, 130, P00, B22, 1
P00, Trade, 75972.269, 128, P00, S03, 1
P00, Trade, 75977.904, 127, P00, B15, 1
P00, Trade, 75983.635, 124, P00, S07, 1
P00, Trade, 75988.731, 134, P00, B08, 1
P00, Trade, 75992.173, 133, P00, S09, 1
P00, Trade, 75993.885, 135, P00, B09, 1
P00, Trade, 75995.846, 130, P00, S06, 1
P00, Trade, 75999.827, 132, P00, B18, 1
P00, Trade, 76004.654, 130, P00, S15, 1
P00, Trade, 76007.923, 134, P00, B06, 1
P00, Trade, 76011.462, 130, P00, S23, 1
P00, Trade, 76017.635, 133, P00, B11, 1
P00, Trade, 76023.596, 133, P00, S04, 1
P00, Trade, 76027.923, 137, P00, B12, 1
P00, Trade, 76035.519, 132, P00, S15, 1
P00, Trade, 76040.538, 132, P00, B22, 1
P00, Trade, 76044.000, 132, P00, S22, 1
P00, Trade, 76044.654, 133, P00, B17, 1
P00, Trade, 76056.442, 132, P00, S17, 1
P00, Trade, 76062.115, 132, P00, B09, 1
P00, Trade, 76069.115, 125, P00, S17, 1
P00, Trade, 76071.077, 130, P00, B22, 1
P00, Trade, 76074.500, 131, P00, S17, 1
P00, Trade, 76077.269, 135, P00, B14, 1
P00, Trade, 76078.519, 132, P00, S10, 1
P00, Trade, 76081.962, 138, P00, B19, 1
P00, Trade, 76084.231, 127, P00, S24, 1
P00, Trade, 76089.077, 127, P00, B13, 1
P00, Trade, 76091.904, 124, P00, S04, 1
P00, Trade, 76095.750, 136, P00, B03, 1
P00, Trade, 76098.500, 133, P00, S04, 1
P00, Trade, 76106.750, 133, P00, B08, 1
P00, Trade, 76117.712, 134, P00, S20, 1
P00, Trade, 76127.000, 133, P00, B07, 1
P00, Trade, 76132.808, 130, P00, S06, 1
P00, Trade, 76136.596, 130, P00, B21, 1
P00, Trade, 76139.615, 129, P00, S17, 1
P00, Trade, 76143.808, 130, P00, B11, 1
P00, Trade, 76145.173, 129, P00, S10, 1
P00, Trade, 76148.904, 138, P00, B15, 1
P00, Trade, 76150.904, 136, P00, S01, 1
P00, Trade, 76158.654, 129, P00, B00, 1
P00, Trade, 76165.423, 132, P00, S10, 1
P00, Trade, 76168.808, 135, P00, B19, 1
P00, Trade, 76175.154, 130, P00, S02, 1
P00, Trade, 76175.942, 136, P00, B20, 1
P00, Trade, 76178.596, 127, P00, S22, 1
P00, Trade, 76184.712, 134, P00, B09, 1
P00, Trade, 76194.500, 127, P00, S08, 1
P00, Trade, 76198.885, 127, P00, B14, 1
P00, Trade, 76201.288, 128, P00, S22, 1
P00, Trade, 76208.577, 133, P00, B17, 1
P00, Trade, 76213.481, 131, P00, S00, 1
P00, Trade, 76228.635, 129, P00, B11, 1
P00, Trade, 76233.635, 123, P00, S02, 1
P00, Trade, 76251.885, 133, P00, B08, 1
P00, Trade, 76262.442, 128, P00, S12, 1
P00, Trade, 76281.962, 82, P00, B11, 1
P00, Trade, 76285.000, 76, P00, S07, 1
P00, Trade, 76285.654, 86, P00, B09, 1
P00, Trade, 76296.115, 74, P00, S04, 1
P00, Trade, 76298.712, 74, P00, B11, 1
P00, Trade, 76308.327, 72, P00, S08, 1
P00, Trade, 76311.885, 77, P00, B21, 1
P00, Trade, 76320.558, 79, P00, S06, 1
P00, Trade, 76322.962, 80, P00, B00, 1
P00, Trade, 76328.885, 77, P00, S09, 1
P00, Trade, 76333.115, 75, P00, B08, 1
P00, Trade, 76343.538, 80, P00, S16, 1
P00, Trade, 76349.846, 82, P00, B01, 1
P00, Trade, 76359.000, 79, P00, S10, 1
P00, Trade, 76360.846, 86, P00, B13, 1
P00, Trade, 76362.942, 81, P00, S02, 1
P00, Trade, 76374.615, 86, P00, B12, 1
P00, Trade, 76378.269, 83, P00, S01, 1
P00, Trade, 76381.385, 84, P00, B07, 1
P00, Trade, 76385.019, 70, P00, S13, 1
P00, Trade, 76393.577, 87, P00, B22, 1
P00, Trade, 76395.712, 81, P00, S18, 1
P00, Trade, 76401.250, 79, P00, B01, 1
P00, Trade, 76405.538, 81, P00, S10, 1
P00, Trade, 76408.288, 78, P00, B07, 1
P00, Trade, 76413.596, 77, P00, S01, 1
P00, Trade, 76416.096, 78, P00, B11, 1
P00, Trade, 76417.846, 76, P00, S03, 1
P00, Trade, 76423.808, 76, P00, B20, 1
P00, Trade, 76437.096, 76, P00, S04, 1
P00, Trade, 76440.577, 79, P00, B16, 1
P00, Trade, 76446.596, 81, P00, S17, 1
P00, Trade, 76449.135, 86, P00, B09, 1
P00, Trade, 76452.269, 80, P00, S20, 1
P00, Trade, 76456.250, 81, P00, B00, 1
P00, Trade, 76457.058, 80, P00, S03, 1
P00, Trade, 76458.827, 85, P00, B22, 1
P00, Trade, 76464.654, 74, P00, S06, 1
P00, Trade, 76472.558, 84, P00, B20, 1
P00, Trade, 76476.250, 78, P00, S01, 1
P00, Trade, 76482.404, 75, P00, B12, 1
P00, Trade, 76489.692, 75, P00, S16, 1
P00, Trade, 76493.962, 78, P00, B08, 1
P00, Trade, 76498.519, 81, P00, S06, 1
P00, Trade, 76502.346, 80, P00, B17, 1
P00, Trade, 76504.692, 82, P00, S19, 1
P00, Trade, 76508.000, 81, P00, B19, 1
P00, Trade, 76513.673, 76, P00, S05, 1
P00, Trade, 76516.192, 82, P00, B07, 1
P00, Trade, 76524.731, 79, P00, S04, 1
P00, Trade, 76529.135, 75, B23, P00, 1
P00, Trade, 76530.250, 74, P00, S11, 1
P00, Trade, 76534.462, 77, P00, B05, 1
P00, Trade, 76542.635, 78, P00, S02, 1
P00, Trade, 76546.288, 81, P00, B07, 1
P00, Trade, 76550.346, 74, P00, S24, 1
P00, Trade, 76555.442, 80, P00, B23, 1
P00, Trade, 76560.288, 77, P00, S01, 1
P00, Trade, 76565.462, 81, P00, B12, 1
P00, Trade, 76568.000, 80, P00, S00, 1
P00, Trade, 76578.346, 76, P00, B05, 1
P00, Trade, 76581.942, 75, P00, S20, 1
P00, Trade, 76583.962, 74, P00, B24, 1
P00, Trade, 76585.462, 73, P00, S09, 1
P00, Trade, 76589.519, 78, P00, B09, 1
P00, Trade, 76593.654, 75, P00, S13, 1
P00, Trade, 76599.500, 74, P00, B01, 1
P00, Trade, 76600.923, 72, P00, S20, 1
P00, Trade, 76605.423, 74, P00, B20, 1
P00, Trade, 76610.231, 81, P00, S10, 1
P00, Trade, 76618.115, 79, P00, B12, 1
P00, Trade, 76624.846, 80, P00, S21, 1
P00, Trade, 76625.885, 82, P00, B21, 1
P00, Trade, 76629.077, 73, P00, S15, 1
P00, Trade, 76636.808, 77, P00, B15, 1
P00, Trade, 76639.635, 79, P00, S04, 1
P00, Trade, 76645.038, 75, P00, B15, 1
P00, Trade, 76645.904, 74, P00, S03, 1
P00, Trade, 76656.442, 80, P00, B07, 1
P00, Trade, 76660.923, 75, P00, S00, 1
P00, Trade, 76666.135, 88, P00, B10, 1
P00, Trade, 76667.942, 87, P00, S11, 1
P00, Trade, 76675.885, 83, P00, B24, 1
P00, Trade, 76679.558, 74, P00, S03, 1
P00, Trade, 76682.192, 83, P00, B14, 1
P00, Trade, 76685.442, 79, P00, S14, 1
P00, Trade, 76690.365, 82, P00, B17, 1
P00, Trade, 76696.538, 74, P00, S10, 1
P00, Trade, 76698.327, 75, P00, B06, 1
P00, Trade, 76700.808, 77, P00, S12, 1
P00, Trade, 76703.904, 83, P00, B24, 1
P00, Trade, 76707.808, 83, P00, S04, 1
P00, Trade, 76709.558, 84, P00, B02, 1
P00, Trade, 76713.519, 76, P00, S13, 1
P00, Trade, 76718.654, 75, P00, B08, 1
P00, Trade, 76729.404, 75, P00, S01, 1
P00, Trade, 76740.212, 80, P00, B23, 1
P00, Trade, 76744.385, 73, P00, S05, 1
P00, Trade, 76749.673, 74, P00, B23, 1
P00, Trade, 76756.096, 74, P00, S15, 1
P00, Trade, 76761.885, 79, P00, B14, 1
P00, Trade, 76769.019, 80, P00, S04, 1
P00, Trade, 76783.788, 71, P00, B18, 1
P00, Trade, 76792.346, 75, P00, S17, 1
P00, Trade, 76798.519, 76, P00, B00, 1
P00, Trade, 76801.000, 73, P00, S14, 1
P00, Trade, 76806.019, 76, P00, B09, 1
P00, Trade, 76810.058, 76, P00, S04, 1
P00, Trade, 76818.154, 74, P00, B20, 1
P00, Trade, 76819.404, 71, P00, S22, 1
P00, Trade, 76827.000, 70, P00, B10, 1
P00, Trade, 76838.596, 71, P00, S15, 1
P00, Trade, 76842.404, 71, P00, B12, 1
P00, Trade, 76846.538, 69, P00, S23, 1
P00, Trade, 76852.692, 77, P00, B14, 1
P00, Trade, 76858.596, 68, P00, S10, 1
P00, Trade, 76866.115, 75, P00, B01, 1
P00, Trade, 76870.577, 73, P00, S09, 1
P00, Trade, 76879.692, 76, P00, B00, 1
P00, Trade, 76883.885, 70, P00, S15, 1
P00, Trade, 76885.750, 74, P00, B09, 1
P00, Trade, 76888.615, 71, P00, S10, 1
P00, Trade, 76892.865, 73, P00, B08, 1
P00, Trade, 76893.654, 69, P00, S06, 1
P00, Trade, 76899.308, 71, P00, B03, 1
P00, Trade, 76906.750, 68, P00, S20, 1
P00, Trade, 76907.788, 75, P00, B18, 1
P00, Trade, 76917.135, 71, P00, S03, 1
P00, Trade, 76920.981, 77, B13, P00, 1
P00, Trade, 76923.538, 74, P00, S10, 1
P00, Trade, 76934.769, 75, P00, B11, 1
P00, Trade, 76936.827, 68, P00, S11, 1
P00, Trade, 76938.942, 76, B01, P00, 1
P00, Trade, 76940.212, 73, P00, S04, 1
P00, Trade, 76947.154, 75, P00, B08, 1
P00, Trade, 76949.173, 73, P00, S10, 1
P00, Trade, 76959.135, 76, P00, B19, 1
P00, Trade, 76960.731, 75, P00, S08, 1
P00, Trade, 76961.673, 76, P00, B11, 1
P00, Trade, 76965.385, 69, P00, S18, 1
P00, Trade, 76968.885, 64, P00, B08, 1
P00, Trade, 76971.577, 71, P00, S10, 1
P00, Trade, 76980.096, 72, P00, B01, 1
P00, Trade, 76982.058, 70, P00, S13, 1
P00, Trade, 76990.135, 76, P00, B24, 1
P00, Trade, 76994.038, 74, P00, S17, 1
P00, Trade, 76997.673, 78, P00, B11, 1
P00, Trade, 77001.750, 67, P00, S09, 1
P00, Trade, 77004.058, 72, P00, B08, 1
P00, Trade, 77007.000, 68, P00, S00, 1
P00, Trade, 77012.250, 78, P00, B06, 1
P00, Trade, 77015.154, 77, P00, S19, 1
P00, Trade, 77022.808, 72, P00, B19, 1
P00, Trade, 77034.404, 69, P00, S14, 1
P00, Trade, 77038.192, 74, P00, B12, 1
P00, Trade, 77040.635, 69, P00, S15, 1
P00, Trade, 77044.135, 78, P00, B15, 1
P00, Trade, 77051.038, 67, P00, S22, 1
P00, Trade, 77054.365, 71, P00, B14, 1
P00, Trade, 77057.212, 72, P00, S01, 1
P00, Trade, 77060.327, 74, P00, B11, 1
P00, Trade, 77062.769, 69, P00, S16, 1
P00, Trade, 77065.115, 70, P00, B09, 1
P00, Trade, 77067.058, 70, P00, S17, 1
P00, Trade, 77072.846, 77, P00, B18, 1
P00, Trade, 77075.481, 75, P00, S01, 1
P00, Trade, 77077.731, 77, P00, B07, 1
P00, Trade, 77079.923, 73, P00, S09, 1
P00, Trade, 77082.788, 77, P00, B23, 1
P00, Trade, 77083.558, 69, P00, S16, 1
P00, Trade, 77087.231, 75, P00, B09, 1
P00, Trade, 77093.308, 69, P00, S15, 1
P00, Trade, 77099.577, 78, P00, B10, 1
P00, Trade, 77103.250, 78, P00, S06, 1
P00, Trade, 77120.288, 78, P00, B12, 1
P00, Trade, 77121.135, 76, P00, S03, 1
P00, Trade, 77125.327, 77, P00, B13, 1
P00, Trade, 77133.904, 74, P00, S02, 1
P00, Trade, 77137.596, 77, P00, B18, 1
P00, Trade, 77142.019, 72, P00, S14, 1
P00, Trade, 77147.962, 77, P00, B08, 1
P00, Trade, 77151.596, 71, P00, S02, 1
P00, Trade, 77155.923, 75, P00, B09, 1
P00, Trade, 77159.615, 72, P00, S07, 1
P00, Trade, 77164.269, 74, P00, B17, 1
P00, Trade, 77171.058, 70, P00, S08, 1
P00, Trade, 77173.577, 72, P00, B15, 1
P00, Trade, 77177.115, 69, P00, S15, 1
P00, Trade, 77184.096, 80, P00, B01, 1
P00, Trade, 77188.135, 70, P00, S15, 1
P00, Trade, 77197.038, 77, P00, B01, 1
P00, Trade, 77198.135, 70, P00, S20, 1
P00, Trade, 77202.058, 68, P00, B14, 1
P00, Trade, 77206.481, 66, P00, S14, 1
P00, Trade, 77207.346, 69, P00, B09, 1
P00, Trade, 77208.481, 67, P00, S22, 1
P00, Trade, 77216.154, 74, P00, B04, 1
P00, Trade, 77220.308, 77, P00, S03, 1
P00, Trade, 77228.096, 76, P00, B01, 1
P00, Trade, 77233.692, 72, P00, S15, 1
P00, Trade, 77239.154, 69, P00, B22, 1
P00, Trade, 77242.500, 67, P00, S21, 1
P00, Trade, 77245.462, 69, P00, B10, 1
P00, Trade, 77253.558, 75, P00, S22, 1
P00, Trade, 77260.346, 72, P00, B24, 1
P00, Trade, 77264.000, 69, P00, S24, 1
P00, Trade, 77265.500, 71, P00, B23, 1
P00, Trade, 77268.308, 71, P00, S01, 1
P00, Trade, 77271.038, 71, P00, B02, 1
P00, Trade, 77274.481, 69, P00, S07, 1
P00, Trade, 77280.788, 71, P00, B22, 1
P00, Trade, 77286.712, 72, P00, S19, 1
P00, Trade, 77290.577, 75, P00, B12, 1
P00, Trade, 77292.192, 71, P00, S10, 1
P00, Trade, 77300.231, 81, B17, P00, 1
P00, Trade, 77302.750, 67, P00, S14, 1
P00, Trade, 77316.885, 68, P00, B01, 1
P00, Trade, 77321.673, 67, P00, S18, 1
P00, Trade, 77326.731, 76, P00, B10, 1
P00, Trade, 77329.365, 76, P00, S03, 1
P00, Trade, 77331.346, 78, P00, B03, 1
P00, Trade, 77339.827, 73, P00, S19, 1
P00, Trade, 77346.712, 75, P00, B12, 1
P00, Trade, 77355.808, 73, P00, S07, 1
P00, Trade, 77364.000, 73, P00, B11, 1
P00, Trade, 77369.577, 71, P00, S07, 1
P00, Trade, 77371.769, 73, P00, B19, 1
P00, Trade, 77373.962, 72, P00, S15, 1
P00, Trade, 77376.673, 77, P00, B20, 1
P00, Trade, 77380.519, 77, P00, S16, 1
P00, Trade, 77389.096, 71, P00, B10, 1
P00, Trade, 77392.942, 74, P00, S16, 1
P00, Trade, 77398.115, 75, P00, B10, 1
P00, Trade, 77404.519, 73, P00, S10, 1
P00, Trade, 77406.558, 78, P00, B09, 1
P00, Trade, 77409.269, 73, P00, S03, 1
P00, Trade, 77420.212, 77, P00, B03, 1
P00, Trade, 77423.942, 71, P00, S05, 1
P00, Trade, 77431.231, 70, P00, B12, 1
P00, Trade, 77438.885, 68, P00, S00, 1
P00, Trade, 77441.231, 68, P00, B08, 1
P00, Trade, 77450.154, 77, P00, S04, 1
P00, Trade, 77454.558, 78, P00, B11, 1
P00, Trade, 77457.269, 81, P00, S13, 1
P00, Trade, 77465.635, 82, P00, B01, 1
P00, Trade, 77467.212, 79, P00, S10, 1
P00, Trade, 77472.808, 72, P00, B13, 1
P00, Trade, 77474.558, 70, P00, S16, 1
P00, Trade, 77483.192, 76, P00, B07, 1
P00, Trade, 77488.346, 73, P00, S12, 1
P00, Trade, 77497.654, 77, P00, B12, 1
P00, Trade, 77507.346, 71, P00, S21, 1
P00, Trade, 77514.942, 79, P00, B09, 1
P00, Trade, 77516.231, 75, P00, S20, 1
P00, Trade, 77525.096, 75, P00, B10, 1
P00, Trade, 77530.365, 75, P00, S00, 1
P00, Trade, 77532.404, 76, P00, B14, 1
P00, Trade, 77534.327, 75, P00, S19, 1
P00, Trade, 77540.173, 77, P00, B10, 1
P00, Trade, 77541.904, 78, P00, S18, 1
P00, Trade, 77547.462, 82, P00, B03, 1
P00, Trade, 77548.231, 76, P00, S04, 1
P00, Trade, 77554.962, 71, P00, B11, 1
P00, Trade, 77557.365, 68, P00, S13, 1
P00, Trade, 77560.750, 70, P00, B03, 1
P00, Trade, 77568.154, 74, P00, S10, 1
P00, Trade, 77571.192, 76, P00, B12, 1
P00, Trade, 77571.942, 75, P00, S02, 1
P00, Trade, 77589.346, 83, P00, B22, 1
P00, Trade, 77594.904, 76, P00, S15, 1
P00, Trade, 77600.519, 77, P00, B18, 1
P00, Trade, 77605.231, 73, P00, S15, 1
P00, Trade, 77615.712, 71, P00, B07, 1
P00, Trade, 77621.154, 74, P00, S20, 1
P00, Trade, 77625.077, 73, P00, B24, 1
P00, Trade, 77634.865, 76, P00, S11, 1
P00, Trade, 77647.346, 77, P00, B01, 1
P00, Trade, 77648.346, 72, P00, S11, 1
P00, Trade, 77655.077, 75, P00, B24, 1
P00, Trade, 77659.692, 76, P00, S20, 1
P00, Trade, 77663.962, 79, P00, B01, 1
P00, Trade, 77672.769, 77, P00, S06, 1
P00, Trade, 77675.750, 76, P00, B22, 1
P00, Trade, 77680.788, 71, P00, S18, 1
P00, Trade, 77682.923, 78, P00, B11, 1
P00, Trade, 77687.346, 71, P00, S19, 1
P00, Trade, 77693.750, 72, P00, B20, 1
P00, Trade, 77696.981, 73, P00, S10, 1
P00, Trade, 77703.827, 73, P00, B11, 1
P00, Trade, 77710.269, 76, P00, S10, 1
P00, Trade, 77721.327, 71, P00, B22, 1
P00, Trade, 77724.462, 68, P00, S22, 1
P00, Trade, 77729.231, 68, P00, B01, 1
P00, Trade, 77732.423, 65, P00, S07, 1
P00, Trade, 77737.923, 73, P00, B16, 1
P00, Trade, 77741.115, 70, P00, S19, 1
P00, Trade, 77745.096, 65, P00, B02, 1
P00, Trade, 77751.769, 70, P00, S07, 1
P00, Trade, 77755.654, 82, P00, B24, 1
P00, Trade, 77757.404, 76, P00, S09, 1
P00, Trade, 77761.596, 72, P00, B01, 1
P00, Trade, 77764.519, 73, P00, S14, 1
P00, Trade, 77773.577, 71, P00, B01, 1
P00, Trade, 77781.635, 70, P00, S16, 1
P00, Trade, 77784.923, 76, P00, B07, 1
P00, Trade, 77786.923, 74, P00, S04, 1
P00, Trade, 77788.365, 77, P00, B00, 1
P00, Trade, 77794.769, 72, P00, S22, 1
P00, Trade, 77803.692, 74, P00, B14, 1
P00, Trade, 77806.173, 72, P00, S15, 1
P00, Trade, 77815.769, 73, P00, B01, 1
P00, Trade, 77819.769, 67, P00, S03, 1
P00, Trade, 77828.596, 70, P00, B09, 1
P00, Trade, 77831.635, 73, P00, S10, 1
P00, Trade, 77835.788, 74, B05, P00, 1
P00, Trade, 77839.519, 74, P00, S15, 1
P00, Trade, 77842.269, 72, P00, B16, 1
P00, Trade, 77845.115, 71, P00, S00, 1
P00, Trade, 77850.077, 75, P00, B02, 1
P00, Trade, 77855.904, 70, P00, S17, 1
P00, Trade, 77861.942, 70, P00, B18, 1
P00, Trade, 77867.442, 67, P00, S01, 1
P00, Trade, 77874.538, 71, P00, B17, 1
P00, Trade, 77877.904, 74, P00, S05, 1
P00, Trade, 77882.038, 70, P00, B15, 1
P00, Trade, 77887.692, 81, P00, S01, 1
P00, Trade, 77894.019, 75, P00, B15, 1
P00, Trade, 77901.346, 74, P00, S09, 1
P00, Trade, 77904.173, 78, P00, B17, 1
P00, Trade, 77912.462, 69, P00, S11, 1
P00, Trade, 77915.231, 71, P00, B11, 1
P00, Trade, 77919.846, 70, P00, S16, 1
P00, Trade, 77923.538, 70, P00, B15, 1
P00, Trade, 77926.615, 69, P00, S10, 1
P00, Trade, 77930.115, 74, P00, B23, 1
P00, Trade, 77937.615, 72, P00, S23, 1
P00, Trade, 77941.423, 69, P00, B16, 1
P00, Trade, 77947.288, 73, P00, S14, 1
P00, Trade, 77956.731, 70, P00, B18, 1
P00, Trade, 77959.269, 67, P00, S15, 1
P00, Trade, 77960.385, 70, P00, B00, 1
P00, Trade, 77967.288, 70, P00, S23, 1
P00, Trade, 77972.308, 71, P00, B02, 1
P00, Trade, 77973.692, 69, P00, S17, 1
P00, Trade, 77977.596, 71, P00, B12, 1
P00, Trade, 77989.981, 71, P00, S21, 1
P00, Trade, 77993.635, 74, P00, B23, 1
P00, Trade, 77998.712, 73, P00, S21, 1
P00, Trade, 78001.288, 74, P00, B12, 1
P00, Trade, 78006.846, 73, P00, S04, 1
P00, Trade, 78008.846, 74, P00, B00, 1
P00, Trade, 78014.904, 73, P00, S03, 1
P00, Trade, 78022.115, 78, P00, B22, 1
P00, Trade, 78023.038, 75, P00, S14, 1
P00, Trade, 78032.769, 70, P00, B20, 1
P00, Trade, 78044.577, 66, P00, S04, 1
P00, Trade, 78048.212, 73, P00, B03, 1
P00, Trade, 78051.365, 71, P00, S16, 1
P00, Trade, 78054.615, 76, P00, B00, 1
P00, Trade, 78055.500, 69, P00, S22, 1
P00, Trade, 78065.923, 71, P00, B14, 1
P00, Trade, 78067.481, 76, P00, S07, 1
P00, Trade, 78075.962, 73, P00, B24, 1
P00, Trade, 78077.942, 80, P00, S00, 1
P00, Trade, 78083.154, 82, P00, B01, 1
P00, Trade, 78087.596, 73, P00, S06, 1
P00, Trade, 78090.519, 69, P00, B13, 1
P00, Trade, 78097.019, 69, P00, S19, 1
P00, Trade, 78104.019, 76, P00, B03, 1
P00, Trade, 78106.077, 70, P00, S03, 1
P00, Trade, 78113.481, 78, P00, B12, 1
P00, Trade, 78120.038, 73, P00, S00, 1
P00, Trade, 78127.692, 73, P00, B17, 1
P00, Trade, 78141.212, 67, P00, S08, 1
P00, Trade, 78143.212, 68, P00, B08, 1
P00, Trade, 78148.154, 71, P00, S07, 1
P00, Trade, 78150.019, 79, P00, B16, 1
P00, Trade, 78151.365, 74, P00, S10, 1
P00, Trade, 78162.827, 74, P00, B11, 1
P00, Trade, 78165.750, 72, P00, S04, 1
P00, Trade, 78168.000, 73, P00, B22, 1
P00, Trade, 78172.865, 72, P00, S06, 1
P00, Trade, 78175.962, 71, P00, B11, 1
P00, Trade, 78182.635, 68, P00, S07, 1
P00, Trade, 78186.058, 73, P00, B22, 1
P00, Trade, 78193.288, 73, P00, S18, 1
P00, Trade, 78202.827, 73, P00, B22, 1
P00, Trade, 78218.692, 122, P00, S23, 1
P00, Trade, 78224.019, 124, P00, B19, 1
P00, Trade, 78237.038, 121, P00, S08, 1
P00, Trade, 78240.000, 121, P00, B19, 1
P00, Trade, 78243.308, 124, P00, S21, 1
P00, Trade, 78249.808, 123, P00, B21, 1
P00, Trade, 78251.942, 118, P00, S09, 1
P00, Trade, 78258.192, 120, P00, B19, 1
P00, Trade, 78262.808, 123, P00, S13, 1
P00, Trade, 78265.885, 127, P00, B09, 1
P00, Trade, 78268.212, 119, P00, S23, 1
P00, Trade, 78272.558, 125, P00, B19, 1
P00, Trade, 78274.731, 120, P00, S01, 1
P00, Trade, 78278.481, 120, P00, B16, 1
P00, Trade, 78287.885, 121, P00, S18, 1
P00, Trade, 78288.865, 129, P00, B02, 1
P00, Trade, 78294.327, 129, P00, S22, 1
P00, Trade, 78298.885, 129, P00, B18, 1
P00, Trade, 78301.250, 127, P00, S15, 1
P00, Trade, 78305.904, 127, P00, B15, 1
P00, Trade, 78307.481, 125, P00, S04, 1
P00, Trade, 78312.404, 127, P00, B10, 1
P00, Trade, 78317.096, 122, P00, S03, 1
P00, Trade, 78324.481, 122, P00, B13, 1
P00, Trade, 78331.673, 123, P00, S10, 1
P00, Trade, 78336.135, 124, P00, B00, 1
P00, Trade, 78340.365, 123, P00, S06, 1
P00, Trade, 78343.135, 127, P00, B20, 1
P00, Trade, 78346.923, 123, P00, S15, 1
P00, Trade, 78357.308, 127, P00, B00, 1
P00, Trade, 78358.885, 124, P00, S01, 1
P00, Trade, 78363.904, 125, P00, B24, 1
P00, Trade, 78372.365, 133, P00, S06, 1
P00, Trade, 78378.827, 129, P00, B07, 1
P00, Trade, 78390.500, 126, P00, S11, 1
P00, Trade, 78401.673, 122, P00, B14, 1
P00, Trade, 78406.231, 125, P00, S02, 1
P00, Trade, 78416.000, 125, P00, B20, 1
P00, Trade, 78421.692, 124, P00, S01, 1
P00, Trade, 78426.365, 125, P00, B15, 1
P00, Trade, 78432.308, 147, P00, S16, 1
P00, Trade, 78448.923, 121, P00, B03, 1
P00, Trade, 78453.173, 126, P00, S06, 1
P00, Trade, 78458.019, 131, P00, B08, 1
P00, Trade, 78463.192, 126, P00, S10, 1
P00, Trade, 78467.115, 128, P00, B11, 1
P00, Trade, 78469.154, 127, P00, S05, 1
P00, Trade, 78476.038, 126, P00, B18, 1
P00, Trade, 78478.135, 121, P00, S19, 1
P00, Trade, 78482.846, 122, P00, B17, 1
P00, Trade, 78490.154, 127, P00, S21, 1
P00, Trade, 78495.192, 133, P00, B00, 1
P00, Trade, 78500.442, 125, P00, S08, 1
P00, Trade, 78505.423, 128, P00, B12, 1
P00, Trade, 78513.462, 119, P00, S15, 1
P00, Trade, 78518.692, 130, P00, B19, 1
P00, Trade, 78521.654, 126, P00, S20, 1
P00, Trade, 78527.000, 131, P00, B05, 1
P00, Trade, 78533.288, 130, P00, S07, 1
P00, Trade, 78537.500, 128, P00, B06, 1
P00, Trade, 78541.731, 122, P00, S08, 1
P00, Trade, 78544.827, 123, P00, B01, 1
P00, Trade, 78548.923, 127, P00, S17, 1
P00, Trade, 78553.615, 125, P00, B11, 1
P00, Trade, 78555.577, 131, P00, S09, 1
P00, Trade, 78560.269, 123, P00, B23, 1
P00, Trade, 78567.308, 126, P00, S23, 1
P00, Trade, 78569.692, 128, P00, B07, 1
P00, Trade, 78571.750, 125, P00, S14, 1
P00, Trade, 78583.885, 121, P00, B16, 1
P00, Trade, 78586.731, 120, P00, S16, 1
P00, Trade, 78589.615, 127, P00, B14, 1
P00, Trade, 78594.538, 118, P00, S19, 1
P00, Trade, 78606.769, 117, P00, B20, 1
P00, Trade, 78612.250, 121, P00, S05, 1
P00, Trade, 78622.462, 122, P00, B13, 1
P00, Trade, 78625.231, 122, P00, S11, 1
P00, Trade, 78632.500, 121, P00, B17, 1
P00, Trade, 78637.846, 126, P00, S09, 1
P00, Trade, 78647.962, 120, P00, B02, 1
P00, Trade, 78656.731, 121, P00, S14, 1
P00, Trade, 78663.154, 125, P00, B17, 1
P00, Trade, 78664.346, 115, P00, S22, 1
P00, Trade, 78667.231, 115, P00, B11, 1
P00, Trade, 78672.750, 121, P00, S04, 1
P00, Trade, 78679.731, 123, P00, B16, 1
P00, Trade, 78684.731, 121, P00, S17, 1
P00, Trade, 78691.538, 117, P00, B23, 1
P00, Trade, 78694.019, 115, P00, S24, 1
P00, Trade, 78701.596, 117, P00, B24, 1
P00, Trade, 78707.731, 119, P00, S08, 1
P00, Trade, 78709.615, 121, P00, B23, 1
P00, Trade, 78713.942, 120, P00, S07, 1
P00, Trade, 78720.654, 122, P00, B12, 1
P00, Trade, 78730.192, 123, P00, S15, 1
P00, Trade, 78732.962, 123, P00, B20, 1
P00, Trade, 78741.615, 121, P00, S18, 1
P00, Trade, 78745.673, 122, P00, B20, 1
P00, Trade, 78755.596, 123, P00, S16, 1
P00, Trade, 78759.885, 125, P00, B01, 1
P00, Trade, 78766.923, 122, P00, S06, 1
P00, Trade, 78769.538, 125, P00, B14, 1
P00, Trade, 78775.808, 123, P00, S19, 1
P00, Trade, 78783.269, 120, P00, B12, 1
P00, Trade, 78788.827, 118, P00, S20, 1
P00, Trade, 78797.538, 119, P00, B01, 1
P00, Trade, 78800.462, 116, P00, S13, 1
P00, Trade, 78801.135, 117, P00, B18, 1
P00, Trade, 78806.442, 119, P00, S19, 1
P00, Trade, 78813.519, 120, P00, B07, 1
P00, Trade, 78814.827, 119, P00, S21, 1
P00, Trade, 78819.269, 121, P00, B17, 1
P00, Trade, 78820.212, 116, P00, S09, 1
P00, Trade, 78825.269, 120, P00, B01, 1
P00, Trade, 78827.577, 117, P00, S10, 1
P00, Trade, 78833.558, 123, P00, B08, 1
P00, Trade, 78836.846, 114, P00, S06, 1
P00, Trade, 78838.038, 119, P00, B11, 1
P00, Trade, 78841.654, 119, P00, S04, 1
P00, Trade, 78844.250, 122, P00, B09, 1
P00, Trade, 78844.615, 119, P00, S00, 1
P00, Trade, 78852.462, 122, P00, B17, 1
P00, Trade, 78865.288, 118, P00, S00, 1
P00, Trade, 78873.538, 123, P00, B10, 1
P00, Trade, 78882.788, 122, P00, S16, 1
P00, Trade, 78882.904, 124, P00, B12, 1
P00, Trade, 78884.615, 121, P00, S10, 1
P00, Trade, 78891.154, 119, P00, B05, 1
P00, Trade, 78899.577, 124, P00, S17, 1
P00, Trade, 78903.327, 123, P00, B19, 1
P00, Trade, 78904.519, 124, P00, S00, 1
P00, Trade, 78910.538, 122, P00, B07, 1
P00, Trade, 78912.288, 121, P00, S01, 1
P00, Trade, 78917.827, 125, P00, B18, 1
P00, Trade, 78920.942, 121, P00, S19, 1
P00, Trade, 78924.269, 122, P00, B23, 1
P00, Trade, 78926.808, 115, P00, S14, 1
P00, Trade, 78929.673, 122, P00, B14, 1
P00, Trade, 78935.788, 121, P00, S00, 1
P00, Trade, 78940.269, 125, P00, B13, 1
P00, Trade, 78943.423, 119, P00, S14, 1
P00, Trade, 78945.423, 126, P00, B01, 1
P00, Trade, 78949.673, 124, P00, S15, 1
P00, Trade, 78952.173, 126, P00, B03, 1
P00, Trade, 78959.038, 125, P00, S16, 1
P00, Trade, 78972.058, 118, P00, B14, 1
P00, Trade, 78976.788, 118, P00, S24, 1
P00, Trade, 78979.404, 119, P00, B09, 1
P00, Trade, 78980.500, 115, P00, S00, 1
P00, Trade, 78988.000, 118, P00, B20, 1
P00, Trade, 78996.269, 122, P00, S14, 1
P00, Trade, 79002.885, 122, P00, B23, 1
P00, Trade, 79006.808, 126, P00, S22, 1
P00, Trade, 79014.327, 129, P00, B18, 1
P00, Trade, 79021.308, 123, P00, S17, 1
P00, Trade, 79027.327, 121, P00, B10, 1
P00, Trade, 79035.635, 117, P00, S17, 1
P00, Trade, 79038.385, 117, P00, B07, 1
P00, Trade, 79040.462, 117, P00, S02, 1
P00, Trade, 79049.308, 120, P00, B14, 1
P00, Trade, 79055.654, 122, P00, S24, 1
P00, Trade, 79060.519, 122, P00, B08, 1
P00, Trade, 79067.327, 117, P00, S08, 1
P00, Trade, 79071.154, 117, P00, B13, 1
P00, Trade, 79081.288, 114, P00, S14, 1
P00, Trade, 79095.346, 123, P00, B22, 1
P00, Trade, 79098.827, 119, P00, S03, 1
P00, Trade, 79104.250, 122, P00, B17, 1
P00, Trade, 79110.654, 121, P00, S09, 1
P00, Trade, 79119.519, 120, P00, B21, 1
P00, Trade, 79127.558, 119, P00, S16, 1
P00, Trade, 79131.481, 120, P00, B20, 1
P00, Trade, 79139.885, 114, P00, S04, 1
P00, Trade, 79143.442, 120, P00, B01, 1
P00, Trade, 79148.750, 122, P00, S10, 1
P00, Trade, 79153.712, 134, P00, B02, 1
P00, Trade, 79159.731, 120, P00, S00, 1
P00, Trade, 79160.635, 122, P00, B22, 1
P00, Trade, 79173.654, 119, P00, S15, 1
P00, Trade, 79177.712, 118, P00, B23, 1
P00, Trade, 79181.385, 117, P00, S07, 1
P00, Trade, 79183.019, 118, P00, B11, 1
P00, Trade, 79189.750, 113, P00, S15, 1
P00, Trade, 79199.077, 123, P00, B17, 1
P00, Trade, 79203.308, 119, P00, S13, 1
P00, Trade, 79211.981, 113, P00, B10, 1
P00, Trade, 79215.942, 116, P00, S16, 1
P00, Trade, 79220.000, 118, P00, B19, 1
P00, Trade, 79229.135, 118, P00, S19, 1
P00, Trade, 79232.096, 116, P00, B10, 1
P00, Trade, 79241.077, 109, P00, S13, 1
P00, Trade, 79243.519, 108, P00, B24, 1
P00, Trade, 79248.846, 110, P00, S04, 1
P00, Trade, 79251.077, 112, P00, B13, 1
P00, Trade, 79256.654, 114, P00, S04, 1
P00, Trade, 79257.731, 115, P00, B02, 1
P00, Trade, 79261.154, 113, P00, S13, 1
P00, Trade, 79269.096, 112, P00, B16, 1
P00, Trade, 79275.865, 118, P00, S12, 1
P00, Trade, 79276.885, 121, P00, B09, 1
P00, Trade, 79284.827, 120, P00, S15, 1
P00, Trade, 79293.077, 120, P00, B00, 1
P00, Trade, 79296.327, 111, P00, S23, 1
P00, Trade, 79302.308, 115, P00, B17, 1
P00, Trade, 79308.000, 116, P00, S18, 1
P00, Trade, 79310.712, 119, P00, B15, 1
P00, Trade, 79314.269, 118, P00, S17, 1
P00, Trade, 79317.865, 114, P00, B05, 1
P00, Trade, 79320.942, 117, P00, S15, 1
P00, Trade, 79326.923, 116, P00, B23, 1
P00, Trade, 79329.231, 117, P00, S14, 1
P00, Trade, 79330.462, 118, P00, B19, 1
P00, Trade, 79331.712, 115, P00, S07, 1
P00, Trade, 79332.173, 116, P00, B09, 1
P00, Trade, 79334.615, 114, P00, S10, 1
P00, Trade, 79336.385, 115, P00, B21, 1
P00, Trade, 79340.135, 116, P00, S22, 1
P00, Trade, 79341.115, 117, P00, B15, 1
P00, Trade, 79345.038, 116, P00, S22, 1
P00, Trade, 79348.058, 119, P00, B20, 1
P00, Trade, 79351.635, 126, P00, S17, 1
P00, Trade, 79354.173, 127, P00, B12, 1
P00, Trade, 79356.635, 139, P00, S16, 1
P00, Trade, 79371.000, 117, P00, B22, 1
P00, Trade, 79373.538, 114, P00, S03, 1
P00, Trade, 79375.385, 114, P00, B00, 1
P00, Trade, 79376.962, 112, P00, S02, 1
P00, Trade, 79377.673, 113, P00, B05, 1
P00, Trade, 79380.885, 117, P00, S06, 1
P00, Trade, 79383.712, 116, P00, B12, 1
P00, Trade, 79387.635, 116, P00, S04, 1
P00, Trade, 79396.885, 118, P00, B14, 1
P00, Trade, 79403.269, 116, P00, S10, 1
P00, Trade, 79405.750, 116, P00, B01, 1
P00, Trade, 79407.865, 111, P00, S04, 1
P00, Trade, 79414.192, 121, P00, B02, 1
P00, Trade, 79418.558, 114, P00, S09, 1
P00, Trade, 79422.058, 114, P00, B20, 1
P00, Trade, 79426.788, 118, P00, S09, 1
P00, Trade, 79434.558, 116, P00, B03, 1
P00, Trade, 79439.250, 118, P00, S20, 1
P00, Trade, 79445.077, 122, P00, B16, 1
P00, Trade, 79447.962, 112, P00, S08, 1
P00, Trade, 79449.058, 112, P00, B20, 1
P00, Trade, 79456.038, 114, P00, S10, 1
P00, Trade, 79460.250, 121, P00, B11, 1
P00, Trade, 79463.423, 116, P00, S06, 1
P00, Trade, 79469.500, 121, P00, B09, 1
P00, Trade, 79471.423, 116, P00, S00, 1
P00, Trade, 79476.462, 113, P00, B06, 1
P00, Trade, 79485.615, 118, P00, S16, 1
P00, Trade, 79487.462, 121, P00, B23, 1
P00, Trade, 79492.904, 119, P00, S01, 1
P00, Trade, 79495.115, 122, P00, B12, 1
P00, Trade, 79498.192, 123, P00, S22, 1
P00, Trade, 79507.788, 119, P00, B24, 1
P00, Trade, 79511.000, 118, P00, S03, 1
P00, Trade, 79513.442, 120, B05, P00, 1
P00, Trade, 79514.288, 121, P00, S08, 1
P00, Trade, 79524.788, 112, P00, B23, 1
P00, Trade, 79531.212, 107, P00, S06, 1
P00, Trade, 79535.788, 114, P00, B24, 1
P00, Trade, 79538.615, 112, P00, S15, 1
P00, Trade, 79548.519, 113, P00, B02, 1
P00, Trade, 79551.346, 114, P00, S00, 1
P00, Trade, 79554.365, 126, P00, B13, 1
P00, Trade, 79557.865, 118, P00, S04, 1
P00, Trade, 79560.904, 120, P00, B10, 1
P00, Trade, 79562.154, 117, P00, S15, 1
P00, Trade, 79570.769, 119, P00, B11, 1
P00, Trade, 79573.885, 115, P00, S16, 1
P00, Trade, 79574.654, 119, P00, B22, 1
P00, Trade, 79580.981, 112, P00, S10, 1
P00, Trade, 79591.077, 115, P00, B08, 1
P00, Trade, 79594.750, 114, P00, S08, 1
P00, Trade, 79595.538, 115, P00, B06, 1
P00, Trade, 79597.712, 115, P00, S07, 1
P00, Trade, 79605.635, 116, P00, B06, 1
P00, Trade, 79616.250, 115, P00, S10, 1
P00, Trade, 79623.019, 108, P00, B09, 1
P00, Trade, 79628.365, 113, P00, S22, 1
P00, Trade, 79637.327, 121, P00, B12, 1
P00, Trade, 79639.192, 109, P00, S09, 1
P00, Trade, 79641.231, 114, P00, B17, 1
P00, Trade, 79651.115, 112, P00, S15, 1
P00, Trade, 79654.385, 124, P00, B09, 1
P00, Trade, 79656.288, 119, S16, P00, 1
P00, Trade, 79662.577, 118, P00, B16, 1
P00, Trade, 79677.731, 114, P00, S20, 1
P00, Trade, 79679.231, 119, P00, B09, 1
P00, Trade, 79689.865, 116, P00, S01, 1
P00, Trade, 79694.173, 118, P00, B01, 1
P00, Trade, 79701.519, 118, P00, S09, 1
P00, Trade, 79710.077, 121, P00, B17, 1
P00, Trade, 79711.423, 118, S03, P00, 1
P00, Trade, 79712.596, 117, P00, B04, 1
P00, Trade, 79722.942, 114, P00, S03, 1
P00, Trade, 79725.000, 116, P00, B17, 1
P00, Trade, 79729.558, 113, P00, S17, 1
P00, Trade, 79732.942, 112, P00, B24, 1
P00, Trade, 79735.404, 112, P00, S08, 1
P00, Trade, 79738.250, 111, P00, B04, 1
P00, Trade, 79743.462, 118, P00, S02, 1
P00, Trade, 79745.135, 119, P00, B01, 1
P00, Trade, 79761.173, 121, P00, S17, 1
P00, Trade, 79762.615, 122, P00, B01, 1
P00, Trade, 79772.712, 115, P00, S07, 1
P00, Trade, 79773.981, 116, P00, B20, 1
P00, Trade, 79783.385, 117, P00, S11, 1
P00, Trade, 79789.462, 117, P00, B01, 1
P00, Trade, 79794.231, 117, P00, S09, 1
P00, Trade, 79801.769, 120, P00, B03, 1
P00, Trade, 79806.385, 108, P00, S17, 1
P00, Trade, 79810.096, 112, P00, B22, 1
P00, Trade, 79815.423, 109, P00, S00, 1
P00, Trade, 79816.673, 114, P00, B13, 1
P00, Trade, 79822.923, 115, P00, S07, 1
P00, Trade, 79827.596, 116, P00, B03, 1
P00, Trade, 79834.404, 118, P00, S16, 1
P00, Trade, 79835.596, 118, P00, B02, 1
P00, Trade, 79838.154, 117, P00, S24, 1
P00, Trade, 79840.404, 117, P00, B24, 1
P00, Trade, 79845.519, 113, P00, S07, 1
P00, Trade, 79847.962, 115, P00, B20, 1
P00, Trade, 79849.769, 114, P00, S03, 1
P00, Trade, 79855.288, 110, P00, B03, 1
P00, Trade, 79857.423, 108, P00, S19, 1
P00, Trade, 79859.385, 110, P00, B12, 1
P00, Trade, 79863.481, 114, P00, S20, 1
P00, Trade, 79865.288, 116, P00, B21, 1
P00, Trade, 79873.500, 116, P00, S00, 1
P00, Trade, 79875.615, 115, P00, B23, 1
P00, Trade, 79881.615, 115, P00, S18, 1
P00, Trade, 79883.904, 124, P00, B12, 1
P00, Trade, 79888.577, 113, P00, S19, 1
P00, Trade, 79896.923, 111, P00, B22, 1
P00, Trade, 79906.654, 112, P00, S11, 1
P00, Trade, 79911.192, 114, P00, B13, 1
P00, Trade, 79917.481, 110, P00, S07, 1
P00, Trade, 79920.038, 114, P00, B12, 1
P00, Trade, 79921.346, 112, P00, S06, 1
P00, Trade, 79926.269, 114, P00, B24, 1
P00, Trade, 79934.269, 114, P00, S04, 1
P00, Trade, 79937.615, 122, P00, B24, 1
P00, Trade, 79944.019, 118, P00, S07, 1
P00, Trade, 79952.538, 113, P00, B12, 1
P00, Trade, 79954.731, 114, P00, S12, 1
P00, Trade, 79959.962, 121, P00, B14, 1
P00, Trade, 79962.808, 118, P00, S12, 1
P00, Trade, 79968.846, 115, P00, B19, 1
P00, Trade, 79975.558, 113, P00, S20, 1
P00, Trade, 79976.058, 114, P00, B23, 1
P00, Trade, 79980.308, 112, P00, S07, 1
P00, Trade, 79982.288, 114, P00, B01, 1
P00, Trade, 79987.500, 120, P00, S10, 1
P00, Trade, 79991.231, 119, P00, B03, 1
P00, Trade, 79999.750, 113, P00, S09, 1
P00, Trade, 80003.058, 119, P00, B04, 1
P00, Trade, 80004.500, 116, P00, S11, 1
P00, Trade, 80011.942, 117, P00, B01, 1
P00, Trade, 80012.288, 116, P00, S14, 1
P00, Trade, 80014.231, 121, P00, B08, 1
P00, Trade, 80021.250, 114, P00, S18, 1
P00, Trade, 80028.846, 115, P00, B03, 1
P00, Trade, 80037.192, 115, P00, S00, 1
P00, Trade, 80040.212, 122, P00, B05, 1
P00, Trade, 80041.865, 122, P00, S16, 1
P00, Trade, 80052.096, 116, P00, B12, 1
P00, Trade, 80054.269, 113, P00, S13, 1
P00, Trade, 80059.404, 111, P00, B20, 1
P00, Trade, 80066.250, 116, P00, S01, 1
P00, Trade, 80068.212, 119, P00, B22, 1
P00, Trade, 80070.750, 115, P00, S02, 1
P00, Trade, 80072.269, 115, P00, B05, 1
P00, Trade, 80073.500, 117, P00, S11, 1
P00, Trade, 80083.442, 116, P00, B01, 1
P00, Trade, 80084.462, 115, P00, S00, 1
P00, Trade, 80091.077, 116, P00, B19, 1
P00, Trade, 80098.327, 120, P00, S15, 1
P00, Trade, 80099.365, 121, P00, B15, 1
P00, Trade, 80103.808, 119, P00, S22, 1
P00, Trade, 80105.885, 120, P00, B10, 1
P00, Trade, 80108.000, 113, P00, S18, 1
P00, Trade, 80115.288, 124, P00, B01, 1
P00, Trade, 80116.250, 117, P00, S02, 1
P00, Trade, 80126.365, 116, P00, B18, 1
P00, Trade, 80129.404, 115, P00, S09, 1
P00, Trade, 80132.846, 116, P00, B02, 1
P00, Trade, 80135.000, 115, P00, S01, 1
P00, Trade, 80140.769, 121, P00, B23, 1
P00, Trade, 80142.519, 115, P00, S06, 1
P00, Trade, 80144.481, 118, P00, B12, 1
P00, Trade, 80148.000, 116, P00, S00, 1
P00, Trade, 80152.269, 116, P00, B16, 1
P00, Trade, 80157.788, 117, P00, S13, 1
P00, Trade, 80160.788, 116, B15, P00, 1
P00, Trade, 80167.500, 115, P00, S15, 1
P00, Trade, 80174.731, 116, P00, B12, 1
P00, Trade, 80181.288, 114, P00, S07, 1
P00, Trade, 80193.135, 119, P00, B07, 1
P00, Trade, 80196.462, 118, P00, S10, 1
P00, Trade, 80200.327, 119, P00, B24, 1
P00, Trade, 80200.981, 118, P00, S00, 1
P00, Trade, 80203.788, 123, B13, P00, 1
P00, Trade, 80205.173, 120, P00, S12, 1
P00, Trade, 80212.058, 124, P00, B20, 1
P00, Trade, 80215.019, 119, P00, S03, 1
P00, Trade, 80222.077, 116, P00, B01, 1
P00, Trade, 80224.885, 112, P00, S23, 1
P00, Trade, 80229.750, 114, P00, B23, 1
P00, Trade, 80234.538, 111, P00, S07, 1
P00, Trade, 80237.231, 113, P00, B00, 1
P00, Trade, 80244.673, 116, P00, S01, 1
P00, Trade, 80247.769, 116, P00, B12, 1
P00, Trade, 80250.192, 114, P00, S08, 1
P00, Trade, 80252.423, 117, P00, B24, 1
P00, Trade, 80258.019, 115, P00, S04, 1
P00, Trade, 80261.769, 115, P00, B01, 1
P00, Trade, 80263.596, 109, P00, S04, 1
P00, Trade, 80267.058, 118, P00, B07, 1
P00, Trade, 80271.519, 117, P00, S02, 1
P00, Trade, 80280.115, 119, P00, B04, 1
P00, Trade, 80283.981, 121, P00, S04, 1
P00, Trade, 80292.385, 120, P00, B23, 1
P00, Trade, 80295.231, 121, P00, S10, 1
P00, Trade, 80301.635, 117, P00, B11, 1
P00, Trade, 80303.135, 116, P00, S05, 1
P00, Trade, 80305.769, 118, P00, B20, 1
P00, Trade, 80309.288, 117, P00, S04, 1
P00, Trade, 80312.673, 118, P00, B07, 1
P00, Trade, 80317.596, 118, P00, S23, 1
P00, Trade, 80324.904, 120, P00, B09, 1
P00, Trade, 80332.135, 116, P00, S19, 1
P00, Trade, 80335.885, 118, P00, B12, 1
P00, Trade, 80339.038, 113, P00, S07, 1
P00, Trade, 80342.462, 120, P00, B01, 1
P00, Trade, 80345.692, 120, P00, S16, 1
P00, Trade, 80349.904, 123, P00, B20, 1
P00, Trade, 80353.654, 120, P00, S08, 1
P00, Trade, 80354.404, 118, P00, B11, 1
P00, Trade, 80357.673, 118, P00, S15, 1
P00, Trade, 80366.923, 116, P00, B17, 1
P00, Trade, 80376.423, 114, P00, S11, 1
P00, Trade, 80385.385, 121, P00, B19, 1
P00, Trade, 80389.096, 119, P00, S01, 1
P00, Trade, 80389.712, 121, P00, B24, 1
P00, Trade, 80391.596, 116, P00, S00, 1
P00, Trade, 80403.327, 114, P00, B23, 1
P00, Trade, 80405.212, 112, P00, S10, 1
P00, Trade, 80410.288, 119, P00, B11, 1
P00, Trade, 80413.750, 115, P00, S15, 1
P00, Trade, 80422.865, 114, P00, B18, 1
P00, Trade, 80426.904, 114, P00, S00, 1
P00, Trade, 80433.596, 116, P00, B08, 1
P00, Trade, 80436.365, 114, P00, S04, 1
P00, Trade, 80442.558, 118, P00, B18, 1
P00, Trade, 80447.615, 123, P00, S12, 1
P00, Trade, 80454.192, 121, B06, P00, 1
P00, Trade, 80456.192, 118, P00, S01, 1
P00, Trade, 80459.673, 124, P00, B16, 1
P00, Trade, 80465.885, 118, P00, S00, 1
P00, Trade, 80469.365, 115, P00, B08, 1
P00, Trade, 80480.673, 121, P00, S05, 1
P00, Trade, 80482.481, 120, P00, B02, 1
P00, Trade, 80488.904, 117, P00, S21, 1
P00, Trade, 80492.615, 120, P00, B03, 1
P00, Trade, 80497.635, 117, P00, S00, 1
P00, Trade, 80498.962, 120, P00, B18, 1
P00, Trade, 80505.846, 122, P00, S15, 1
P00, Trade, 80508.173, 123, P00, B13, 1
P00, Trade, 80510.250, 121, P00, S04, 1
P00, Trade, 80512.365, 122, P00, B01, 1
P00, Trade, 80515.288, 117, P00, S01, 1
P00, Trade, 80520.692, 122, P00, B11, 1
P00, Trade, 80526.058, 113, P00, S00, 1
P00, Trade, 80533.365, 111, P00, B07, 1
P00, Trade, 80536.904, 117, P00, S00, 1
P00, Trade, 80541.962, 120, P00, B20, 1
P00, Trade, 80548.615, 117, P00, S02, 1
P00, Trade, 80551.615, 118, P00, B09, 1
P00, Trade, 80555.808, 115, P00, S00, 1
P00, Trade, 80559.885, 119, P00, B23, 1
P00, Trade, 80561.769, 120, P00, S08, 1
P00, Trade, 80567.442, 124, P00, B08, 1
P00, Trade, 80575.558, 117, P00, S10, 1
P00, Trade, 80582.442, 123, P00, B16, 1
P00, Trade, 80586.346, 121, P00, S13, 1
P00, Trade, 80590.038, 120, P00, B22, 1
P00, Trade, 80591.615, 113, P00, S07, 1
P00, Trade, 80596.712, 120, P00, B18, 1
P00, Trade, 80600.058, 114, P00, S12, 1
P00, Trade, 80606.308, 121, P00, B12, 1
P00, Trade, 80610.519, 116, P00, S14, 1
P00, Trade, 80613.788, 119, P00, B19, 1
P00, Trade, 80618.019, 121, P00, S04, 1
P00, Trade, 80628.788, 119, P00, B09, 1
P00, Trade, 80634.904, 118, P00, S04, 1
P00, Trade, 80644.115, 118, P00, B10, 1
P00, Trade, 80645.404, 113, P00, S00, 1
P00, Trade, 80646.788, 114, P00, B22, 1
P00, Trade, 80652.615, 112, P00, S14, 1
P00, Trade, 80653.692, 113, P00, B19, 1
P00, Trade, 80658.019, 114, P00, S15, 1
P00, Trade, 80661.462, 116, P00, B07, 1
P00, Trade, 80665.538, 111, P00, S09, 1
P00, Trade, 80677.442, 126, P00, B01, 1
P00, Trade, 80679.250, 122, P00, S17, 1
P00, Trade, 80688.615, 105, P00, B18, 1
P00, Trade, 80693.654, 112, P00, S09, 1
P00, Trade, 80694.115, 115, P00, B13, 1
P00, Trade, 80700.404, 113, P00, S02, 1
P00, Trade, 80705.019, 115, P00, B09, 1
P00, Trade, 80706.212, 111, P00, S04, 1
P00, Trade, 80708.827, 112, P00, B08, 1
P00, Trade, 80710.212, 110, P00, S24, 1
P00, Trade, 80712.808, 112, P00, B00, 1
P00, Trade, 80718.635, 113, P00, S19, 1
P00, Trade, 80722.308, 117, P00, B17, 1
P00, Trade, 80725.423, 113, P00, S20, 1
P00, Trade, 80735.058, 116, P00, B01, 1
P00, Trade, 80738.327, 108, P00, S09, 1
P00, Trade, 80742.308, 111, P00, B21, 1
P00, Trade, 80744.865, 112, P00, S13, 1
P00, Trade, 80751.904, 115, P00, B07, 1
P00, Trade, 80753.942, 111, P00, S01, 1
P00, Trade, 80761.231, 119, P00, B02, 1
P00, Trade, 80762.481, 115, P00, S23, 1
P00, Trade, 80765.135, 118, P00, B20, 1
P00, Trade, 80767.269, 117, P00, S14, 1
P00, Trade, 80774.596, 115, P00, B02, 1
P00, Trade, 80778.115, 112, P00, S19, 1
P00, Trade, 80779.250, 114, P00, B14, 1
P00, Trade, 80781.346, 116, P00, S16, 1
P00, Trade, 80785.385, 119, P00, B22, 1
P00, Trade, 80785.788, 108, P00, S18, 1
P00, Trade, 80792.115, 109, P00, B00, 1
P00, Trade, 80795.038, 116, P00, S00, 1
P00, Trade, 80798.115, 116, P00, B08, 1
P00, Trade, 80799.827, 115, P00, S05, 1
P00, Trade, 80802.981, 116, P00, B09, 1
P00, Trade, 80807.596, 116, P00, S07, 1
P00, Trade, 80812.865, 109, P00, B22, 1
P00, Trade, 80818.212, 113, P00, S13, 1
P00, Trade, 80823.788, 116, P00, B17, 1
P00, Trade, 80829.135, 110, P00, S08, 1
P00, Trade, 80833.500, 113, P00, B07, 1
P00, Trade, 80838.327, 110, P00, S11, 1
P00, Trade, 80843.442, 118, P00, B20, 1
P00, Trade, 80851.673, 113, P00, S23, 1
P00, Trade, 80857.692, 116, P00, B01, 1
P00, Trade, 80862.192, 117, P00, S15, 1
P00, Trade, 80867.404, 113, P00, B05, 1
P00, Trade, 80877.615, 117, P00, S17, 1
P00, Trade, 80885.269, 114, P00, B08, 1
P00, Trade, 80893.288, 113, P00, S09, 1
P00, Trade, 80897.769, 119, P00, B18, 1
P00, Trade, 80898.712, 108, P00, S04, 1
P00, Trade, 80906.135, 112, P00, B05, 1
P00, Trade, 80911.519, 109, P00, S19, 1
P00, Trade, 80916.962, 111, P00, B21, 1
P00, Trade, 80923.269, 109, P00, S07, 1
P00, Trade, 80925.385, 111, P00, B11, 1
P00, Trade, 80931.538, 110, P00, S02, 1
P00, Trade, 80934.904, 113, P00, B20, 1
P00, Trade, 80938.904, 114, P00, S12, 1
P00, Trade, 80945.654, 117, P00, B00, 1
P00, Trade, 80946.442, 116, P00, S24, 1
P00, Trade, 80952.635, 110, P00, B07, 1
P00, Trade, 80955.385, 113, P00, S15, 1
P00, Trade, 80956.808, 112, B16, P00, 1
P00, Trade, 80961.577, 116, P00, S05, 1
P00, Trade, 80967.423, 116, P00, B12, 1
P00, Trade, 80969.462, 116, P00, S17, 1
P00, Trade, 80971.135, 118, P00, B00, 1
P00, Trade, 80974.769, 111, P00, S04, 1
P00, Trade, 80978.712, 117, P00, B11, 1
P00, Trade, 80982.385, 119, P00, S17, 1
P00, Trade, 80986.077, 117, P00, B09, 1
P00, Trade, 80989.365, 115, P00, S15, 1
P00, Trade, 80992.154, 115, P00, B16, 1
P00, Trade, 80997.462, 111, P00, S00, 1
P00, Trade, 81005.385, 110, P00, B08, 1
P00, Trade, 81012.923, 108, P00, S02, 1
P00, Trade, 81016.346, 115, P00, B03, 1
P00, Trade, 81020.500, 112, P00, S10, 1
P00, Trade, 81026.885, 108, P00, B07, 1
P00, Trade, 81030.058, 106, P00, S14, 1
P00, Trade, 81033.077, 111, P00, B12, 1
P00, Trade, 81037.615, 109, P00, S10, 1
P00, Trade, 81042.423, 110, P00, B21, 1
P00, Trade, 81043.615, 108, S05, P00, 1
P00, Trade, 81046.019, 112, P00, B13, 1
P00, Trade, 81051.577, 106, P00, S15, 1
P00, Trade, 81056.000, 116, P00, B12, 1
P00, Trade, 81058.212, 109, P00, S04, 1
P00, Trade, 81059.808, 112, P00, B02, 1
P00, Trade, 81068.212, 108, P00, S15, 1
P00, Trade, 81075.250, 108, P00, B10, 1
P00, Trade, 81080.385, 116, P00, S12, 1
P00, Trade, 81083.596, 112, P00, B01, 1
P00, Trade, 81085.904, 111, P00, S03, 1
P00, Trade, 81089.308, 114, P00, B00, 1
P00, Trade, 81100.269, 120, P00, S13, 1
P00, Trade, 81104.635, 113, P00, B00, 1
P00, Trade, 81106.750, 110, P00, S18, 1
P00, Trade, 81113.615, 110, P00, B17, 1
P00, Trade, 81121.250, 108, P00, S17, 1
P00, Trade, 81127.250, 113, P00, B00, 1
P00, Trade, 81137.750, 110, P00, S05, 1
P00, Trade, 81139.058, 111, P00, B06, 1
P00, Trade, 81143.346, 117, P00, S20, 1
P00, Trade, 81148.173, 114, P00, B09, 1
P00, Trade, 81160.096, 110, P00, S10, 1
P00, Trade, 81166.077, 111, P00, B01, 1
P00, Trade, 81174.904, 119, P00, S10, 1
P00, Trade, 81183.865, 116, P00, B17, 1
P00, Trade, 81187.385, 113, P00, S06, 1
P00, Trade, 81199.500, 117, P00, B07, 1
P00, Trade, 81204.308, 116, P00, S04, 1
P00, Trade, 81211.365, 112, P00, B19, 1
P00, Trade, 81217.788, 108, P00, S03, 1
P00, Trade, 81225.923, 115, P00, B04, 1
P00, Trade, 81231.019, 108, P00, S04, 1
P00, Trade, 81233.519, 113, P00, B08, 1
P00, Trade, 81241.365, 109, P00, S04, 1
P00, Trade, 81243.269, 112, P00, B23, 1
P00, Trade, 81249.115, 109, P00, S17, 1
P00, Trade, 81255.231, 113, P00, B03, 1
P00, Trade, 81260.212, 111, P00, S01, 1
P00, Trade, 81262.481, 112, P00, B12, 1
P00, Trade, 81266.288, 111, P00, S20, 1
P00, Trade, 81275.904, 110, P00, B15, 1
P00, Trade, 81280.269, 110, P00, S14, 1
P00, Trade, 81290.654, 111, P00, B18, 1
P00, Trade, 81297.212, 109, P00, S17, 1
P00, Trade, 81300.558, 111, P00, B14, 1
P00, Trade, 81307.865, 111, P00, S18, 1
P00, Trade, 81314.750, 115, P00, B03, 1
P00, Trade, 81319.750, 114, P00, S04, 1
P00, Trade, 81321.942, 115, P00, B02, 1
P00, Trade, 81326.788, 112, P00, S13, 1
P00, Trade, 81335.712, 119, P00, B09, 1
P00, Trade, 81341.654, 115, P00, S04, 1
P00, Trade, 81345.635, 117, P00, B16, 1
P00, Trade, 81352.000, 105, P00, S00, 1
P00, Trade, 81353.096, 106, P00, B06, 1
P00, Trade, 81355.365, 105, P00, S04, 1
P00, Trade, 81355.962, 108, P00, B08, 1
P00, Trade, 81358.846, 107, P00, S19, 1
P00, Trade, 81365.365, 110, P00, B08, 1
P00, Trade, 81378.712, 107, P00, S16, 1
P00, Trade, 81380.192, 109, P00, B21, 1
P00, Trade, 81384.000, 109, P00, S24, 1
P00, Trade, 81386.154, 110, P00, B01, 1
P00, Trade, 81390.135, 107, P00, S17, 1
P00, Trade, 81394.904, 117, P00, B20, 1
P00, Trade, 81397.692, 111, P00, S23, 1
P00, Trade, 81402.173, 114, P00, B00, 1
P00, Trade, 81404.231, 111, P00, S07, 1
P00, Trade, 81407.346, 110, P00, B21, 1
P00, Trade, 81411.577, 111, P00, S14, 1
P00, Trade, 81417.115, 114, P00, B22, 1
P00, Trade, 81421.173, 110, P00, S13, 1
P00, Trade, 81428.250, 105, P00, B05, 1
P00, Trade, 81432.077, 107, P00, S00, 1
P00, Trade, 81439.885, 111, P00, B08, 1
P00, Trade, 81447.308, 109, P00, S20, 1
P00, Trade, 81450.712, 111, P00, B04, 1
P00, Trade, 81460.519, 114, P00, S13, 1
P00, Trade, 81472.654, 106, P00, B22, 1
P00, Trade, 81486.500, 112, P00, S17, 1
P00, Trade, 81493.673, 107, P00, B15, 1
P00, Trade, 81496.269, 106, P00, S13, 1
P00, Trade, 81505.981, 113, P00, B07, 1
P00, Trade, 81511.442, 105, P00, S02, 1
P00, Trade, 81514.250, 111, P00, B12, 1
P00, Trade, 81516.750, 108, P00, S17, 1
P00, Trade, 81521.077, 114, P00, B16, 1
P00, Trade, 81528.673, 108, P00, S00, 1
P00, Trade, 81529.788, 113, P00, B23, 1
P00, Trade, 81536.731, 109, P00, S14, 1
P00, Trade, 81549.846, 112, P00, B01, 1
P00, Trade, 81554.462, 112, P00, S16, 1
P00, Trade, 81557.731, 112, P00, B24, 1
P00, Trade, 81558.173, 111, P00, S08, 1
P00, Trade, 81564.923, 118, P00, B08, 1
P00, Trade, 81570.308, 114, P00, S19, 1
P00, Trade, 81580.058, 115, P00, B12, 1
P00, Trade, 81584.462, 112, P00, S18, 1
P00, Trade, 81585.923, 115, P00, B01, 1
P00, Trade, 81588.058, 116, P00, S19, 1
P00, Trade, 81589.615, 118, P00, B13, 1
P00, Trade, 81594.904, 110, P00, S03, 1
P00, Trade, 81596.923, 115, P00, B19, 1
P00, Trade, 81603.692, 111, P00, S10, 1
P00, Trade, 81605.558, 112, P00, B20, 1
P00, Trade, 81617.788, 111, P00, S16, 1
P00, Trade, 81622.288, 111, P00, B20, 1
P00, Trade, 81623.250, 110, P00, S01, 1
P00, Trade, 81633.750, 109, P00, B03, 1
P00, Trade, 81639.981, 107, P00, S18, 1
P00, Trade, 81643.635, 111, P00, B24, 1
P00, Trade, 81647.865, 106, P00, S12, 1
P00, Trade, 81652.346, 115, P00, B08, 1
P00, Trade, 81655.058, 111, P00, S16, 1
P00, Trade, 81660.442, 111, P00, B20, 1
P00, Trade, 81665.462, 110, P00, S03, 1
P00, Trade, 81667.115, 117, P00, B08, 1
P00, Trade, 81675.692, 115, P00, S22, 1
P00, Trade, 81681.750, 113, P00, B17, 1
P00, Trade, 81685.500, 109, P00, S04, 1
P00, Trade, 81687.327, 111, P00, B13, 1
P00, Trade, 81695.231, 107, P00, S00, 1
P00, Trade, 81701.481, 112, P00, B01, 1
P00, Trade, 81708.154, 113, P00, S22, 1
P00, Trade, 81715.827, 113, P00, B20, 1
P00, Trade, 81721.481, 110, P00, S00, 1
P00, Trade, 81728.308, 113, P00, B16, 1
P00, Trade, 81731.942, 108, P00, S16, 1
P00, Trade, 81739.250, 109, P00, B08, 1
P00, Trade, 81742.385, 118, P00, S08, 1
P00, Trade, 81744.923, 121, P00, B19, 1
P00, Trade, 81748.308, 110, P00, S01, 1
P00, Trade, 81755.269, 111, P00, B06, 1
P00, Trade, 81757.500, 108, P00, S09, 1
P00, Trade, 81762.635, 112, P00, B07, 1
P00, Trade, 81768.788, 111, P00, S15, 1
P00, Trade, 81770.981, 115, P00, B14, 1
P00, Trade, 81777.962, 116, P00, S00, 1
P00, Trade, 81785.442, 107, P00, B01, 1
P00, Trade, 81790.462, 107, P00, S14, 1
P00, Trade, 81801.481, 105, P00, B01, 1
P00, Trade, 81809.462, 103, P00, S14, 1
P00, Trade, 81817.288, 112, P00, B08, 1
P00, Trade, 81824.019, 112, P00, S03, 1
P00, Trade, 81838.577, 106, P00, B15, 1
P00, Trade, 81847.308, 111, P00, S17, 1
P00, Trade, 81849.654, 110, P00, B00, 1
P00, Trade, 81860.596, 115, P00, S24, 1
P00, Trade, 81866.135, 115, P00, B01, 1
P00, Trade, 81875.231, 112, P00, S08, 1
P00, Trade, 81883.058, 117, P00, B07, 1
P00, Trade, 81884.250, 115, P00, S08, 1
P00, Trade, 81894.827, 110, P00, B15, 1
P00, Trade, 81901.250, 108, P00, S01, 1
P00, Trade, 81913.481, 115, P00, B23, 1
P00, Trade, 81916.481, 111, P00, S14, 1
P00, Trade, 81919.000, 113, P00, B00, 1
P00, Trade, 81921.077, 111, P00, S04, 1
P00, Trade, 81922.942, 110, P00, B08, 1
P00, Trade, 81927.923, 106, P00, S02, 1
P00, Trade, 81931.442, 107, P00, B17, 1
P00, Trade, 81935.731, 107, P00, S16, 1
P00, Trade, 81947.692, 104, P00, B02, 1
P00, Trade, 81954.404, 109, P00, S14, 1
P00, Trade, 81958.212, 112, P00, B16, 1
P00, Trade, 81962.808, 106, P00, S10, 1
P00, Trade, 81969.096, 106, P00, B02, 1
P00, Trade, 81981.077, 104, P00, S18, 1
P00, Trade, 81985.192, 106, P00, B12, 1
P00, Trade, 81992.577, 109, P00, S07, 1
P00, Trade, 82003.500, 107, P00, B16, 1
P00, Trade, 82009.423, 106, P00, S18, 1
P00, Trade, 82012.846, 109, P00, B09, 1
P00, Trade, 82015.673, 106, P00, S19, 1
P00, Trade, 82018.346, 114, P00, B12, 1
P00, Trade, 82021.462, 110, P00, S22, 1
P00, Trade, 82030.173, 113, P00, B08, 1
P00, Trade, 82034.269, 111, P00, S20, 1
P00, Trade, 82047.077, 103, P00, B13, 1
P00, Trade, 82049.096, 103, P00, S04, 1
P00, Trade, 82051.827, 107, P00, B08, 1
P00, Trade, 82055.423, 109, P00, S17, 1
P00, Trade, 82062.154, 115, P00, B07, 1
P00, Trade, 82066.250, 109, P00, S17, 1
P00, Trade, 82075.558, 113, P00, B13, 1
P00, Trade, 82078.981, 110, P00, S11, 1
P00, Trade, 82081.308, 111, P00, B18, 1
P00, Trade, 82086.712, 114, P00, S16, 1
P00, Trade, 82090.173, 114, P00, B14, 1
P00, Trade, 82093.654, 110, P00, S01, 1
P00, Trade, 82103.808, 112, P00, B24, 1
P00, Trade, 82106.000, 110, P00, S09, 1
P00, Trade, 82107.423, 112, P00, B07, 1
P00, Trade, 82110.269, 108, P00, S03, 1
P00, Trade, 82116.538, 112, P00, B11, 1
P00, Trade, 82120.231, 106, P00, S17, 1
P00, Trade, 82127.846, 113, P00, B01, 1
P00, Trade, 82130.365, 107, P00, S19, 1
P00, Trade, 82135.327, 109, P00, B07, 1
P00, Trade, 82138.462, 106, P00, S15, 1
P00, Trade, 82142.269, 118, P00, B09, 1
P00, Trade, 82147.038, 105, P00, S06, 1
P00, Trade, 82151.692, 111, P00, B02, 1
P00, Trade, 82154.385, 114, P00, S12, 1
P00, Trade, 82162.692, 114, P00, B16, 1
P00, Trade, 82167.173, 104, P00, S16, 1
P00, Trade, 82170.692, 113, P00, B09, 1
P00, Trade, 82174.212, 109, S23, P00, 1
P00, Trade, 82188.846, 106, P00, B05, 1
P00, Trade, 82191.327, 104, P00, S04, 1
P00, Trade, 82200.712, 105, P00, B03, 1
P00, Trade, 82205.096, 103, P00, S07, 1
P00, Trade, 82210.558, 105, P00, B17, 1
P00, Trade, 82216.096, 104, P00, S10, 1
P00, Trade, 82222.942, 107, P00, B00, 1
P00, Trade, 82223.519, 106, P00, S10, 1
P00, Trade, 82232.115, 105, P00, B00, 1
P00, Trade, 82234.096, 103, P00, S00, 1
P00, Trade, 82244.423, 100, P00, B20, 1
P00, Trade, 82255.058, 105, P00, S13, 1
P00, Trade, 82259.865, 109, P00, B22, 1
P00, Trade, 82263.173, 106, P00, S07, 1
P00, Trade, 82266.038, 105, P00, B20, 1
P00, Trade, 82269.288, 102, P00, S23, 1
P00, Trade, 82273.442, 107, P00, B05, 1
P00, Trade, 82278.615, 104, P00, S00, 1
P00, Trade, 82283.250, 105, P00, B22, 1
P00, Trade, 82287.923, 109, P00, S03, 1
P00, Trade, 82292.077, 111, P00, B14, 1
P00, Trade, 82296.327, 104, P00, S18, 1
P00, Trade, 82300.115, 105, P00, B18, 1
P00, Trade, 82301.942, 106, P00, S00, 1
P00, Trade, 82310.096, 107, P00, B00, 1
P00, Trade, 82316.596, 109, P00, S14, 1
P00, Trade, 82322.135, 114, P00, B18, 1
P00, Trade, 82325.019, 111, P00, S10, 1
P00, Trade, 82333.212, 102, P00, B09, 1
P00, Trade, 82340.846, 103, P00, S09, 1
P00, Trade, 82346.173, 110, P00, B12, 1
P00, Trade, 82350.000, 108, P00, S04, 1
P00, Trade, 82353.481, 106, P00, B24, 1
P00, Trade, 82354.519, 99, S00, P00, 1
P00, Trade, 82358.135, 102, P00, B20, 1
P00, Trade, 82367.615, 107, P00, S01, 1
P00, Trade, 82369.808, 112, P00, B10, 1
P00, Trade, 82371.269, 110, S24, P00, 1
P00, Trade, 82376.077, 105, P00, B03, 1
P00, Trade, 82381.962, 107, P00, S23, 1
P00, Trade, 82387.923, 106, P00, B01, 1
P00, Trade, 82388.769, 104, P00, S14, 1
P00, Trade, 82392.827, 106, P00, B20, 1
P00, Trade, 82398.596, 110, P00, S15, 1
P00, Trade, 82404.346, 104, P00, B13, 1
P00, Trade, 82407.462, 103, P00, S09, 1
P00, Trade, 82412.712, 108, P00, B09, 1
P00, Trade, 82417.712, 108, P00, S00, 1
P00, Trade, 82425.154, 102, P00, B01, 1
P00, Trade, 82428.538, 101, P00, S24, 1
P00, Trade, 82430.038, 102, P00, B07, 1
P00, Trade, 82438.308, 103, P00, S10, 1
P00, Trade, 82439.827, 107, P00, B08, 1
P00, Trade, 82441.942, 104, S14, P00, 1
P00, Trade, 82444.462, 103, P00, B24, 1
P00, Trade, 82448.481, 102, P00, S02, 1
P00, Trade, 82453.750, 102, P00, B17, 1
P00, Trade, 82457.365, 107, P00, S11, 1
P00, Trade, 82459.673, 113, P00, B04, 1
P00, Trade, 82463.692, 106, P00, S13, 1
P00, Trade, 82468.038, 106, P00, B24, 1
P00, Trade, 82473.269, 101, P00, S01, 1
P00, Trade, 82474.865, 101, P00, B08, 1
P00, Trade, 82480.615, 100, P00, S13, 1
P00, Trade, 82482.923, 102, P00, B15, 1
P00, Trade, 82484.846, 102, P00, S03, 1
P00, Trade, 82485.865, 110, P00, B02, 1
P00, Trade, 82489.000, 104, S08, P00, 1
P00, Trade, 82497.596, 102, P00, B19, 1
P00, Trade, 82498.904, 98, S17, P00, 1
P00, Trade, 82502.635, 105, P00, B17, 1
P00, Trade, 82507.885, 101, P00, S15, 1
P00, Trade, 82513.385, 104, P00, B11, 1
P00, Trade, 82524.365, 106, P00, S17, 1
P00, Trade, 82534.846, 107, P00, B12, 1
P00, Trade, 82540.654, 104, P00, S17, 1
P00, Trade, 82551.365, 107, P00, B00, 1
P00, Trade, 82554.154, 108, P00, S14, 1
P00, Trade, 82558.827, 102, P00, B08, 1
P00, Trade, 82562.481, 105, P00, S06, 1
P00, Trade, 82566.827, 102, P00, B09, 1
P00, Trade, 82571.192, 100, P00, S02, 1
P00, Trade, 82575.904, 101, P00, B20, 1
P00, Trade, 82579.462, 102, P00, S17, 1
P00, Trade, 82582.981, 104, P00, B17, 1
P00, Trade, 82590.692, 104, P00, S07, 1
P00, Trade, 82594.923, 107, P00, B02, 1
P00, Trade, 82596.000, 103, P00, S18, 1
P00, Trade, 82603.231, 108, P00, B01, 1
P00, Trade, 82605.212, 107, P00, S00, 1
P00, Trade, 82609.288, 105, P00, B07, 1
P00, Trade, 82611.481, 107, P00, S10, 1
P00, Trade, 82618.692, 103, P00, B00, 1
P00, Trade, 82623.346, 101, P00, S08, 1
P00, Trade, 82629.173, 99, P00, B17, 1
P00, Trade, 82630.788, 99, P00, S01, 1
P00, Trade, 82637.173, 100, P00, B08, 1
P00, Trade, 82639.731, 102, P00, S24, 1
P00, Trade, 82642.269, 110, P00, B14, 1
P00, Trade, 82644.000, 107, P00, S07, 1
P00, Trade, 82646.981, 110, P00, B08, 1
P00, Trade, 82651.788, 103, P00, S20, 1
P00, Trade, 82653.404, 103, P00, B20, 1
P00, Trade, 82657.615, 98, P00, S04, 1
P00, Trade, 82660.942, 100, P00, B08, 1
P00, Trade, 82667.192, 105, P00, S13, 1
P00, Trade, 82670.981, 105, P00, B14, 1
P00, Trade, 82674.385, 105, P00, S15, 1
P00, Trade, 82682.346, 105, P00, B18, 1
P00, Trade, 82684.385, 99, P00, S17, 1
P00, Trade, 82688.731, 110, P00, B03, 1
P00, Trade, 82692.846, 107, P00, S14, 1
P00, Trade, 82696.769, 106, P00, B20, 1
P00, Trade, 82701.442, 102, P00, S07, 1
P00, Trade, 82705.346, 102, P00, B11, 1
P00, Trade, 82711.308, 105, P00, S00, 1
P00, Trade, 82723.538, 104, P00, B08, 1
P00, Trade, 82737.212, 104, P00, S01, 1
P00, Trade, 82738.308, 107, B21, P00, 1
P00, Trade, 82740.558, 108, P00, S17, 1
P00, Trade, 82750.019, 107, P00, B10, 1
P00, Trade, 82761.519, 103, P00, S19, 1
P00, Trade, 82768.135, 107, P00, B19, 1
P00, Trade, 82773.154, 102, P00, S17, 1
P00, Trade, 82777.635, 104, P00, B17, 1
P00, Trade, 82781.423, 104, P00, S19, 1
P00, Trade, 82788.808, 100, P00, B08, 1
P00, Trade, 82791.365, 102, P00, S16, 1
P00, Trade, 82803.942, 102, P00, B01, 1
P00, Trade, 82807.538, 102, P00, S02, 1
P00, Trade, 82809.654, 107, P00, B13, 1
P00, Trade, 82812.365, 103, P00, S09, 1
P00, Trade, 82819.885, 100, P00, B01, 1
P00, Trade, 82822.115, 100, P00, S19, 1
P00, Trade, 82824.327, 103, P00, B00, 1
P00, Trade, 82827.808, 101, P00, S15, 1
P00, Trade, 82828.346, 103, P00, B08, 1
P00, Trade, 82837.558, 101, P00, S12, 1
P00, Trade, 82843.981, 99, P00, B01, 1
P00, Trade, 82848.923, 102, P00, S19, 1
P00, Trade, 82853.577, 101, P00, B16, 1
P00, Trade, 82861.038, 101, P00, S04, 1
P00, Trade, 82863.308, 103, P00, B01, 1
P00, Trade, 82874.288, 102, P00, S00, 1
P00, Trade, 82875.885, 104, P00, B18, 1
P00, Trade, 82882.519, 106, P00, S03, 1
P00, Trade, 82893.692, 98, P00, B06, 1
P00, Trade, 82897.712, 97, P00, S19, 1
P00, Trade, 82899.000, 99, P00, B08, 1
P00, Trade, 82901.519, 97, P00, S01, 1
P00, Trade, 82905.173, 101, P00, B24, 1
P00, Trade, 82906.769, 99, P00, S04, 1
P00, Trade, 82910.673, 104, P00, B08, 1
P00, Trade, 82914.250, 102, P00, S24, 1
P00, Trade, 82915.077, 103, P00, B13, 1
P00, Trade, 82918.385, 102, P00, S19, 1
P00, Trade, 82919.154, 105, P00, B03, 1
P00, Trade, 82924.442, 102, P00, S05, 1
P00, Trade, 82925.577, 103, P00, B08, 1
P00, Trade, 82930.538, 104, P00, S00, 1
P00, Trade, 82933.788, 93, P00, B02, 1
P00, Trade, 82939.115, 98, P00, S07, 1
P00, Trade, 82943.750, 105, P00, B11, 1
P00, Trade, 82947.327, 105, P00, S05, 1
P00, Trade, 82957.038, 99, P00, B24, 1
P00, Trade, 82958.135, 94, P00, S19, 1
P00, Trade, 82960.423, 104, P00, B08, 1
P00, Trade, 82962.058, 93, P00, S02, 1
P00, Trade, 82965.692, 92, P00, B22, 1
P00, Trade, 82972.058, 101, P00, S22, 1
P00, Trade, 82975.923, 107, P00, B09, 1
P00, Trade, 82976.981, 100, P00, S10, 1
P00, Trade, 82981.365, 103, P00, B20, 1
P00, Trade, 82983.365, 98, P00, S12, 1
P00, Trade, 82997.558, 100, P00, B22, 1
P00, Trade, 83006.019, 99, P00, S10, 1
P00, Trade, 83009.173, 98, P00, B22, 1
P00, Trade, 83015.942, 101, P00, S11, 1
P00, Trade, 83019.635, 103, P00, B23, 1
P00, Trade, 83027.808, 103, P00, S15, 1
P00, Trade, 83029.750, 103, P00, B14, 1
P00, Trade, 83031.635, 100, P00, S15, 1
P00, Trade, 83034.731, 104, P00, B04, 1
P00, Trade, 83038.019, 99, P00, S23, 1
P00, Trade, 83042.962, 106, P00, B20, 1
P00, Trade, 83049.769, 105, P00, S10, 1
P00, Trade, 83056.942, 105, P00, B20, 1
P00, Trade, 83059.962, 102, P00, S03, 1
P00, Trade, 83065.250, 106, P00, B16, 1
P00, Trade, 83077.654, 99, P00, S01, 1
P00, Trade, 83079.635, 107, P00, B13, 1
P00, Trade, 83081.865, 102, P00, S10, 1
P00, Trade, 83083.942, 104, P00, B18, 1
P00, Trade, 83088.885, 101, P00, S18, 1
P00, Trade, 83096.308, 101, P00, B12, 1
P00, Trade, 83097.827, 98, P00, S19, 1
P00, Trade, 83102.731, 100, P00, B12, 1
P00, Trade, 83106.731, 100, P00, S18, 1
P00, Trade, 83108.058, 105, P00, B00, 1
P00, Trade, 83109.500, 101, P00, S04, 1
P00, Trade, 83114.635, 102, P00, B13, 1
P00, Trade, 83116.212, 101, P00, S06, 1
P00, Trade, 83118.923, 110, P00, B03, 1
P00, Trade, 83120.212, 108, P00, S05, 1
P00, Trade, 83125.692, 103, P00, B22, 1
P00, Trade, 83130.154, 101, P00, S10, 1
P00, Trade, 83144.269, 99, P00, B23, 1
P00, Trade, 83149.269, 98, P00, S15, 1
P00, Trade, 83158.673, 101, P00, B14, 1
P00, Trade, 83164.692, 97, P00, S16, 1
P00, Trade, 83172.096, 97, P00, B12, 1
P00, Trade, 83174.404, 96, P00, S04, 1
P00, Trade, 83178.712, 104, P00, B15, 1
P00, Trade, 83180.827, 105, P00, S04, 1
P00, Trade, 83197.365, 96, P00, B18, 1
P00, Trade, 83201.481, 101, P00, S15, 1
P00, Trade, 83207.173, 98, P00, B21, 1
P00, Trade, 83211.058, 101, P00, S20, 1
P00, Trade, 83215.962, 103, P00, B03, 1
P00, Trade, 83223.346, 98, P00, S00, 1
P00, Trade, 83225.077, 105, P00, B17, 1
P00, Trade, 83233.692, 102, P00, S18, 1
P00, Trade, 83242.538, 107, B04, P00, 1
P00, Trade, 83243.769, 105, P00, S10, 1
P00, Trade, 83250.481, 102, P00, B09, 1
P00, Trade, 83257.192, 97, P00, S01, 1
P00, Trade, 83260.519, 100, P00, B18, 1
P00, Trade, 83266.365, 94, P00, S02, 1
P00, Trade, 83272.519, 103, P00, B22, 1
P00, Trade, 83278.346, 99, P00, S05, 1
P00, Trade, 83280.500, 100, P00, B14, 1
P00, Trade, 83284.365, 104, P00, S02, 1
P00, Trade, 83291.058, 99, P00, B20, 1
P00, Trade, 83300.538, 102, P00, S15, 1
P00, Trade, 83302.404, 99, P00, B08, 1
P00, Trade, 83309.269, 95, P00, S00, 1
P00, Trade, 83312.019, 100, P00, B17, 1
P00, Trade, 83320.462, 103, P00, S18, 1
P00, Trade, 83328.500, 96, P00, B06, 1
P00, Trade, 83332.635, 95, P00, S00, 1
P00, Trade, 83342.577, 101, P00, B24, 1
P00, Trade, 83350.788, 100, P00, S10, 1
P00, Trade, 83360.212, 100, P00, B12, 1
P00, Trade, 83361.385, 97, P00, S13, 1
P00, Trade, 83371.577, 103, P00, B23, 1
P00, Trade, 83378.000, 98, P00, S17, 1
P00, Trade, 83382.481, 106, P00, B05, 1
P00, Trade, 83385.808, 99, P00, S00, 1
P00, Trade, 83390.096, 98, P00, B13, 1
P00, Trade, 83396.288, 106, P00, S16, 1
P00, Trade, 83403.365, 107, P00, B20, 1
P00, Trade, 83410.077, 99, P00, S04, 1
P00, Trade, 83414.365, 104, P00, B15, 1
P00, Trade, 83421.788, 105, P00, S22, 1
P00, Trade, 83431.231, 102, P00, B12, 1
P00, Trade, 83437.442, 109, P00, S00, 1
P00, Trade, 83440.904, 113, P00, B16, 1
P00, Trade, 83444.731, 109, P00, S00, 1
P00, Trade, 83447.269, 104, P00, B21, 1
P00, Trade, 83451.462, 100, P00, S18, 1
P00, Trade, 83459.885, 107, P00, B01, 1
P00, Trade, 83462.846, 104, P00, S20, 1
P00, Trade, 83464.500, 104, P00, B08, 1
P00, Trade, 83470.231, 110, P00, S00, 1
P00, Trade, 83474.154, 114, P00, B12, 1
P00, Trade, 83476.365, 111, P00, S07, 1
P00, Trade, 83484.423, 106, P00, B19, 1
P00, Trade, 83487.000, 101, P00, S23, 1
P00, Trade, 83488.058, 105, P00, B12, 1
P00, Trade, 83491.923, 104, P00, S22, 1
P00, Trade, 83494.904, 106, P00, B10, 1
P00, Trade, 83497.654, 104, P00, S03, 1
P00, Trade, 83501.904, 104, P00, B00, 1
P00, Trade, 83507.135, 111, P00, S17, 1
P00, Trade, 83509.231, 111, P00, B06, 1
P00, Trade, 83515.077, 105, P00, S16, 1
P00, Trade, 83518.500, 107, P00, B10, 1
P00, Trade, 83520.750, 101, P00, S18, 1
P00, Trade, 83523.481, 102, P00, B23, 1
P00, Trade, 83529.058, 103, P00, S19, 1
P00, Trade, 83534.385, 107, P00, B17, 1
P00, Trade, 83536.423, 105, P00, S04, 1
P00, Trade, 83541.769, 107, P00, B12, 1
P00, Trade, 83543.404, 105, P00, S07, 1
P00, Trade, 83549.192, 113, P00, B20, 1
P00, Trade, 83550.712, 109, P00, S20, 1
P00, Trade, 83554.923, 111, P00, B10, 1
P00, Trade, 83556.788, 110, P00, S06, 1
P00, Trade, 83557.212, 111, P00, B22, 1
P00, Trade, 83563.788, 103, P00, S12, 1
P00, Trade, 83568.962, 105, P00, B15, 1
P00, Trade, 83573.135, 105, P00, S01, 1
P00, Trade, 83587.077, 107, P00, B01, 1
P00, Trade, 83589.192, 108, P00, S23, 1
P00, Trade, 83592.712, 109, P00, B22, 1
P00, Trade, 83596.385, 108, P00, S14, 1
P00, Trade, 83601.442, 107, P00, B14, 1
P00, Trade, 83602.442, 104, P00, S09, 1
P00, Trade, 83608.038, 107, B15, P00, 1
P00, Trade, 83613.038, 103, P00, S22, 1
P00, Trade, 83617.788, 108, P00, B08, 1
P00, Trade, 83624.327, 111, P00, S07, 1
P00, Trade, 83632.635, 107, P00, B05, 1
P00, Trade, 83636.346, 109, P00, S09, 1
P00, Trade, 83640.077, 110, P00, B01, 1
P00, Trade, 83650.827, 104, P00, S12, 1
P00, Trade, 83656.500, 109, P00, B10, 1
P00, Trade, 83657.846, 100, P00, S10, 1
P00, Trade, 83663.077, 108, P00, B20, 1
P00, Trade, 83669.135, 103, P00, S16, 1
P00, Trade, 83673.231, 103, P00, B23, 1
P00, Trade, 83681.519, 100, P00, S15, 1
P00, Trade, 83689.269, 104, B21, P00, 1
P00, Trade, 83691.538, 105, P00, S10, 1
P00, Trade, 83697.038, 110, P00, B10, 1
P00, Trade, 83706.308, 113, P00, S01, 1
P00, Trade, 83710.519, 111, P00, B01, 1
P00, Trade, 83717.327, 101, P00, S10, 1
P00, Trade, 83718.904, 103, P00, B10, 1
P00, Trade, 83726.346, 111, P00, S10, 1
P00, Trade, 83729.000, 111, P00, B11, 1
P00, Trade, 83731.423, 108, P00, S21, 1
P00, Trade, 83738.212, 107, P00, B02, 1
P00, Trade, 83745.923, 103, P00, S00, 1
P00, Trade, 83748.962, 110, P00, B15, 1
P00, Trade, 83750.500, 109, P00, S00, 1
P00, Trade, 83752.712, 110, P00, B15, 1
P00, Trade, 83757.442, 113, P00, S16, 1
P00, Trade, 83762.558, 112, P00, B14, 1
P00, Trade, 83765.981, 107, P00, S14, 1
P00, Trade, 83767.673, 109, P00, B02, 1
P00, Trade, 83771.000, 107, P00, S13, 1
P00, Trade, 83781.385, 107, P00, B14, 1
P00, Trade, 83785.712, 108, P00, S10, 1
P00, Trade, 83786.769, 110, P00, B21, 1
P00, Trade, 83791.750, 107, P00, S14, 1
P00, Trade, 83796.923, 109, P00, B15, 1
P00, Trade, 83804.788, 111, P00, S07, 1
P00, Trade, 83812.962, 114, P00, B17, 1
P00, Trade, 83827.038, 110, P00, S11, 1
P00, Trade, 83828.404, 114, P00, B14, 1
P00, Trade, 83836.173, 113, P00, S08, 1
P00, Trade, 83842.231, 118, P00, B00, 1
P00, Trade, 83845.250, 113, P00, S00, 1
P00, Trade, 83849.808, 112, P00, B05, 1
P00, Trade, 83850.481, 111, P00, S08, 1
P00, Trade, 83854.327, 107, P00, B01, 1
P00, Trade, 83860.308, 107, P00, S13, 1
P00, Trade, 83863.712, 109, P00, B14, 1
P00, Trade, 83871.058, 107, P00, S12, 1
P00, Trade, 83872.135, 109, P00, B09, 1
P00, Trade, 83874.135, 105, P00, S08, 1
P00, Trade, 83878.327, 109, P00, B08, 1
P00, Trade, 83880.346, 108, P00, S15, 1
P00, Trade, 83881.154, 113, P00, B18, 1
P00, Trade, 83882.519, 108, P00, S00, 1
P00, Trade, 83886.942, 109, P00, B23, 1
P00, Trade, 83891.135, 109, P00, S08, 1
P00, Trade, 83894.269, 108, P00, B20, 1
P00, Trade, 83896.308, 106, P00, S13, 1
P00, Trade, 83898.981, 112, P00, B16, 1
P00, Trade, 83907.827, 106, P00, S16, 1
P00, Trade, 83914.212, 109, B05, P00, 1
P00, Trade, 83914.462, 108, P00, S23, 1
P00, Trade, 83916.538, 111, P00, B20, 1
P00, Trade, 83918.942, 105, S22, P00, 1
P00, Trade, 83926.192, 110, P00, B13, 1
P00, Trade, 83932.577, 108, P00, S21, 1
P00, Trade, 83939.558, 113, P00, B22, 1
P00, Trade, 83945.654, 112, P00, S05, 1
P00, Trade, 83946.192, 113, P00, B05, 1
P00, Trade, 83949.231, 116, P00, S22, 1
P00, Trade, 83957.154, 111, P00, B12, 1
P00, Trade, 83960.462, 104, P00, S06, 1
P00, Trade, 83970.135, 109, P00, B21, 1
P00, Trade, 83972.692, 106, P00, S04, 1
P00, Trade, 83975.481, 110, P00, B03, 1
P00, Trade, 83980.750, 108, P00, S13, 1
P00, Trade, 83985.481, 109, P00, B09, 1
P00, Trade, 83991.154, 106, P00, S02, 1
P00, Trade, 83993.000, 108, P00, B12, 1
P00, Trade, 83999.308, 105, P00, S18, 1
P00, Trade, 84007.654, 106, P00, B16, 1
P00, Trade, 84015.769, 105, P00, S06, 1
P00, Trade, 84017.423, 110, P00, B10, 1
P00, Trade, 84023.365, 107, P00, S02, 1
P00, Trade, 84025.462, 110, P00, B16, 1
P00, Trade, 84027.692, 107, P00, S13, 1
P00, Trade, 84030.462, 107, P00, B08, 1
P00, Trade, 84037.000, 107, P00, S08, 1
P00, Trade, 84046.250, 108, P00, B12, 1
P00, Trade, 84048.538, 106, P00, S18, 1
P00, Trade, 84049.788, 108, P00, B02, 1
P00, Trade, 84056.212, 105, P00, S17, 1
P00, Trade, 84060.827, 107, P00, B22, 1
P00, Trade, 84063.788, 104, P00, S08, 1
P00, Trade, 84070.942, 106, P00, B20, 1
P00, Trade, 84076.769, 108, P00, S09, 1
P00, Trade, 84080.769, 109, P00, B07, 1
P00, Trade, 84083.096, 105, P00, S09, 1
P00, Trade, 84088.154, 106, P00, B23, 1
P00, Trade, 84090.346, 104, P00, S22, 1
P00, Trade, 84097.692, 108, P00, B20, 1
P00, Trade, 84102.173, 110, P00, S10, 1
P00, Trade, 84103.615, 111, P00, B20, 1
P00, Trade, 84109.019, 105, P00, S12, 1
P00, Trade, 84110.038, 108, P00, B14, 1
P00, Trade, 84114.615, 110, P00, S10, 1
P00, Trade, 84121.385, 112, P00, B09, 1
P00, Trade, 84126.500, 108, S03, P00, 1
P00, Trade, 84129.231, 109, P00, B20, 1
P00, Trade, 84130.962, 108, P00, S00, 1
P00, Trade, 84138.154, 114, P00, B22, 1
P00, Trade, 84143.385, 106, P00, S15, 1
P00, Trade, 84146.346, 109, P00, B23, 1
P00, Trade, 84148.712, 106, P00, S17, 1
P00, Trade, 84151.596, 115, P00, B19, 1
P00, Trade, 84153.827, 107, P00, S01, 1
P00, Trade, 84162.981, 101, P00, B12, 1
P00, Trade, 84173.173, 111, P00, S12, 1
P00, Trade, 84173.673, 114, P00, B00, 1
P00, Trade, 84177.385, 110, P00, S10, 1
P00, Trade, 84191.327, 109, P00, B00, 1
P00, Trade, 84197.615, 107, P00, S12, 1
P00, Trade, 84199.673, 105, P00, B15, 1
P00, Trade, 84205.173, 104, P00, S24, 1
P00, Trade, 84211.846, 107, P00, B19, 1
P00, Trade, 84214.250, 105, P00, S07, 1
P00, Trade, 84219.519, 106, P00, B20, 1
P00, Trade, 84221.846, 107, P00, S03, 1
P00, Trade, 84224.673, 109, P00, B04, 1
P00, Trade, 84233.904, 113, P00, S15, 1
P00, Trade, 84244.019, 108, P00, B24, 1
P00, Trade, 84250.173, 107, P00, S04, 1
P00, Trade, 84250.904, 109, P00, B15, 1
P00, Trade, 84257.731, 109, P00, S24, 1
P00, Trade, 84267.327, 106, P00, B23, 1
P00, Trade, 84276.058, 109, P00, S23, 1
P00, Trade, 84282.308, 111, P00, B17, 1
P00, Trade, 84286.904, 107, P00, S22, 1
P00, Trade, 84288.769, 109, P00, B02, 1
P00, Trade, 84292.673, 106, P00, S06, 1
P00, Trade, 84294.154, 107, P00, B09, 1
P00, Trade, 84301.308, 107, P00, S06, 1
P00, Trade, 84309.577, 106, P00, B08, 1
P00, Trade, 84312.231, 101, P00, S02, 1
P00, Trade, 84315.596, 106, P00, B20, 1
P00, Trade, 84317.481, 105, P00, S06, 1
P00, Trade, 84321.846, 107, P00, B06, 1
P00, Trade, 84325.442, 108, P00, S20, 1
P00, Trade, 84327.942, 109, P00, B11, 1
P00, Trade, 84332.654, 121, P00, S07, 1
P00, Trade, 84339.731, 109, P00, B01, 1
P00, Trade, 84341.038, 105, P00, S14, 1
P00, Trade, 84349.442, 106, P00, B09, 1
P00, Trade, 84351.654, 102, P00, S20, 1
P00, Trade, 84353.808, 100, P00, B09, 1
P00, Trade, 84357.654, 108, P00, S07, 1
P00, Trade, 84367.673, 108, P00, B01, 1
P00, Trade, 84370.596, 104, P00, S14, 1
P00, Trade, 84372.231, 105, P00, B23, 1
P00, Trade, 84376.346, 106, P00, S10, 1
P00, Trade, 84379.231, 108, P00, B24, 1
P00, Trade, 84387.038, 103, P00, S13, 1
P00, Trade, 84392.250, 107, P00, B08, 1
P00, Trade, 84399.000, 104, P00, S11, 1
P00, Trade, 84406.308, 103, P00, B12, 1
P00, Trade, 84414.096, 108, P00, S09, 1
P00, Trade, 84419.962, 110, P00, B08, 1
P00, Trade, 84422.442, 106, P00, S09, 1
P00, Trade, 84428.577, 109, P00, B02, 1
P00, Trade, 84437.827, 106, P00, S03, 1
P00, Trade, 84439.769, 107, P00, B17, 1
P00, Trade, 84446.385, 100, P00, S13, 1
P00, Trade, 84452.788, 104, P00, B14, 1
P00, Trade, 84454.096, 102, P00, S24, 1
P00, Trade, 84462.981, 115, P00, B12, 1
P00, Trade, 84465.519, 108, P00, S03, 1
P00, Trade, 84475.885, 108, P00, B20, 1
P00, Trade, 84479.442, 109, P00, S07, 1
P00, Trade, 84481.212, 111, P00, B10, 1
P00, Trade, 84484.500, 105, P00, S22, 1
P00, Trade, 84488.481, 107, P00, B00, 1
P00, Trade, 84491.346, 106, P00, S17, 1
P00, Trade, 84493.327, 109, P00, B11, 1
P00, Trade, 84495.904, 106, P00, S20, 1
P00, Trade, 84499.346, 108, P00, B10, 1
P00, Trade, 84503.327, 103, P00, S16, 1
P00, Trade, 84515.519, 103, P00, B12, 1
P00, Trade, 84519.250, 106, P00, S17, 1
P00, Trade, 84521.500, 109, P00, B12, 1
P00, Trade, 84524.077, 106, P00, S00, 1
P00, Trade, 84529.365, 99, P00, B01, 1
P00, Trade, 84532.615, 99, P00, S13, 1
P00, Trade, 84538.788, 113, P00, B14, 1
P00, Trade, 84542.212, 106, P00, S15, 1
P00, Trade, 84545.558, 110, P00, B12, 1
P00, Trade, 84550.692, 107, P00, S10, 1
P00, Trade, 84553.538, 108, P00, B12, 1
P00, Trade, 84558.788, 106, P00, S20, 1
P00, Trade, 84568.981, 110, P00, B08, 1
P00, Trade, 84570.442, 108, P00, S14, 1
P00, Trade, 84573.558, 109, P00, B18, 1
P00, Trade, 84582.558, 107, P00, S15, 1
P00, Trade, 84589.981, 109, P00, B13, 1
P00, Trade, 84600.288, 106, P00, S22, 1
P00, Trade, 84606.115, 106, P00, B00, 1
P00, Trade, 84608.712, 109, P00, S09, 1
P00, Trade, 84609.808, 111, P00, B09, 1
P00, Trade, 84612.365, 109, P00, S00, 1
P00, Trade, 84613.808, 110, P00, B17, 1
P00, Trade, 84616.481, 109, P00, S17, 1
P00, Trade, 84625.019, 109, P00, B14, 1
P00, Trade, 84628.250, 102, P00, S14, 1
P00, Trade, 84633.538, 106, P00, B12, 1
P00, Trade, 84642.000, 106, P00, S18, 1
P00, Trade, 84643.250, 108, P00, B03, 1
P00, Trade, 84645.500, 108, P00, S08, 1
P00, Trade, 84648.731, 108, P00, B24, 1
P00, Trade, 84650.269, 105, P00, S13, 1
P00, Trade, 84661.673, 105, P00, B02, 1
P00, Trade, 84666.596, 106, P00, S24, 1
P00, Trade, 84677.173, 106, P00, B03, 1
P00, Trade, 84680.923, 104, P00, S04, 1
P00, Trade, 84684.462, 106, P00, B13, 1
P00, Trade, 84687.077, 104, P00, S06, 1
P00, Trade, 84695.000, 109, P00, B20, 1
P00, Trade, 84698.846, 109, P00, S19, 1
P00, Trade, 84702.635, 103, P00, B20, 1
P00, Trade, 84704.346, 100, P00, S11, 1
P00, Trade, 84710.865, 105, P00, B12, 1
P00, Trade, 84716.269, 101, P00, S17, 1
P00, Trade, 84720.038, 103, P00, B12, 1
P00, Trade, 84725.308, 100, P00, S01, 1
P00, Trade, 84729.481, 112, P00, B09, 1
P00, Trade, 84732.885, 107, P00, S18, 1
P00, Trade, 84737.115, 107, P00, B12, 1
P00, Trade, 84741.096, 102, P00, S03, 1
P00, Trade, 84747.058, 113, P00, B02, 1
P00, Trade, 84751.596, 103, P00, S03, 1
P00, Trade, 84755.712, 107, P00, B24, 1
P00, Trade, 84759.635, 105, P00, S10, 1
P00, Trade, 84767.615, 111, P00, B20, 1
P00, Trade, 84774.538, 110, P00, S03, 1
P00, Trade, 84791.154, 103, P00, B12, 1
P00, Trade, 84796.423, 104, P00, S11, 1
P00, Trade, 84798.577, 105, P00, B08, 1
P00, Trade, 84802.615, 104, P00, S09, 1
P00, Trade, 84811.673, 108, P00, B12, 1
P00, Trade, 84813.462, 104, P00, S02, 1
P00, Trade, 84822.077, 106, P00, B10, 1
P00, Trade, 84824.423, 110, P00, S19, 1
P00, Trade, 84830.481, 104, P00, B09, 1
P00, Trade, 84832.019, 103, P00, S03, 1
P00, Trade, 84841.019, 104, P00, B13, 1
P00, Trade, 84844.346, 104, P00, S10, 1
P00, Trade, 84852.173, 111, P00, B02, 1
P00, Trade, 84855.788, 106, P00, S07, 1
P00, Trade, 84859.462, 108, P00, B10, 1
P00, Trade, 84860.615, 108, P00, S20, 1
P00, Trade, 84865.673, 111, P00, B24, 1
P00, Trade, 84871.173, 105, P00, S16, 1
P00, Trade, 84877.058, 108, P00, B20, 1
P00, Trade, 84887.596, 104, P00, S17, 1
P00, Trade, 84894.769, 105, P00, B15, 1
P00, Trade, 84896.288, 103, P00, S05, 1
P00, Trade, 84900.058, 106, P00, B07, 1
P00, Trade, 84903.846, 104, P00, S13, 1
P00, Trade, 84911.577, 103, P00, B01, 1
P00, Trade, 84918.173, 110, P00, S15, 1
P00, Trade, 84926.808, 110, P00, B17, 1
P00, Trade, 84930.923, 107, S05, P00, 1
P00, Trade, 84936.962, 108, P00, B00, 1
P00, Trade, 84947.096, 109, P00, S06, 1
P00, Trade, 84958.019, 109, P00, B08, 1
P00, Trade, 84965.596, 108, P00, S19, 1
P00, Trade, 84970.558, 105, P00, B22, 1
P00, Trade, 84972.519, 102, P00, S02, 1
P00, Trade, 84976.827, 109, P00, B19, 1
P00, Trade, 84982.096, 109, P00, S07, 1
P00, Trade, 84990.596, 107, P00, B14, 1
P00, Trade, 84998.212, 110, P00, S19, 1
P00, Trade, 85005.365, 111, P00, B15, 1
P00, Trade, 85007.615, 108, P00, S22, 1
P00, Trade, 85010.538, 109, P00, B09, 1
P00, Trade, 85017.981, 108, P00, S17, 1
P00, Trade, 85022.558, 112, P00, B11, 1
P00, Trade, 85028.731, 106, P00, S09, 1
P00, Trade, 85030.942, 110, P00, B14, 1
P00, Trade, 85036.231, 111, P00, S06, 1
P00, Trade, 85045.019, 111, P00, B16, 1
P00, Trade, 85054.115, 102, P00, S21, 1
P00, Trade, 85058.500, 110, P00, B24, 1
P00, Trade, 85061.385, 107, S02, P00, 1
P00, Trade, 85067.538, 105, P00, B13, 1
P00, Trade, 85069.596, 104, P00, S14, 1
P00, Trade, 85069.962, 106, P00, B07, 1
P00, Trade, 85074.865, 113, P00, S17, 1
P00, Trade, 85079.019, 114, P00, B20, 1
P00, Trade, 85084.019, 110, P00, S19, 1
P00, Trade, 85091.135, 107, P00, B09, 1
P00, Trade, 85095.712, 114, P00, S10, 1
P00, Trade, 85103.404, 109, P00, B18, 1
P00, Trade, 85104.269, 105, P00, S10, 1
P00, Trade, 85105.769, 110, P00, B18, 1
P00, Trade, 85106.192, 103, P00, S17, 1
P00, Trade, 85109.519, 109, P00, B08, 1
P00, Trade, 85115.308, 110, P00, S00, 1
P00, Trade, 85119.731, 111, P00, B23, 1
P00, Trade, 85122.173, 113, P00, S09, 1
P00, Trade, 85123.654, 112, P00, B16, 1
P00, Trade, 85125.462, 106, P00, S08, 1
P00, Trade, 85128.885, 108, P00, B20, 1
P00, Trade, 85133.962, 108, P00, S01, 1
P00, Trade, 85137.308, 109, P00, B19, 1
P00, Trade, 85141.846, 106, P00, S10, 1
P00, Trade, 85144.865, 106, P00, B03, 1
P00, Trade, 85147.962, 103, P00, S00, 1
P00, Trade, 85151.442, 109, P00, B10, 1
P00, Trade, 85156.115, 108, P00, S18, 1
P00, Trade, 85159.500, 107, P00, B08, 1
P00, Trade, 85167.596, 101, P00, S24, 1
P00, Trade, 85171.788, 104, P00, B21, 1
P00, Trade, 85177.654, 104, P00, S16, 1
P00, Trade, 85181.058, 106, P00, B08, 1
P00, Trade, 85189.923, 107, P00, S12, 1
P00, Trade, 85190.808, 111, P00, B01, 1
P00, Trade, 85197.519, 109, P00, S08, 1
P00, Trade, 85200.442, 104, P00, B19, 1
P00, Trade, 85202.346, 98, P00, S01, 1
P00, Trade, 85204.692, 104, P00, B12, 1
P00, Trade, 85214.615, 106, P00, S17, 1
P00, Trade, 85221.404, 109, P00, B20, 1
P00, Trade, 85223.712, 104, P00, S01, 1
P00, Trade, 85233.500, 105, P00, B01, 1
P00, Trade, 85236.635, 104, P00, S04, 1
P00, Trade, 85251.058, 103, P00, B18, 1
P00, Trade, 85252.615, 101, P00, S16, 1
P00, Trade, 85253.635, 103, P00, B10, 1
P00, Trade, 85256.250, 101, P00, S17, 1
P00, Trade, 85260.538, 106, B06, P00, 1
P00, Trade, 85262.923, 104, P00, S11, 1
P00, Trade, 85266.462, 104, P00, B09, 1
P00, Trade, 85271.635, 107, P00, S08, 1
P00, Trade, 85277.712, 113, P00, B16, 1
P00, Trade, 85283.077, 103, P00, S07, 1
P00, Trade, 85285.077, 104, P00, B06, 1
P00, Trade, 85288.981, 102, P00, S00, 1
P00, Trade, 85291.885, 103, P00, B20, 1
P00, Trade, 85294.942, 100, P00, S03, 1
P00, Trade, 85298.192, 103, P00, B20, 1
P00, Trade, 85305.250, 111, P00, S18, 1
P00, Trade, 85309.058, 110, P00, B14, 1
P00, Trade, 85311.808, 103, P00, S05, 1
P00, Trade, 85312.346, 105, P00, B19, 1
P00, Trade, 85321.250, 106, P00, S10, 1
P00, Trade, 85323.712, 109, P00, B18, 1
P00, Trade, 85328.173, 99, P00, S15, 1
P00, Trade, 85330.827, 103, P00, B09, 1
P00, Trade, 85334.115, 99, P00, S24, 1
P00, Trade, 85337.654, 100, P00, B07, 1
P00, Trade, 85341.385, 96, P00, S00, 1
P00, Trade, 85344.135, 102, P00, B20, 1
P00, Trade, 85347.808, 104, P00, S09, 1
P00, Trade, 85350.404, 106, P00, B13, 1
P00, Trade, 85356.058, 102, P00, S04, 1
P00, Trade, 85369.673, 106, P00, B12, 1
P00, Trade, 85373.058, 104, P00, S05, 1
P00, Trade, 85376.500, 102, P00, B12, 1
P00, Trade, 85382.000, 102, P00, S15, 1
P00, Trade, 85387.115, 111, P00, B09, 1
P00, Trade, 85390.115, 109, P00, S03, 1
P00, Trade, 85402.231, 111, P00, B16, 1
P00, Trade, 85404.231, 109, P00, S03, 1
P00, Trade, 85415.404, 105, P00, B18, 1
P00, Trade, 85418.596, 106, P00, S18, 1
P00, Trade, 85430.173, 107, P00, B03, 1
P00, Trade, 85437.462, 109, P00, S17, 1
P00, Trade, 85441.462, 113, P00, B13, 1
P00, Trade, 85445.173, 106, P00, S04, 1
P00, Trade, 85454.250, 104, P00, B04, 1
P00, Trade, 85457.865, 100, P00, S22, 1
P00, Trade, 85459.865, 106, P00, B07, 1
P00, Trade, 85464.827, 103, P00, S00, 1
P00, Trade, 85474.250, 104, P00, B03, 1
P00, Trade, 85478.288, 98, P00, S04, 1
P00, Trade, 85485.942, 107, P00, B01, 1
P00, Trade, 85487.635, 102, P00, S00, 1
P00, Trade, 85488.904, 106, P00, B23, 1
P00, Trade, 85490.000, 104, P00, S24, 1
P00, Trade, 85496.481, 108, P00, B07, 1
P00, Trade, 85497.692, 104, P00, S00, 1
P00, Trade, 85506.231, 106, P00, B19, 1
P00, Trade, 85512.385, 98, P00, S00, 1
P00, Trade, 85519.712, 105, P00, B20, 1
P00, Trade, 85527.615, 103, P00, S13, 1
P00, Trade, 85536.654, 104, P00, B14, 1
P00, Trade, 85545.385, 102, P00, S20, 1
P00, Trade, 85553.365, 103, P00, B07, 1
P00, Trade, 85558.500, 106, P00, S22, 1
P00, Trade, 85565.500, 110, P00, B20, 1
P00, Trade, 85571.981, 104, P00, S24, 1
P00, Trade, 85574.000, 105, P00, B22, 1
P00, Trade, 85580.673, 100, P00, S07, 1
P00, Trade, 85584.365, 107, P00, B13, 1
P00, Trade, 85587.077, 102, P00, S04, 1
P00, Trade, 85593.654, 100, P00, B11, 1
P00, Trade, 85598.654, 104, P00, S11, 1
P00, Trade, 85602.981, 94, P00, B08, 1
P00, Trade, 85611.346, 98, P00, S04, 1
P00, Trade, 85614.096, 106, P00, B12, 1
P00, Trade, 85621.423, 103, P00, S00, 1
P00, Trade, 85626.231, 95, P00, B02, 1
P00, Trade, 85632.365, 94, P00, S16, 1
P00, Trade, 85634.423, 98, P00, B09, 1
P00, Trade, 85637.596, 99, P00, S09, 1
P00, Trade, 85649.135, 98, P00, B12, 1
P00, Trade, 85652.923, 96, P00, S02, 1
P00, Trade, 85654.808, 98, P00, B14, 1
P00, Trade, 85659.462, 99, P00, S00, 1
P00, Trade, 85666.558, 107, P00, B16, 1
P00, Trade, 85670.385, 105, P00, S07, 1
P00, Trade, 85676.981, 107, P00, B09, 1
P00, Trade, 85678.808, 104, S02, P00, 1
P00, Trade, 85682.981, 104, P00, B23, 1
P00, Trade, 85686.673, 99, P00, S06, 1
P00, Trade, 85691.481, 103, P00, B21, 1
P00, Trade, 85699.327, 102, P00, S10, 1
P00, Trade, 85703.288, 101, P00, B12, 1
P00, Trade, 85705.692, 99, P00, S18, 1
P00, Trade, 85711.423, 103, P00, B14, 1
P00, Trade, 85721.192, 98, P00, S09, 1
P00, Trade, 85728.115, 104, P00, B13, 1
P00, Trade, 85729.096, 100, P00, S13, 1
P00, Trade, 85734.154, 101, P00, B16, 1
P00, Trade, 85741.154, 99, P00, S10, 1
P00, Trade, 85745.154, 103, P00, B21, 1
P00, Trade, 85748.288, 101, P00, S17, 1
P00, Trade, 85754.346, 102, P00, B01, 1
P00, Trade, 85760.846, 103, P00, S17, 1
P00, Trade, 85768.404, 106, P00, B09, 1
P00, Trade, 85770.538, 102, P00, S04, 1
P00, Trade, 85773.904, 106, P00, B10, 1
P00, Trade, 85776.173, 103, P00, S18, 1
P00, Trade, 85776.865, 105, P00, B09, 1
P00, Trade, 85779.096, 103, P00, S00, 1
P00, Trade, 85782.192, 107, P00, B08, 1
P00, Trade, 85790.596, 109, P00, S20, 1
P00, Trade, 85794.712, 106, P00, B02, 1
P00, Trade, 85797.942, 102, S08, P00, 1
P00, Trade, 85803.423, 106, P00, B08, 1
P00, Trade, 85805.212, 103, P00, S17, 1
P00, Trade, 85809.096, 105, P00, B00, 1
P00, Trade, 85811.058, 102, P00, S12, 1
P00, Trade, 85812.865, 107, P00, B14, 1
P00, Trade, 85818.135, 103, P00, S21, 1
P00, Trade, 85821.038, 104, P00, B09, 1
P00, Trade, 85829.096, 106, P00, S04, 1
P00, Trade, 85832.346, 107, P00, B07, 1
P00, Trade, 85837.019, 106, P00, S07, 1
P00, Trade, 85839.750, 109, P00, B16, 1
P00, Trade, 85842.712, 108, P00, S18, 1
P00, Trade, 85849.885, 111, P00, B07, 1
P00, Trade, 85853.192, 107, P00, S00, 1
P00, Trade, 85856.942, 106, P00, B00, 1
P00, Trade, 85859.096, 106, P00, S01, 1
P00, Trade, 85860.577, 105, P00, B11, 1
P00, Trade, 85865.962, 106, P00, S16, 1
P00, Trade, 85870.038, 99, P00, B01, 1
P00, Trade, 85880.519, 109, P00, S10, 1
P00, Trade, 85886.404, 110, P00, B09, 1
P00, Trade, 85892.981, 107, P00, S05, 1
P00, Trade, 85898.692, 105, P00, B11, 1
P00, Trade, 85905.750, 109, P00, S19, 1
P00, Trade, 85911.885, 107, P00, B14, 1
P00, Trade, 85923.865, 110, P00, S10, 1
P00, Trade, 85932.269, 110, P00, B10, 1
P00, Trade, 85938.308, 108, P00, S07, 1
P00, Trade, 85950.731, 108, P00, B17, 1
P00, Trade, 85953.808, 107, P00, S00, 1
P00, Trade, 85957.308, 106, P00, B09, 1
P00, Trade, 85960.404, 102, P00, S11, 1
P00, Trade, 85966.288, 107, P00, B22, 1
P00, Trade, 85967.808, 110, P00, S07, 1
P00, Trade, 85970.269, 112, P00, B12, 1
P00, Trade, 85971.942, 107, P00, S07, 1
P00, Trade, 85973.865, 105, P00, B11, 1
P00, Trade, 85981.346, 104, P00, S15, 1
P00, Trade, 85991.269, 97, P00, B12, 1
P00, Trade, 85994.135, 97, P00, S14, 1
P00, Trade, 85997.173, 108, P00, B16, 1
P00, Trade, 85999.212, 103, P00, S15, 1
P00, Trade, 86002.192, 104, P00, B08, 1
P00, Trade, 86006.904, 102, P00, S05, 1
P00, Trade, 86009.769, 103, P00, B09, 1
P00, Trade, 86013.962, 101, P00, S22, 1
P00, Trade, 86023.942, 102, P00, B07, 1
P00, Trade, 86028.981, 105, P00, S15, 1
P00, Trade, 86033.846, 106, P00, B11, 1
P00, Trade, 86036.731, 107, P00, S24, 1
P00, Trade, 86043.058, 108, P00, B11, 1
P00, Trade, 86046.962, 104, P00, S13, 1
P00, Trade, 86052.154, 106, P00, B07, 1
P00, Trade, 86054.923, 103, P00, S23, 1
P00, Trade, 86055.981, 105, P00, B12, 1
P00, Trade, 86060.942, 103, P00, S18, 1
P00, Trade, 86066.327, 106, P00, B18, 1
P00, Trade, 86070.462, 107, P00, S17, 1
P00, Trade, 86074.058, 114, P00, B19, 1
P00, Trade, 86077.269, 108, S13, P00, 1
P00, Trade, 86084.385, 108, P00, B17, 1
P00, Trade, 86089.558, 108, P00, S14, 1
P00, Trade, 86093.885, 102, P00, B08, 1
P00, Trade, 86101.942, 108, P00, S11, 1
P00, Trade, 86106.692, 108, P00, B00, 1
P00, Trade, 86114.942, 107, P00, S15, 1
P00, Trade, 86118.288, 109, P00, B01, 1
P00, Trade, 86126.654, 110, P00, S11, 1
P00, Trade, 86136.635, 105, P00, B11, 1
P00, Trade, 86143.712, 109, P00, S06, 1
P00, Trade, 86145.865, 110, P00, B07, 1
P00, Trade, 86155.635, 109, P00, S10, 1
P00, Trade, 86162.077, 110, P00, B08, 1
P00, Trade, 86167.923, 107, P00, S11, 1
P00, Trade, 86172.942, 109, P00, B18, 1
P00, Trade, 86174.808, 105, P00, S07, 1
P00, Trade, 86179.385, 106, P00, B20, 1
P00, Trade, 86183.481, 110, P00, S10, 1
P00, Trade, 86190.962, 106, P00, B09, 1
P00, Trade, 86199.596, 105, P00, S22, 1
P00, Trade, 86202.288, 109, P00, B24, 1
P00, Trade, 86204.154, 104, P00, S07, 1
P00, Trade, 86213.077, 105, P00, B08, 1
P00, Trade, 86218.058, 99, S01, P00, 1
P00, Trade, 86219.788, 98, P00, B04, 1
P00, Trade, 86223.154, 104, P00, S18, 1
P00, Trade, 86226.019, 105, P00, B09, 1
P00, Trade, 86228.423, 103, P00, S18, 1
P00, Trade, 86232.096, 105, P00, B06, 1
P00, Trade, 86239.192, 106, P00, S16, 1
P00, Trade, 86240.077, 107, B04, P00, 1
P00, Trade, 86242.231, 105, P00, S22, 1
P00, Trade, 86247.212, 106, P00, B00, 1
P00, Trade, 86249.827, 106, P00, S01, 1
P00, Trade, 86255.808, 111, P00, B08, 1
P00, Trade, 86258.615, 108, P00, S20, 1
P00, Trade, 86267.750, 109, P00, B10, 1
P00, Trade, 86276.327, 105, P00, S21, 1
P00, Trade, 86277.923, 105, P00, B12, 1
P00, Trade, 86281.288, 103, P00, S14, 1
P00, Trade, 86282.635, 109, P00, B00, 1
P00, Trade, 86285.462, 108, P00, S10, 1
P00, Trade, 86293.442, 108, P00, B08, 1
P00, Trade, 86303.058, 112, P00, S11, 1
P00, Trade, 86306.558, 111, P00, B02, 1
P00, Trade, 86311.962, 99, P00, S17, 1
P00, Trade, 86314.712, 105, P00, B21, 1
P00, Trade, 86317.942, 106, P00, S16, 1
P00, Trade, 86325.596, 109, P00, B16, 1
P00, Trade, 86328.808, 105, P00, S13, 1
P00, Trade, 86331.519, 103, P00, B19, 1
P00, Trade, 86335.173, 111, P00, S01, 1
P00, Trade, 86345.135, 106, P00, B22, 1
P00, Trade, 86346.962, 102, P00, S22, 1
P00, Trade, 86351.481, 103, P00, B11, 1
P00, Trade, 86354.712, 109, P00, S03, 1
P00, Trade, 86365.000, 109, P00, B19, 1
P00, Trade, 86366.635, 110, P00, S13, 1
P00, Trade, 86371.481, 106, P00, B21, 1
P00, Trade, 86376.519, 113, P00, S01, 1
P00, Trade, 86385.346, 108, P00, B11, 1
P00, Trade, 86394.019, 111, P00, S11, 1
P00, Trade, 86396.673, 112, P00, B08, 1
P01, 324
P01, Trade, 369.327, 153, S04, P01, 1
P01, Trade, 371.404, 163, B12, P01, 1
P01, Trade, 558.019, 151, P01, S16, 1
P01, Trade, 561.615, 158, P01, B04, 1
P01, Trade, 2734.442, 159, P01, S00, 1
P01, Trade, 2739.192, 167, B15, P01, 1
P01, Trade, 3388.519, 171, P01, S18, 1
P01, Trade, 3404.077, 180, B10, P01, 1
P01, Trade, 5833.212, 159, S00, P01, 1
P01, Trade, 5844.635, 168, B06, P01, 1
P01, Trade, 6069.596, 160, S14, P01, 1
P01, Trade, 6073.269, 168, P00, P01, 1
P01, Trade, 6338.385, 159, P01, S17, 1
P01, Trade, 6345.250, 167, B05, P01, 1
P01, Trade, 6508.096, 164, P01, S22, 1
P01, Trade, 6531.558, 171, P01, B10, 1
P01, Trade, 6591.019, 170, P01, S20, 1
P01, Trade, 6726.423, 177, P01, B02, 1
P01, Trade, 7065.115, 177, S14, P01, 1
P01, Trade, 7388.135, 187, B20, P01, 1
P01, Trade, 7929.250, 165, P01, S07, 1
P01, Trade, 7938.981, 173, B13, P01, 1
P01, Trade, 8151.981, 166, S05, P01, 1
P01, Trade, 8199.481, 173, B21, P01, 1
P01, Trade, 8599.769, 152, S00, P01, 1
P01, Trade, 8602.077, 166, B15, P01, 1
P01, Trade, 8836.019, 154, S13, P01, 1
P01, Trade, 8839.942, 174, P00, P01, 1
P01, Trade, 9375.462, 159, S07, P01, 1
P01, Trade, 9384.423, 168, B01, P01, 1
P01, Trade, 11152.115, 168, P01, S10, 1
P01, Trade, 11153.654, 177, B17, P01, 1
P01, Trade, 11188.019, 174, S16, P01, 1
P01, Trade, 11470.250, 186, B17, P01, 1
P01, Trade, 11916.673, 164, P01, S18, 1
P01, Trade, 11966.885, 172, B12, P01, 1
P01, Trade, 12210.404, 167, S12, P01, 1
P01, Trade, 12259.423, 177, B17, P01, 1
P01, Trade, 12808.865, 164, S04, P01, 1
P01, Trade, 12826.327, 173, B21, P01, 1
P01, Trade, 13586.385, 166, S24, P01, 1
P01, Trade, 13600.827, 174, B05, P01, 1
P01, Trade, 14191.481, 152, S09, P01, 1
P01, Trade, 14191.654, 163, P00, P01, 1
P01, Trade, 14578.269, 163, S03, P01, 1
P01, Trade, 14582.692, 170, P01, B01, 1
P01, Trade, 15421.038, 159, S02, P01, 1
P01, Trade, 15424.365, 170, B05, P01, 1
P01, Trade, 16079.038, 169, P01, S08, 1
P01, Trade, 16164.577, 189, B20, P01, 1
P01, Trade, 16167.212, 170, P01, S10, 1
P01, Trade, 16612.885, 179, B21, P01, 1
P01, Trade, 16877.827, 163, S11, P01, 1
P01, Trade, 16887.038, 170, P01, B20, 1
P01, Trade, 17185.288, 163, S07, P01, 1
P01, Trade, 17188.115, 171, B06, P01, 1
P01, Trade, 17665.750, 165, P01, S01, 1
P01, Trade, 17674.077, 173, P00, P01, 1
P01, Trade, 18411.981, 165, P01, S21, 1
P01, Trade, 18420.827, 172, P01, B10, 1
P01, Trade, 19434.635, 157, P01, S06, 1
P01, Trade, 19437.231, 172, B11, P01, 1
P01, Trade, 19910.115, 157, P01, S17, 1
P01, Trade, 19917.038, 168, B12, P01, 1
P01, Trade, 20168.692, 153, S04, P01, 1
P01, Trade, 20171.712, 160, P01, B10, 1
P01, Trade, 21286.288, 163, P01, S06, 1
P01, Trade, 21288.865, 182, B06, P01, 1
P01, Trade, 23050.365, 154, S00, P01, 1
P01, Trade, 23055.269, 164, B06, P01, 1
P01, Trade, 23318.673, 153, P01, S16, 1
P01, Trade, 23322.173, 163, B05, P01, 1
P01, Trade, 24168.712, 157, P01, S15, 1
P01, Trade, 24173.865, 165, B20, P01, 1
P01, Trade, 24961.269, 165, S22, P01, 1
P01, Trade, 25003.500, 172, P01, B16, 1
P01, Trade, 25104.269, 153, S15, P01, 1
P01, Trade, 25108.750, 164, B15, P01, 1
P01, Trade, 25448.019, 162, S10, P01, 1
P01, Trade, 25453.385, 169, B11, P01, 1
P01, Trade, 27211.827, 167, S01, P01, 1
P01, Trade, 27347.058, 175, B09, P01, 1
P01, Trade, 27362.923, 157, S14, P01, 1
P01, Trade, 27374.346, 167, B21, P01, 1
P01, Trade, 28475.462, 152, S19, P01, 1
P01, Trade, 28475.923, 160, B03, P01, 1
P01, Trade, 28639.365, 155, P01, S06, 1
P01, Trade, 28644.923, 165, B21, P01, 1
P01, Trade, 29234.462, 167, P01, S00, 1
P01, Trade, 29300.192, 176, B11, P01, 1
P01, Trade, 29302.346, 164, S02, P01, 1
P01, Trade, 29344.327, 171, P01, B12, 1
P01, Trade, 29379.115, 170, S11, P01, 1
P01, Trade, 29513.519, 177, P01, B22, 1
P01, Trade, 29750.481, 159, P01, S16, 1
P01, Trade, 29752.827, 167, B21, P01, 1
P01, Trade, 30720.615, 152, P01, S09, 1
P01, Trade, 30722.385, 161, B15, P01, 1
P01, Trade, 33557.904, 160, P01, S19, 1
P01, Trade, 33580.423, 169, B21, P01, 1
P01, Trade, 33672.000, 169, S16, P01, 1
P01, Trade, 34061.827, 176, P01, B00, 1
P01, Trade, 34694.462, 165, S16, P01, 1
P01, Trade, 34738.269, 172, B00, P01, 1
P01, Trade, 35367.981, 155, P01, S19, 1
P01, Trade, 35377.827, 163, B08, P01, 1
P01, Trade, 35644.096, 160, S08, P01, 1
P01, Trade, 35793.635, 168, B15, P01, 1
P01, Trade, 35975.942, 154, S16, P01, 1
P01, Trade, 35985.750, 161, B22, P01, 1
P01, Trade, 36540.731, 159, P01, S19, 1
P01, Trade, 36558.154, 166, P01, B10, 1
P01, Trade, 38099.462, 152, S02, P01, 1
P01, Trade, 38114.769, 159, P01, B12, 1
P01, Trade, 38148.038, 152, P01, S18, 1
P01, Trade, 38161.904, 159, P01, B21, 1
P01, Trade, 38564.327, 143, P01, S17, 1
P01, Trade, 38566.096, 151, B24, P01, 1
P01, Trade, 38794.115, 154, P01, S17, 1
P01, Trade, 38796.404, 163, B12, P01, 1
P01, Trade, 39298.673, 153, S21, P01, 1
P01, Trade, 39307.385, 160, P01, B18, 1
P01, Trade, 39887.096, 155, P01, S14, 1
P01, Trade, 39902.962, 163, B18, P01, 1
P01, Trade, 39908.308, 155, P01, S00, 1
P01, Trade, 39987.173, 162, P01, B03, 1
P01, Trade, 40404.250, 140, S18, P01, 1
P01, Trade, 40407.385, 147, B15, P01, 1
P01, Trade, 41189.846, 149, S07, P01, 1
P01, Trade, 41190.788, 158, B04, P01, 1
P01, Trade, 42228.577, 151, P01, S19, 1
P01, Trade, 42283.846, 160, B15, P01, 1
P01, Trade, 43369.538, 138, P01, S15, 1
P01, Trade, 43375.731, 151, B21, P01, 1
P01, Trade, 43525.135, 147, P01, S23, 1
P01, Trade, 43552.962, 156, B08, P01, 1
P01, Trade, 43941.865, 140, P01, S17, 1
P01, Trade, 43952.058, 148, B15, P01, 1
P01, Trade, 44580.231, 150, S06, P01, 1
P01, Trade, 44581.404, 160, B16, P01, 1
P01, Trade, 45149.538, 142, S05, P01, 1
P01, Trade, 45164.135, 154, B03, P01, 1
P01, Trade, 45419.673, 135, P01, S00, 1
P01, Trade, 45424.115, 149, B21, P01, 1
P01, Trade, 45693.577, 150, S15, P01, 1
P01, Trade, 45700.962, 172, B20, P01, 1
P01, Trade, 45705.231, 152, P01, S21, 1
P01, Trade, 45735.654, 160, B16, P01, 1
P01, Trade, 45780.173, 148, P01, S15, 1
P01, Trade, 45803.827, 158, B22, P01, 1
P01, Trade, 45963.404, 155, S05, P01, 1
P01, Trade, 46192.885, 174, B17, P01, 1
P01, Trade, 46201.885, 138, S22, P01, 1
P01, Trade, 46207.500, 149, B15, P01, 1
P01, Trade, 46842.654, 141, P01, S07, 1
P01, Trade, 46847.519, 149, B14, P01, 1
P01, Trade, 47461.981, 139, S03, P01, 1
P01, Trade, 47473.385, 150, B21, P01, 1
P01, Trade, 48484.923, 141, P01, S14, 1
P01, Trade, 48490.577, 149, B21, P01, 1
P01, Trade, 48538.308, 144, P01, S01, 1
P01, Trade, 48550.308, 151, P01, B03, 1
P01, Trade, 49048.250, 151, P00, P01, 1
P01, Trade, 53018.327, 158, P01, B01, 1
P01, Trade, 53355.596, 129, S05, P01, 1
P01, Trade, 53367.058, 136, B16, P01, 1
P01, Trade, 53535.673, 123, S18, P01, 1
P01, Trade, 53537.885, 132, B15, P01, 1
P01, Trade, 53544.154, 127, S04, P01, 1
P01, Trade, 53553.904, 135, P00, P01, 1
P01, Trade, 54149.385, 127, S18, P01, 1
P01, Trade, 54152.096, 140, B13, P01, 1
P01, Trade, 55886.192, 137, P01, S04, 1
P01, Trade, 55912.077, 144, P01, B10, 1
P01, Trade, 56219.942, 139, P01, S06, 1
P01, Trade, 56986.538, 146, P01, B01, 1
P01, Trade, 56993.327, 140, P01, S10, 1
P01, Trade, 57359.904, 147, P01, B12, 1
P01, Trade, 57632.192, 127, P01, S04, 1
P01, Trade, 57665.615, 140, B21, P01, 1
P01, Trade, 58052.962, 121, P01, S08, 1
P01, Trade, 58057.808, 134, B10, P01, 1
P01, Trade, 58710.904, 133, P01, S18, 1
P01, Trade, 58722.769, 142, B12, P01, 1
P01, Trade, 59150.731, 133, S12, P01, 1
P01, Trade, 59164.423, 141, B16, P01, 1
P01, Trade, 59447.135, 117, S13, P01, 1
P01, Trade, 59449.904, 133, B04, P01, 1
P01, Trade, 59622.250, 132, S06, P01, 1
P01, Trade, 60162.615, 139, P01, B08, 1
P01, Trade, 60283.538, 130, S24, P01, 1
P01, Trade, 60326.538, 137, P01, P00, 1
P01, Trade, 60792.173, 125, S14, P01, 1
P01, Trade, 60874.654, 132, B21, P01, 1
P01, Trade, 61166.846, 122, S24, P01, 1
P01, Trade, 61174.808, 129, P01, B06, 1
P01, Trade, 61251.192, 109, S09, P01, 1
P01, Trade, 61253.423, 121, B05, P01, 1
P01, Trade, 61809.904, 122, P01, S00, 1
P01, Trade, 61817.827, 130, B24, P01, 1
P01, Trade, 62016.269, 125, P01, S10, 1
P01, Trade, 62022.981, 132, B05, P01, 1
P01, Trade, 62259.231, 122, P01, S22, 1
P01, Trade, 62263.231, 130, B08, P01, 1
P01, Trade, 62353.115, 108, S04, P01, 1
P01, Trade, 62353.635, 117, B16, P01, 1
P01, Trade, 62589.500, 128, P01, S05, 1
P01, Trade, 62692.442, 135, B00, P01, 1
P01, Trade, 62764.288, 122, S04, P01, 1
P01, Trade, 62768.673, 129, P01, B05, 1
P01, Trade, 64345.519, 120, S01, P01, 1
P01, Trade, 64364.712, 127, P01, B04, 1
P01, Trade, 64378.288, 121, S20, P01, 1
P01, Trade, 64398.596, 128, P01, B03, 1
P01, Trade, 64521.962, 125, S04, P01, 1
P01, Trade, 64649.692, 133, B17, P01, 1
P01, Trade, 64985.885, 117, S02, P01, 1
P01, Trade, 64995.385, 129, B21, P01, 1
P01, Trade, 65184.942, 130, S13, P01, 1
P01, Trade, 66042.423, 137, P01, B00, 1
P01, Trade, 66180.346, 129, S13, P01, 1
P01, Trade, 66257.231, 138, B24, P01, 1
P01, Trade, 67121.077, 131, P01, S20, 1
P01, Trade, 67388.731, 138, P01, B01, 1
P01, Trade, 68432.442, 126, P01, S17, 1
P01, Trade, 68546.808, 134, B13, P01, 1
P01, Trade, 68717.788, 120, P01, S15, 1
P01, Trade, 68727.019, 127, P01, B16, 1
P01, Trade, 68891.692, 124, S10, P01, 1
P01, Trade, 68932.942, 131, P01, B24, 1
P01, Trade, 69441.596, 123, S12, P01, 1
P01, Trade, 69461.904, 130, P01, B17, 1
P01, Trade, 69664.942, 121, S04, P01, 1
P01, Trade, 69679.942, 128, P01, B02, 1
P01, Trade, 69718.981, 123, S11, P01, 1
P01, Trade, 69724.462, 130, P01, B09, 1
P01, Trade, 69836.923, 119, P01, S19, 1
P01, Trade, 69840.712, 127, B21, P01, 1
P01, Trade, 70181.058, 122, S04, P01, 1
P01, Trade, 70183.442, 135, B19, P01, 1
P01, Trade, 71258.923, 128, P01, S03, 1
P01, Trade, 71352.212, 145, P00, P01, 1
P01, Trade, 71357.288, 130, P01, S22, 1
P01, Trade, 71441.692, 140, B03, P01, 1
P01, Trade, 71687.346, 121, P01, S13, 1
P01, Trade, 71687.788, 144, B01, P01, 1
P01, Trade, 71750.846, 119, S10, P01, 1
P01, Trade, 71764.423, 127, B21, P01, 1
P01, Trade, 72042.115, 120, P00, P01, 1
P01, Trade, 72048.269, 127, B13, P01, 1
P01, Trade, 72536.462, 121, P01, S13, 1
P01, Trade, 72545.577, 128, P01, B00, 1
P01, Trade, 72600.519, 129, P01, S15, 1
P01, Trade, 72638.981, 136, B12, P01, 1
P01, Trade, 72750.712, 132, S24, P01, 1
P01, Trade, 72767.788, 139, B02, P01, 1
P01, Trade, 73171.308, 127, S15, P01, 1
P01, Trade, 73177.327, 134, P01, B05, 1
P01, Trade, 73261.769, 130, S15, P01, 1
P01, Trade, 73274.885, 138, B15, P01, 1
P01, Trade, 73915.808, 130, S04, P01, 1
P01, Trade, 73922.712, 139, B05, P01, 1
P01, Trade, 74272.962, 135, P01, S15, 1
P01, Trade, 74360.058, 142, P01, B05, 1
P01, Trade, 74574.577, 132, S11, P01, 1
P01, Trade, 74581.885, 139, P01, B18, 1
P01, Trade, 74725.173, 126, S12, P01, 1
P01, Trade, 74730.750, 135, B23, P01, 1
P01, Trade, 75131.673, 128, S03, P01, 1
P01, Trade, 75178.750, 135, P01, B08, 1
P01, Trade, 75283.154, 131, P01, S24, 1
P01, Trade, 75358.250, 138, P01, B11, 1
P01, Trade, 75702.250, 132, P00, P01, 1
P01, Trade, 75925.981, 144, B16, P01, 1
P01, Trade, 76046.346, 127, S10, P01, 1
P01, Trade, 76080.673, 137, B05, P01, 1
P01, Trade, 76269.538, 82, S16, P01, 1
P01, Trade, 76270.481, 92, B12, P01, 1
P01, Trade, 76392.096, 87, S20, P01, 1
P01, Trade, 78211.692, 117, B24, P01, 1
P01, Trade, 78393.115, 121, P01, S07, 1
P01, Trade, 78431.519, 129, B03, P01, 1
P01, Trade, 78436.769, 128, S19, P01, 1
P01, Trade, 78529.346, 135, P01, B01, 1
P01, Trade, 78534.673, 124, P01, S10, 1
P01, Trade, 78555.673, 131, B17, P01, 1
P01, Trade, 78665.346, 115, S05, P01, 1
P01, Trade, 78672.192, 122, B06, P01, 1
P01, Trade, 78747.288, 114, P01, S00, 1
P01, Trade, 78751.635, 122, B24, P01, 1
P01, Trade, 79223.231, 108, P01, S13, 1
P01, Trade, 79227.231, 123, B14, P01, 1
P01, Trade, 79364.827, 123, P01, S14, 1
P01, Trade, 79685.058, 130, P01, B16, 1
P01, Trade, 79694.904, 115, P01, S11, 1
P01, Trade, 79759.288, 122, P01, B23, 1
P01, Trade, 80319.596, 115, S20, P01, 1
P01, Trade, 80443.846, 122, P01, B22, 1
P01, Trade, 80630.712, 112, P01, S13, 1
P01, Trade, 80633.577, 122, B22, P01, 1
P01, Trade, 80674.942, 126, S16, P01, 1
P01, Trade, 83839.923, 133, P01, B01, 1
P01, Trade, 84064.615, 98, S04, P01, 1
P01, Trade, 84067.019, 105, P01, B19, 1
P01, Trade, 84164.962, 86, S04, P01, 1
P01, Trade, 84168.500, 105, B15, P01, 1
P01, Trade, 84336.808, 107, S16, P01, 1
P01, Trade, 84447.096, 114, P01, B11, 1
P01, Trade, 84587.538, 100, S24, P01, 1
P01, Trade, 84592.231, 107, B04, P01, 1
P01, Trade, 84651.981, 100, P01, S17, 1
P01, Trade, 84669.519, 107, P01, B08, 1
P01, Trade, 85167.769, 101, P01, S00, 1
P01, Trade, 85192.962, 108, P01, B17, 1
P01, Trade, 85471.000, 104, P01, S20, 1
P01, Trade, 86073.154, 111, B14, P01, 1
P01, Trade, 86091.923, 102, S01, P01, 1
P01, Trade, 86098.827, 109, P01, B20, 1
P01, Trade, 86205.788, 99, S23, P01, 1
P01, Trade, 86240.481, 106, P01, B09, 1
P01, Trade, 86309.942, 104, S06, P01, 1
P01, Trade, 86337.077, 111, P01, B15, 1
P01, Trade, 86350.231, 98, S05, P01, 1
P01, Trade, 86356.000, 105, P01, B18, 1
